date,Arizona,Arizona_cum,StatePODs,StatePODs_cum
2021-05-14 00:00:00,19838,5505306,7209.0,1541514.0
2021-05-13 00:00:00,31418,5485468,5984.0,1534305.0
2021-05-12 00:00:00,24182,5454050,2542.0,1528321.0
2021-05-11 00:00:00,21464,5429868,3538.0,1525779.0
2021-05-10 00:00:00,22245,5408404,3503.0,1522241.0
2021-05-09 00:00:00,11779,5386159,5695.0,1518738.0
2021-05-08 00:00:00,22454,5374380,7653.0,1513043.0
2021-05-07 00:00:00,35629,5351926,8285.0,1505390.0
2021-05-06 00:00:00,34956,5316297,6933.0,1497105.0
2021-05-05 00:00:00,32090,5281341,3718.0,1490172.0
2021-05-04 00:00:00,36512,5249251,7900.0,1486454.0
2021-05-03 00:00:00,28949,5212739,3784.0,1478554.0
2021-05-02 00:00:00,20938,5183790,10604.0,1474770.0
2021-05-01 00:00:00,24425,5162852,7321.0,1464166.0
2021-04-30 00:00:00,43048,5138427,8350.0,1456845.0
2021-04-29 00:00:00,43630,5095379,9809.0,1448495.0
2021-04-28 00:00:00,46581,5051749,9575.0,1438686.0
2021-04-27 00:00:00,44884,5005168,10604.0,1429111.0
2021-04-26 00:00:00,41266,4960284,11559.0,1418507.0
2021-04-25 00:00:00,25332,4919018,13541.0,1406948.0
2021-04-24 00:00:00,38920,4893686,14525.0,1393407.0
2021-04-23 00:00:00,55925,4854766,17211.0,1378882.0
2021-04-22 00:00:00,59804,4798841,17939.0,1361671.0
2021-04-21 00:00:00,57760,4739037,16549.0,1343732.0
2021-04-20 00:00:00,52637,4681277,16611.0,1327183.0
2021-04-19 00:00:00,51416,4628640,16501.0,1310572.0
2021-04-18 00:00:00,29122,4577224,15768.0,1294071.0
2021-04-17 00:00:00,42114,4548102,16624.0,1278303.0
2021-04-16 00:00:00,62146,4505988,17751.0,1261679.0
2021-04-15 00:00:00,63568,4443842,17044.0,1243928.0
2021-04-14 00:00:00,59458,4380274,16564.0,1226884.0
2021-04-13 00:00:00,49688,4320816,14773.0,1210320.0
2021-04-12 00:00:00,51867,4271128,13268.0,1195547.0
2021-04-11 00:00:00,30985,4219261,16818.0,1182279.0
2021-04-10 00:00:00,48035,4188276,17696.0,1165461.0
2021-04-09 00:00:00,69734,4140241,18209.0,1147765.0
2021-04-08 00:00:00,75028,4070507,16987.0,1129556.0
2021-04-07 00:00:00,74034,3995479,18041.0,1112569.0
2021-04-06 00:00:00,64918,3921445,16627.0,1094528.0
2021-04-05 00:00:00,57670,3856527,16488.0,1077901.0
2021-04-04 00:00:00,20977,3798857,10412.0,1061413.0
2021-04-03 00:00:00,48726,3777880,23328.0,1051001.0
2021-04-02 00:00:00,67906,3729154,24781.0,1027673.0
2021-04-01 00:00:00,74444,3661248,24097.0,1002892.0
2021-03-31 00:00:00,76374,3586804,24419.0,978795.0
2021-03-30 00:00:00,66567,3510430,24236.0,954376.0
2021-03-29 00:00:00,60435,3443863,24130.0,930140.0
2021-03-28 00:00:00,37907,3383428,22846.0,906010.0
2021-03-27 00:00:00,52781,3345521,22584.0,883164.0
2021-03-26 00:00:00,69920,3292740,23049.0,860580.0
2021-03-25 00:00:00,71281,3222820,22028.0,837531.0
2021-03-24 00:00:00,63487,3151539,19058.0,815503.0
2021-03-23 00:00:00,48962,3088052,12943.0,796445.0
2021-03-22 00:00:00,43422,3039090,12899.0,783502.0
2021-03-21 00:00:00,31205,2995668,17062.0,770603.0
2021-03-20 00:00:00,46611,2964463,17703.0,753541.0
2021-03-19 00:00:00,60288,2917852,17468.0,735838.0
2021-03-18 00:00:00,63890,2857564,16473.0,718370.0
2021-03-17 00:00:00,62733,2793674,16715.0,701897.0
2021-03-16 00:00:00,54880,2730941,14687.0,685182.0
2021-03-15 00:00:00,47425,2676061,13741.0,670495.0
2021-03-14 00:00:00,28826,2628636,16103.0,656754.0
2021-03-13 00:00:00,51602,2599810,17896.0,640651.0
2021-03-12 00:00:00,73168,2548208,16837.0,622755.0
2021-03-11 00:00:00,70740,2475040,17635.0,605918.0
2021-03-10 00:00:00,67367,2404300,16903.0,588283.0
2021-03-09 00:00:00,56845,2336933,16195.0,571380.0
2021-03-08 00:00:00,51103,2280088,16646.0,555185.0
2021-03-07 00:00:00,26068,2228985,16283.0,538539.0
2021-03-06 00:00:00,44683,2202917,16442.0,522256.0
2021-03-05 00:00:00,58690,2158234,16393.0,505814.0
2021-03-04 00:00:00,58210,2099544,15922.0,489421.0
2021-03-03 00:00:00,58734,2041334,15403.0,473499.0
2021-03-02 00:00:00,50954,1982600,14456.0,458096.0
2021-03-01 00:00:00,45612,1931646,12849.0,443640.0
2021-02-28 00:00:00,25613,1886034,15591.0,430791.0
2021-02-27 00:00:00,51771,1860421,15108.0,415200.0
2021-02-26 00:00:00,66878,1808650,13993.0,400092.0
2021-02-25 00:00:00,60475,1741772,13365.0,386099.0
2021-02-24 00:00:00,56952,1681297,13718.0,372734.0
2021-02-23 00:00:00,44137,1624345,12732.0,359016.0
2021-02-22 00:00:00,28051,1580208,11778.0,346284.0
2021-02-21 00:00:00,14899,1552157,10822.0,334506.0
2021-02-20 00:00:00,35210,1537258,11256.0,323684.0
2021-02-19 00:00:00,42749,1502048,10223.0,312428.0
2021-02-18 00:00:00,45021,1459299,9844.0,302205.0
2021-02-17 00:00:00,46988,1414278,10555.0,292361.0
2021-02-16 00:00:00,44541,1367290,11079.0,281806.0
2021-02-15 00:00:00,31285,1322749,11031.0,270727.0
2021-02-14 00:00:00,17340,1291464,10228.0,259696.0
2021-02-13 00:00:00,45630,1274124,10477.0,249468.0
2021-02-12 00:00:00,61546,1228494,11058.0,238991.0
2021-02-11 00:00:00,51165,1166948,10848.0,227933.0
2021-02-10 00:00:00,50427,1115783,11071.0,217085.0
2021-02-09 00:00:00,44206,1065356,11037.0,206014.0
2021-02-08 00:00:00,38751,1021150,13488.0,194977.0
2021-02-07 00:00:00,16321,982399,11448.0,181489.0
2021-02-06 00:00:00,38178,966078,10991.0,170041.0
2021-02-05 00:00:00,43735,927900,9144.0,159050.0
2021-02-04 00:00:00,46453,884165,9951.0,149906.0
2021-02-03 00:00:00,43663,837712,8977.0,139955.0
2021-02-02 00:00:00,38505,794049,8730.0,130978.0
2021-02-01 00:00:00,30048,755544,8254.0,122248.0
2021-01-31 00:00:00,11587,725496,4834.0,113994.0
2021-01-30 00:00:00,26270,713909,4759.0,109160.0
2021-01-29 00:00:00,39726,687639,4955.0,104401.0
2021-01-28 00:00:00,39827,647913,5412.0,99446.0
2021-01-27 00:00:00,39652,608086,5515.0,94034.0
2021-01-26 00:00:00,36706,568434,6136.0,88519.0
2021-01-25 00:00:00,29247,531728,5275.0,82383.0
2021-01-24 00:00:00,16257,502481,5751.0,77108.0
2021-01-23 00:00:00,28553,486224,5761.0,71357.0
2021-01-22 00:00:00,37844,457671,5561.0,65596.0
2021-01-21 00:00:00,35204,419827,6168.0,60035.0
2021-01-20 00:00:00,31638,384623,5694.0,53867.0
2021-01-19 00:00:00,26940,352985,6001.0,48173.0
2021-01-18 00:00:00,18964,326045,6008.0,42172.0
2021-01-17 00:00:00,9314,307081,5971.0,36164.0
2021-01-16 00:00:00,15723,297767,5664.0,30193.0
2021-01-15 00:00:00,24902,282044,5948.0,24529.0
2021-01-14 00:00:00,24656,257142,5885.0,18581.0
2021-01-13 00:00:00,25204,232486,6323.0,12696.0
2021-01-12 00:00:00,23135,207282,5637.0,6373.0
2021-01-11 00:00:00,15709,184147,734.0,736.0
2021-01-10 00:00:00,3210,168438,,
2021-01-09 00:00:00,7928,165228,,
2021-01-08 00:00:00,11960,157300,1.0,2.0
2021-01-07 00:00:00,12549,145340,,
2021-01-06 00:00:00,11881,132791,,
2021-01-05 00:00:00,8862,120910,1.0,1.0
2021-01-04 00:00:00,8607,112048,,
2021-01-03 00:00:00,3200,103441,,
2021-01-02 00:00:00,7553,100241,,
2021-01-01 00:00:00,793,92688,,
2020-12-31 00:00:00,7789,91895,,
2020-12-30 00:00:00,14840,84106,,
2020-12-29 00:00:00,12862,69266,,
2020-12-28 00:00:00,9275,56404,,
2020-12-27 00:00:00,2649,47129,,
2020-12-26 00:00:00,6514,44480,,
2020-12-25 00:00:00,137,37966,,
2020-12-24 00:00:00,3836,37829,,
2020-12-23 00:00:00,9700,33993,,
2020-12-22 00:00:00,7759,24293,,
2020-12-21 00:00:00,5494,16534,,
2020-12-20 00:00:00,1016,11040,,
2020-12-19 00:00:00,2554,10024,,
2020-12-18 00:00:00,3630,7470,,
2020-12-17 00:00:00,3117,3840,,
2020-12-16 00:00:00,565,723,,
2020-12-15 00:00:00,37,158,,
2020-12-14 00:00:00,9,121,,
2020-12-13 00:00:00,3,112,,
2020-12-12 00:00:00,7,109,,
2020-12-11 00:00:00,8,102,,
2020-12-10 00:00:00,7,94,,
2020-12-09 00:00:00,6,87,,
2020-12-08 00:00:00,4,81,,
2020-12-07 00:00:00,4,77,,
2020-12-05 00:00:00,1,73,,
2020-12-04 00:00:00,4,72,,
2020-12-03 00:00:00,10,68,,
2020-12-02 00:00:00,9,58,,
2020-12-01 00:00:00,49,49,,
