date,Maricopa_cume,Maricopa
2020-12-01,155,
2020-12-02,172,17
2020-12-03,181,9
2020-12-04,186,5
2020-12-05,188,2
2020-12-07,197,9
2020-12-08,204,7
2020-12-09,212,8
2020-12-10,226,14
2020-12-11,234,8
2020-12-12,237,3
2020-12-13,242,5
2020-12-14,255,13
2020-12-15,290,35
2020-12-16,341,51
2020-12-17,1596,1255
2020-12-18,3265,1669
2020-12-19,4921,1656
2020-12-20,5916,995
2020-12-21,9078,3162
2020-12-22,13165,4087
2020-12-23,17862,4697
2020-12-24,19419,1557
2020-12-25,19424,5
2020-12-26,24369,4945
2020-12-27,26602,2233
2020-12-28,31753,5151
2020-12-29,39514,7761
2020-12-30,48046,8532
2020-12-31,52053,4007
2021-01-01,53419,1366
2021-01-02,59455,6036
2021-01-03,62006,2551
2021-01-04,66669,4663
2021-01-05,70991,4322
2021-01-06,75880,4889
2021-01-07,81182,5302
2021-01-08,85751,4569
2021-01-09,90377,4626
2021-01-10,92983,2606
2021-01-11,102507,9524
2021-01-12,118437,15930
2021-01-13,135630,17193
2021-01-14,152233,16603
2021-01-15,167520,15287
2021-01-16,179018,11498
2021-01-17,187376,8358
2021-01-18,200117,12741
2021-01-19,217708,17591
2021-01-20,236478,18770
2021-01-21,256247,19769
2021-01-22,278335,22088
2021-01-23,297253,18918
2021-01-24,309561,12308
2021-01-25,325748,16187
2021-01-26,347926,22178
2021-01-27,368278,20352
2021-01-28,387203,18925
2021-01-29,408658,21455
2021-01-30,424150,15492
2021-01-31,432200,8050
2021-02-01,450273,18073
2021-02-02,472464,22191
2021-02-03,494535,22071
2021-02-04,519747,25212
2021-02-05,542425,22678
2021-02-06,566412,23987
2021-02-07,579314,12902
2021-02-08,602939,23625
2021-02-09,630298,27359
2021-02-10,656372,26074
2021-02-11,682783,26411
2021-02-12,718346,35563
2021-02-13,746288,27942
2021-02-14,759519,13231
2021-02-15,779041,19522
2021-02-16,806698,27657
2021-02-17,835234,28536
2021-02-18,863450,28216
2021-02-19,892092,28642
2021-02-20,917483,25391
2021-02-21,930630,13147
2021-02-22,949514,18884
2021-02-23,978356,28842
2021-02-24,1009330,30974
2021-02-25,1039068,29738
2021-02-26,1075617,36549
2021-02-27,1106106,30489
2021-02-28,1123485,17379
2021-03-01,1149828,26343
2021-03-02,1177628,27800
2021-03-03,1207396,29768
2021-03-04,1238100,30704
2021-03-05,1270085,31985
2021-03-06,1297194,27109
2021-03-07,1314685,17491
2021-03-08,1344135,29450
2021-03-09,1375755,31620
2021-03-10,1410924,35169
2021-03-11,1447449,36525
2021-03-12,1488623,41174
2021-03-13,1519891,31268
2021-03-14,1539703,19812
2021-03-15,1567679,27976
2021-03-16,1598582,30903
2021-03-17,1634544,35962
2021-03-18,1670463,35919
2021-03-19,1704793,34330
2021-03-20,1736304,31511
2021-03-21,1758301,21997
2021-03-22,1784414,26113
2021-03-23,1811171,26757
2021-03-24,1847028,35857
2021-03-25,1887835,40807
2021-03-26,1928184,40349
2021-03-27,1963577,35393
2021-03-28,1990720,27143
2021-03-29,2029677,38957
2021-03-30,2069684,40007
2021-03-31,2114430,44746
2021-04-01,2161863,47433
2021-04-02,2204001,42138
2021-04-03,2235649,31648
2021-04-04,2247999,12350
2021-04-05,2282583,34584
2021-04-06,2321282,38699
2021-04-07,2365191,43909
2021-04-08,2410295,45104
2021-04-09,2451143,40848
2021-04-10,2482774,31631
2021-04-11,2504948,22174
2021-04-12,2535835,30887
2021-04-13,2566255,30420
2021-04-14,2600421,34166
2021-04-15,2637106,36685
2021-04-16,2673358,36252
2021-04-17,2701513,28155
2021-04-18,2722611,21098
2021-04-19,2754989,32378
2021-04-20,2788127,33138
2021-04-21,2825513,37386
2021-04-22,2863160,37647
2021-04-23,2896707,33547
2021-04-24,2920755,24048
2021-04-25,2938205,17450
2021-04-26,2964773,26568
2021-04-27,2991698,26925
2021-04-28,3019350,27652
2021-04-29,3044923,25573
2021-04-30,3070749,25826
2021-05-01,3088940,18191
2021-05-02,3104335,15395
2021-05-03,3120840,16505
2021-05-04,3144670,23830
2021-05-05,3163483,18813
2021-05-06,3186218,22735
2021-05-07,3209952,23734
2021-05-08,3228602,18650
2021-05-09,3238018,9416
2021-05-10,3253973,15955
2021-05-11,3270815,16842
2021-05-12,3289072,18257
2021-05-13,3313351,24279
2021-05-14,3337610,24259
2021-05-15,3357316,19706
2021-05-16,3369169,11853
2021-05-17,3388673,19504
2021-05-18,3405891,17218
2021-05-19,3429128,23237
2021-05-20,3448229,19101
2021-05-21,3469670,21441
2021-05-22,3487033,17363
2021-05-23,3494637,7604
2021-05-24,3508860,14223
2021-05-25,3521615,12755
2021-05-26,3535749,14134
2021-05-27,3548719,12970
2021-05-28,3563124,14405
2021-05-29,3572466,9342
2021-05-30,3577738,5272
2021-05-31,3580649,2911
2021-06-01,3593682,13033
2021-06-02,3605297,11615
2021-06-03,3619581,14284
2021-06-04,3635564,15983
2021-06-05,3649125,13561
2021-06-06,3655820,6695
2021-06-07,3667778,11958
2021-06-08,3679207,11429
2021-06-09,3690551,11344
2021-06-10,3703450,12899
2021-06-11,3719741,16291
2021-06-12,3731150,11409
2021-06-13,3736835,5685
2021-06-14,3747425,10590
2021-06-15,3757584,10159
2021-06-16,3767670,10086
2021-06-17,3777125,9455
2021-06-18,3788942,11817
2021-06-19,3796292,7350
2021-06-20,3800218,3926
2021-06-21,3807144,6926
2021-06-22,3814941,7797
2021-06-23,3823170,8229
2021-06-24,3830804,7634
2021-06-25,3840481,9677
2021-06-26,3847276,6795
2021-06-27,3851408,4132
2021-06-28,3858742,7334
2021-06-29,3865762,7020
2021-06-30,3872813,7051
2021-07-01,3879786,6973
2021-07-02,3887910,8124
2021-07-03,3893059,5149
2021-07-04,3893919,860
2021-07-05,3900143,6224
2021-07-06,3906661,6518
2021-07-07,3913205,6544
2021-07-08,3919546,6341
2021-07-09,3929630,10084
2021-07-10,3936825,7195
2021-07-11,3940465,3640
2021-07-12,3947206,6741
2021-07-13,3953148,5942
2021-07-14,3959190,6042
2021-07-15,3965185,5995
2021-07-16,3973373,8188
2021-07-17,3978858,5485
2021-07-18,3982455,3597
2021-07-19,3990257,7802
2021-07-20,3997241,6984
2021-07-21,4004971,7730
2021-07-22,4012885,7914
2021-07-23,4022819,9934
2021-07-24,4029911,7092
2021-07-25,4034557,4646
2021-07-26,4043210,8653
2021-07-27,4051590,8380
2021-07-28,4060106,8516
2021-07-29,4068640,8534
2021-07-30,4081205,12565
2021-07-31,4089827,8622
2021-08-01,4095144,5317
2021-08-02,4104428,9284
2021-08-03,4112632,8204
2021-08-04,4121283,8651
2021-08-05,4129683,8400
2021-08-06,4141436,11753
2021-08-07,4150194,8758
2021-08-08,4155510,5316
2021-08-09,4164799,9289
2021-08-10,4173319,8520
2021-08-11,4181991,8672
2021-08-12,4191122,9131
2021-08-13,4202919,11797
2021-08-14,4212178,9259
2021-08-15,4217976,5798
2021-08-16,4228376,10400
2021-08-17,4238170,9794
2021-08-18,4247938,9768
2021-08-19,4257052,9114
2021-08-20,4269187,12135
2021-08-21,4277718,8531
2021-08-22,4283080,5362
2021-08-23,4293202,10122
2021-08-24,4302615,9413
2021-08-25,4311992,9377
2021-08-26,4321092,9100
2021-08-27,4333146,12054
2021-08-28,4342429,9283
2021-08-29,4347716,5287
2021-08-30,4356979,9263
2021-08-31,4365061,8082
2021-09-01,4373921,8860
2021-09-02,4380591,6670
2021-09-03,4391492,10901
2021-09-04,4398553,7061
2021-09-05,4402999,4446
2021-09-06,4404412,1413
2021-09-07,4412867,8455
2021-09-08,4420879,8012
2021-09-09,4427363,6484
2021-09-10,4437634,10271
2021-09-11,4444879,7245
2021-09-12,4449183,4304
2021-09-13,4457696,8513
2021-09-14,4465077,7381
2021-09-15,4469344,4267
2021-09-16,4475175,5831
2021-09-17,4484424,9249
2021-09-18,4491111,6687
2021-09-19,4494780,3669
2021-09-20,4499068,4288
2021-09-21,4505686,6618
2021-09-22,4512631,6945
2021-09-23,4519476,6845
2021-09-24,4532992,13516
2021-09-25,4543430,10438
2021-09-26,4549366,5936
2021-09-27,4563838,14472
2021-09-28,4577641,13803
2021-09-29,4591538,13897
2021-09-30,4605485,13947
2021-10-01,4620898,15413
2021-10-02,4629277,8379
2021-10-03,4633543,4266
2021-10-04,4646183,12640
2021-10-05,4658719,12536
2021-10-06,4669694,10975
2021-10-07,4678851,9157
2021-10-08,4689507,10656
2021-10-09,4697098,7591
2021-10-10,4702045,4947
2021-10-11,4713666,11621
2021-10-12,4719757,6091
2021-10-13,4728519,8762
2021-10-14,4739212,10693
2021-10-15,4751045,11833
2021-10-16,4757677,6632
2021-10-17,4762072,4395
2021-10-18,4772636,10564
2021-10-19,4782425,9789
2021-10-20,4792179,9754
2021-10-21,4801248,9069
2021-10-22,4814755,13507
2021-10-23,4823158,8403
2021-10-24,4828623,5465
2021-10-25,4842253,13630
2021-10-26,4855072,12819
2021-10-27,4867865,12793
2021-10-28,4879911,12046
2021-10-29,4893369,13458
2021-10-30,4900130,6761
2021-10-31,4903706,3576
2021-11-01,4914271,10565
2021-11-02,4925344,11073
2021-11-03,4934457,9113
2021-11-04,4945336,10879
2021-11-05,4960232,14896
2021-11-06,4972213,11981
2021-11-07,4978014,5801
2021-11-08,4991398,13384
2021-11-09,5004297,12899
2021-11-10,5018130,13833
2021-11-11,5032509,14379
2021-11-12,5047633,15124
2021-11-13,5059591,11958
2021-11-14,5065329,5738
2021-11-15,5079481,14152
2021-11-16,5092319,12838
2021-11-17,5106617,14298
2021-11-18,5121125,14508
2021-11-19,5138368,17243
2021-11-20,5152169,13801
2021-11-21,5159165,6996
2021-11-22,5175200,16035
2021-11-23,5191888,16688
2021-11-24,5206852,14964
2021-11-25,5206951,99
2021-11-26,5219303,12352
2021-11-27,5228439,9136
2021-11-28,5235137,6698
2021-11-29,5251033,15896
2021-11-30,5266915,15882
2021-12-01,5285392,18477
2021-12-02,5302008,16616
2021-12-03,5320597,18589
2021-12-04,5335228,14631
2021-12-05,5342219,6991
2021-12-06,5358949,16730
2021-12-07,5375549,16600
2021-12-08,5392385,16836
2021-12-09,5410532,18147
2021-12-10,5427476,16944
2021-12-11,5436400,8924
2021-12-12,5438209,1809
