date,Arizona_cume,Arizona
2020-12-01,236,
2020-12-02,257,21
2020-12-03,278,21
2020-12-04,287,9
2020-12-05,291,4
2020-12-06,295,4
2020-12-07,316,21
2020-12-08,330,14
2020-12-09,349,19
2020-12-10,370,21
2020-12-11,388,18
2020-12-12,401,13
2020-12-13,410,9
2020-12-14,433,23
2020-12-15,524,91
2020-12-16,1168,644
2020-12-17,4433,3265
2020-12-18,8160,3727
2020-12-19,10738,2578
2020-12-20,11824,1086
2020-12-21,17407,5583
2020-12-22,25256,7849
2020-12-23,35157,9901
2020-12-24,39042,3885
2020-12-25,39187,145
2020-12-26,45747,6560
2020-12-27,48421,2674
2020-12-28,57941,9520
2020-12-29,71269,13328
2020-12-30,86447,15178
2020-12-31,94554,8107
2021-01-01,97227,2673
2021-01-02,104983,7756
2021-01-03,108245,3262
2021-01-04,117223,8978
2021-01-05,126510,9287
2021-01-06,138798,12288
2021-01-07,151719,12921
2021-01-08,163954,12235
2021-01-09,171960,8006
2021-01-10,175281,3321
2021-01-11,191320,16039
2021-01-12,214795,23475
2021-01-13,240401,25606
2021-01-14,265447,25046
2021-01-15,290997,25550
2021-01-16,306902,15905
2021-01-17,316332,9430
2021-01-18,335825,19493
2021-01-19,363302,27477
2021-01-20,395900,32598
2021-01-21,431552,35652
2021-01-22,470186,38634
2021-01-23,499135,28949
2021-01-24,515485,16350
2021-01-25,545702,30217
2021-01-26,583078,37376
2021-01-27,623542,40464
2021-01-28,664141,40599
2021-01-29,704619,40478
2021-01-30,731134,26515
2021-01-31,742975,11841
2021-02-01,777322,34347
2021-02-02,817148,39826
2021-02-03,861892,44744
2021-02-04,909575,47683
2021-02-05,954573,44998
2021-02-06,993893,39320
2021-02-07,1010427,16534
2021-02-08,1050086,39659
2021-02-09,1095052,44966
2021-02-10,1146914,51862
2021-02-11,1199490,52576
2021-02-12,1262248,62758
2021-02-13,1308866,46618
2021-02-14,1326452,17586
2021-02-15,1358699,32247
2021-02-16,1404146,45447
2021-02-17,1452217,48071
2021-02-18,1498330,46113
2021-02-19,1542197,43867
2021-02-20,1578129,35932
2021-02-21,1593540,15411
2021-02-22,1622958,29418
2021-02-23,1668061,45103
2021-02-24,1726064,58003
2021-02-25,1787508,61444
2021-02-26,1855553,68045
2021-02-27,1907910,52357
2021-02-28,1934342,26432
2021-03-01,1986017,51675
2021-03-02,2038105,52088
2021-03-03,2097934,59829
2021-03-04,2157566,59632
2021-03-05,2218266,60700
2021-03-06,2264563,46297
2021-03-07,2291011,26448
2021-03-08,2343460,52449
2021-03-09,2401593,58133
2021-03-10,2470862,69269
2021-03-11,2543570,72708
2021-03-12,2618379,74809
2021-03-13,2671840,53461
2021-03-14,2701000,29160
2021-03-15,2750451,49451
2021-03-16,2806835,56384
2021-03-17,2871440,64605
2021-03-18,2937164,65724
2021-03-19,2999086,61922
2021-03-20,3047336,48250
2021-03-21,3079525,32189
2021-03-22,3124740,45215
2021-03-23,3175076,50336
2021-03-24,3240193,65117
2021-03-25,3313482,73289
2021-03-26,3385760,72278
2021-03-27,3440086,54326
2021-03-28,3479061,38975
2021-03-29,3542097,63036
2021-03-30,3611090,68993
2021-03-31,3690228,79138
2021-04-01,3771193,80965
2021-04-02,3841803,70610
2021-04-03,3892258,50455
2021-04-04,3913636,21378
2021-04-05,3973423,59787
2021-04-06,4040836,67413
2021-04-07,4117377,76541
2021-04-08,4195534,78157
2021-04-09,4267492,71958
2021-04-10,4317438,49946
2021-04-11,4348786,31348
2021-04-12,4402250,53464
2021-04-13,4453172,50922
2021-04-14,4514058,60886
2021-04-15,4579378,65320
2021-04-16,4643182,63804
2021-04-17,4686478,43296
2021-04-18,4716635,30157
2021-04-19,4770080,53445
2021-04-20,4825596,55516
2021-04-21,4888465,62869
2021-04-22,4951761,63296
2021-04-23,5010833,59072
2021-04-24,5051022,40189
2021-04-25,5076928,25906
2021-04-26,5124177,47249
2021-04-27,5174049,49872
2021-04-28,5224522,50473
2021-04-29,5271077,46555
2021-04-30,5317091,46014
2021-05-01,5345412,28321
2021-05-02,5366643,21231
2021-05-03,5397222,30579
2021-05-04,5436901,39679
2021-05-05,5472629,35728
2021-05-06,5510699,38070
2021-05-07,5549562,38863
2021-05-08,5576455,26893
2021-05-09,5589392,12937
2021-05-10,5615735,26343
2021-05-11,5642295,26560
2021-05-12,5673170,30875
2021-05-13,5712995,39825
2021-05-14,5753205,40210
2021-05-15,5784277,31072
2021-05-16,5801530,17253
2021-05-17,5834146,32616
2021-05-18,5862163,28017
2021-05-19,5898582,36419
2021-05-20,5929601,31019
2021-05-21,5963718,34117
2021-05-22,5989893,26175
2021-05-23,6000807,10914
2021-05-24,6023562,22755
2021-05-25,6045263,21701
2021-05-26,6068777,23514
2021-05-27,6090413,21636
2021-05-28,6114558,24145
2021-05-29,6127860,13302
2021-05-30,6135308,7448
2021-05-31,6139823,4515
2021-06-01,6161004,21181
2021-06-02,6181468,20464
2021-06-03,6204945,23477
2021-06-04,6231299,26354
2021-06-05,6251982,20683
2021-06-06,6261718,9736
2021-06-07,6281788,20070
2021-06-08,6300899,19111
2021-06-09,6321406,20507
2021-06-10,6342079,20673
2021-06-11,6367619,25540
2021-06-12,6384519,16900
2021-06-13,6392567,8048
2021-06-14,6410301,17734
2021-06-15,6426626,16325
2021-06-16,6443266,16640
2021-06-17,6459409,16143
2021-06-18,6478413,19004
2021-06-19,6489565,11152
2021-06-20,6495326,5761
2021-06-21,6506981,11655
2021-06-22,6520995,14014
2021-06-23,6536194,15199
2021-06-24,6550487,14293
2021-06-25,6566789,16302
2021-06-26,6576749,9960
2021-06-27,6582678,5929
2021-06-28,6594554,11876
2021-06-29,6606499,11945
2021-06-30,6619572,13073
2021-07-01,6632383,12811
2021-07-02,6645726,13343
2021-07-03,6653422,7696
2021-07-04,6654754,1332
2021-07-05,6664087,9333
2021-07-06,6675040,10953
2021-07-07,6686270,11230
2021-07-08,6697356,11086
2021-07-09,6712559,15203
2021-07-10,6722655,10096
2021-07-11,6727663,5008
2021-07-12,6738760,11097
2021-07-13,6748812,10052
2021-07-14,6759397,10585
2021-07-15,6770116,10719
2021-07-16,6783769,13653
2021-07-17,6792255,8486
2021-07-18,6797591,5336
2021-07-19,6810040,12449
2021-07-20,6821852,11812
2021-07-21,6834770,12918
2021-07-22,6847842,13072
2021-07-23,6863833,15991
2021-07-24,6874573,10740
2021-07-25,6881239,6666
2021-07-26,6895221,13982
2021-07-27,6909260,14039
2021-07-28,6923968,14708
2021-07-29,6938340,14372
2021-07-30,6957820,19480
2021-07-31,6971216,13396
2021-08-01,6978929,7713
2021-08-02,6993934,15005
2021-08-03,7007704,13770
2021-08-04,7022203,14499
2021-08-05,7036426,14223
2021-08-06,7056177,19751
2021-08-07,7069308,13131
2021-08-08,7077019,7711
2021-08-09,7092465,15446
2021-08-10,7106818,14353
2021-08-11,7121143,14325
2021-08-12,7136379,15236
2021-08-13,7157005,20626
2021-08-14,7170953,13948
2021-08-15,7179519,8566
2021-08-16,7196648,17129
2021-08-17,7212954,16306
2021-08-18,7229830,16876
2021-08-19,7245383,15553
2021-08-20,7265511,20128
2021-08-21,7279426,13915
2021-08-22,7287490,8064
2021-08-23,7304344,16854
2021-08-24,7320480,16136
2021-08-25,7336625,16145
2021-08-26,7352333,15708
2021-08-27,7372885,20552
2021-08-28,7386496,13611
2021-08-29,7394576,8080
2021-08-30,7410035,15459
2021-08-31,7423297,13262
2021-09-01,7437627,14330
2021-09-02,7448984,11357
2021-09-03,7467257,18273
2021-09-04,7477840,10583
2021-09-05,7484380,6540
2021-09-06,7486751,2371
2021-09-07,7500476,13725
2021-09-08,7513521,13045
2021-09-09,7524510,10989
2021-09-10,7541380,16870
2021-09-11,7552576,11196
2021-09-12,7559167,6591
2021-09-13,7572799,13632
2021-09-14,7585138,12339
2021-09-15,7592678,7540
2021-09-16,7602687,10009
2021-09-17,7618399,15712
2021-09-18,7628370,9971
2021-09-19,7633838,5468
2021-09-20,7641158,7320
2021-09-21,7651965,10807
2021-09-22,7663291,11326
2021-09-23,7674320,11029
2021-09-24,7694564,20244
2021-09-25,7709721,15157
2021-09-26,7718464,8743
2021-09-27,7738840,20376
2021-09-28,7758917,20077
2021-09-29,7779380,20463
2021-09-30,7800075,20695
2021-10-01,7822827,22752
2021-10-02,7834774,11947
2021-10-03,7841171,6397
2021-10-04,7859623,18452
2021-10-05,7878441,18818
2021-10-06,7895147,16706
2021-10-07,7909594,14447
2021-10-08,7926481,16887
2021-10-09,7937475,10994
2021-10-10,7944668,7193
2021-10-11,7961690,17022
2021-10-12,7971213,9523
2021-10-13,7984339,13126
2021-10-14,8000496,16157
2021-10-15,8018023,17527
2021-10-16,8028263,10240
2021-10-17,8034598,6335
2021-10-18,8050195,15597
2021-10-19,8064817,14622
2021-10-20,8079247,14430
2021-10-21,8093534,14287
2021-10-22,8117891,24357
2021-10-23,8132980,15089
2021-10-24,8142705,9725
2021-10-25,8168629,25924
2021-10-26,8193764,25135
2021-10-27,8220208,26444
2021-10-28,8246079,25871
2021-10-29,8272974,26895
2021-10-30,8285357,12383
2021-10-31,8292245,6888
2021-11-01,8314049,21804
2021-11-02,8337292,23243
2021-11-03,8357338,20046
2021-11-04,8381664,24326
2021-11-05,8410964,29300
2021-11-06,8430587,19623
2021-11-07,8442243,11656
2021-11-08,8469133,26890
2021-11-09,8495434,26301
2021-11-10,8523317,27883
2021-11-11,8547963,24646
2021-11-12,8576802,28839
2021-11-13,8597411,20609
2021-11-14,8608903,11492
2021-11-15,8635415,26512
2021-11-16,8646109,10694
