date,Arizona_cume,Arizona
2020-12-01 00:00:00,97,
2020-12-02 00:00:00,111,14
2020-12-03 00:00:00,122,11
2020-12-04 00:00:00,127,5
2020-12-05 00:00:00,129,2
2020-12-06 00:00:00,131,2
2020-12-07 00:00:00,139,8
2020-12-08 00:00:00,145,6
2020-12-09 00:00:00,153,8
2020-12-10 00:00:00,166,13
2020-12-11 00:00:00,178,12
2020-12-12 00:00:00,185,7
2020-12-13 00:00:00,190,5
2020-12-14 00:00:00,204,14
2020-12-15 00:00:00,252,48
2020-12-16 00:00:00,839,587
2020-12-17 00:00:00,3999,3160
2020-12-18 00:00:00,7645,3646
2020-12-19 00:00:00,10204,2559
2020-12-20 00:00:00,11233,1029
2020-12-21 00:00:00,16752,5519
2020-12-22 00:00:00,24548,7796
2020-12-23 00:00:00,34267,9719
2020-12-24 00:00:00,38117,3850
2020-12-25 00:00:00,38256,139
2020-12-26 00:00:00,44784,6528
2020-12-27 00:00:00,47439,2655
2020-12-28 00:00:00,56852,9413
2020-12-29 00:00:00,69749,12897
2020-12-30 00:00:00,84621,14872
2020-12-31 00:00:00,92440,7819
2021-01-01 00:00:00,93730,1290
2021-01-02 00:00:00,101330,7600
2021-01-03 00:00:00,104547,3217
2021-01-04 00:00:00,113271,8724
2021-01-05 00:00:00,122264,8993
2021-01-06 00:00:00,134213,11949
2021-01-07 00:00:00,146849,12636
2021-01-08 00:00:00,158887,12038
2021-01-09 00:00:00,166844,7957
2021-01-10 00:00:00,170089,3245
2021-01-11 00:00:00,185887,15798
2021-01-12 00:00:00,209121,23234
2021-01-13 00:00:00,234451,25330
2021-01-14 00:00:00,259213,24762
2021-01-15 00:00:00,284287,25074
2021-01-16 00:00:00,300078,15791
2021-01-17 00:00:00,309432,9354
2021-01-18 00:00:00,328505,19073
2021-01-19 00:00:00,355605,27100
2021-01-20 00:00:00,387709,32104
2021-01-21 00:00:00,422864,35155
2021-01-22 00:00:00,460921,38057
2021-01-23 00:00:00,489698,28777
2021-01-24 00:00:00,505940,16242
2021-01-25 00:00:00,535513,29573
2021-01-26 00:00:00,572336,36823
2021-01-27 00:00:00,612278,39942
2021-01-28 00:00:00,652302,40024
2021-01-29 00:00:00,692302,40000
2021-01-30 00:00:00,718656,26354
2021-01-31 00:00:00,730284,11628
2021-02-01 00:00:00,761646,31362
2021-02-02 00:00:00,800619,38973
2021-02-03 00:00:00,844627,44008
2021-02-04 00:00:00,891523,46896
2021-02-05 00:00:00,935591,44068
2021-02-06 00:00:00,974028,38437
2021-02-07 00:00:00,990433,16405
2021-02-08 00:00:00,1029450,39017
2021-02-09 00:00:00,1073918,44468
2021-02-10 00:00:00,1124857,50939
2021-02-11 00:00:00,1176632,51775
2021-02-12 00:00:00,1238669,62037
2021-02-13 00:00:00,1284438,45769
2021-02-14 00:00:00,1301872,17434
2021-02-15 00:00:00,1333493,31621
2021-02-16 00:00:00,1378323,44830
2021-02-17 00:00:00,1425712,47389
2021-02-18 00:00:00,1471032,45320
2021-02-19 00:00:00,1514068,43036
2021-02-20 00:00:00,1549534,35466
2021-02-21 00:00:00,1564595,15061
2021-02-22 00:00:00,1593111,28516
2021-02-23 00:00:00,1637573,44462
2021-02-24 00:00:00,1694868,57295
2021-02-25 00:00:00,1755581,60713
2021-02-26 00:00:00,1822848,67267
2021-02-27 00:00:00,1874723,51875
2021-02-28 00:00:00,1900557,25834
2021-03-01 00:00:00,1947930,47373
2021-03-02 00:00:00,1999203,51273
2021-03-03 00:00:00,2058298,59095
2021-03-04 00:00:00,2117248,58950
2021-03-05 00:00:00,2176880,59632
2021-03-06 00:00:00,2222250,45370
2021-03-07 00:00:00,2248457,26207
2021-03-08 00:00:00,2300112,51655
2021-03-09 00:00:00,2357483,57371
2021-03-10 00:00:00,2425609,68126
2021-03-11 00:00:00,2497358,71749
2021-03-12 00:00:00,2571275,73917
2021-03-13 00:00:00,2623701,52426
2021-03-14 00:00:00,2652662,28961
2021-03-15 00:00:00,2700996,48334
2021-03-16 00:00:00,2756715,55719
2021-03-17 00:00:00,2820253,63538
2021-03-18 00:00:00,2885128,64875
2021-03-19 00:00:00,2946132,61004
2021-03-20 00:00:00,2993630,47498
2021-03-21 00:00:00,3025416,31786
2021-03-22 00:00:00,3069712,44296
2021-03-23 00:00:00,3119384,49672
2021-03-24 00:00:00,3183824,64440
2021-03-25 00:00:00,3256361,72537
2021-03-26 00:00:00,3327735,71374
2021-03-27 00:00:00,3381695,53960
2021-03-28 00:00:00,3420336,38641
2021-03-29 00:00:00,3482572,62236
2021-03-30 00:00:00,3550785,68213
2021-03-31 00:00:00,3629082,78297
2021-04-01 00:00:00,3706351,77269
2021-04-02 00:00:00,3776249,69898
2021-04-03 00:00:00,3826383,50134
2021-04-04 00:00:00,3847548,21165
2021-04-05 00:00:00,3906638,59090
2021-04-06 00:00:00,3973381,66743
2021-04-07 00:00:00,4049323,75942
2021-04-08 00:00:00,4126736,77413
2021-04-09 00:00:00,4197943,71207
2021-04-10 00:00:00,4247531,49588
2021-04-11 00:00:00,4278710,31179
2021-04-12 00:00:00,4331504,52794
2021-04-13 00:00:00,4381944,50440
2021-04-14 00:00:00,4442252,60308
2021-04-15 00:00:00,4506840,64588
2021-04-16 00:00:00,4569805,62965
2021-04-17 00:00:00,4612628,42823
2021-04-18 00:00:00,4642402,29774
2021-04-19 00:00:00,4695442,53040
2021-04-20 00:00:00,4750485,55043
2021-04-21 00:00:00,4812793,62308
2021-04-22 00:00:00,4875527,62734
2021-04-23 00:00:00,4934185,58658
2021-04-24 00:00:00,4974142,39957
2021-04-25 00:00:00,4999908,25766
2021-04-26 00:00:00,5046758,46850
2021-04-27 00:00:00,5096150,49392
2021-04-28 00:00:00,5146113,49963
2021-04-29 00:00:00,5192174,46061
2021-04-30 00:00:00,5237624,45450
2021-05-01 00:00:00,5264300,26676
2021-05-02 00:00:00,5285411,21111
2021-05-03 00:00:00,5315494,30083
2021-05-04 00:00:00,5354812,39318
2021-05-05 00:00:00,5390216,35404
2021-05-06 00:00:00,5427956,37740
2021-05-07 00:00:00,5466535,38579
2021-05-08 00:00:00,5493181,26646
2021-05-09 00:00:00,5506038,12857
2021-05-10 00:00:00,5532132,26094
2021-05-11 00:00:00,5558374,26242
2021-05-12 00:00:00,5588966,30592
2021-05-13 00:00:00,5628531,39565
2021-05-14 00:00:00,5668179,39648
2021-05-15 00:00:00,5698655,30476
2021-05-16 00:00:00,5715583,16928
2021-05-17 00:00:00,5747976,32393
2021-05-18 00:00:00,5775761,27785
2021-05-19 00:00:00,5811911,36150
2021-05-20 00:00:00,5842465,30554
2021-05-21 00:00:00,5876239,33774
2021-05-22 00:00:00,5902069,25830
2021-05-23 00:00:00,5912904,10835
2021-05-24 00:00:00,5935369,22465
2021-05-25 00:00:00,5956785,21416
2021-05-26 00:00:00,5980030,23245
2021-05-27 00:00:00,6001421,21391
2021-05-28 00:00:00,6025307,23886
2021-05-29 00:00:00,6038499,13192
2021-05-30 00:00:00,6045846,7347
2021-05-31 00:00:00,6050218,4372
2021-06-01 00:00:00,6070546,20328
2021-06-02 00:00:00,6090792,20246
2021-06-03 00:00:00,6114072,23280
2021-06-04 00:00:00,6140122,26050
2021-06-05 00:00:00,6160621,20499
2021-06-06 00:00:00,6170294,9673
2021-06-07 00:00:00,6190160,19866
2021-06-08 00:00:00,6208947,18787
2021-06-09 00:00:00,6229256,20309
2021-06-10 00:00:00,6249555,20299
2021-06-11 00:00:00,6274742,25187
2021-06-12 00:00:00,6291212,16470
2021-06-13 00:00:00,6299208,7996
2021-06-14 00:00:00,6316738,17530
2021-06-15 00:00:00,6332809,16071
2021-06-16 00:00:00,6349250,16441
2021-06-17 00:00:00,6365192,15942
2021-06-18 00:00:00,6383855,18663
2021-06-19 00:00:00,6394923,11068
2021-06-20 00:00:00,6400607,5684
2021-06-21 00:00:00,6412054,11447
2021-06-22 00:00:00,6425844,13790
2021-06-23 00:00:00,6440812,14968
2021-06-24 00:00:00,6454902,14090
2021-06-25 00:00:00,6470877,15975
2021-06-26 00:00:00,6480658,9781
2021-06-27 00:00:00,6486545,5887
2021-06-28 00:00:00,6498260,11715
2021-06-29 00:00:00,6510029,11769
2021-06-30 00:00:00,6522810,12781
2021-07-01 00:00:00,6535016,12206
2021-07-02 00:00:00,6548066,13050
2021-07-03 00:00:00,6555678,7612
2021-07-04 00:00:00,6556983,1305
2021-07-05 00:00:00,6566217,9234
2021-07-06 00:00:00,6577000,10783
2021-07-07 00:00:00,6587946,10946
2021-07-08 00:00:00,6598782,10836
2021-07-09 00:00:00,6613359,14577
2021-07-10 00:00:00,6623016,9657
2021-07-11 00:00:00,6627981,4965
2021-07-12 00:00:00,6638853,10872
2021-07-13 00:00:00,6648574,9721
2021-07-14 00:00:00,6658600,10026
2021-07-15 00:00:00,6668246,9646
2021-07-16 00:00:00,6680316,12070
2021-07-17 00:00:00,6687592,7276
2021-07-18 00:00:00,6692233,4641
2021-07-19 00:00:00,6703001,10768
2021-07-20 00:00:00,6713002,10001
2021-07-21 00:00:00,6723558,10556
2021-07-22 00:00:00,6734723,11165
2021-07-23 00:00:00,6748640,13917
2021-07-24 00:00:00,6758048,9408
2021-07-25 00:00:00,6761008,2960
