date,Arizona_cume,Arizona
2020-12-01,336,
2020-12-02,369,33
2020-12-03,401,32
2020-12-04,413,12
2020-12-05,417,4
2020-12-06,422,5
2020-12-07,450,28
2020-12-08,473,23
2020-12-09,499,26
2020-12-10,529,30
2020-12-11,546,17
2020-12-12,568,22
2020-12-13,584,16
2020-12-14,620,36
2020-12-15,778,158
2020-12-16,1556,778
2020-12-17,4963,3407
2020-12-18,8858,3895
2020-12-19,11473,2615
2020-12-20,12595,1122
2020-12-21,18289,5694
2020-12-22,26205,7916
2020-12-23,36429,10224
2020-12-24,40339,3910
2020-12-25,40488,149
2020-12-26,47064,6576
2020-12-27,49744,2680
2020-12-28,59347,9603
2020-12-29,72737,13390
2020-12-30,88036,15299
2020-12-31,96343,8307
2021-01-01,100083,3740
2021-01-02,107935,7852
2021-01-03,111240,3305
2021-01-04,120522,9282
2021-01-05,130186,9664
2021-01-06,142804,12618
2021-01-07,156043,13239
2021-01-08,168560,12517
2021-01-09,176629,8069
2021-01-10,180006,3377
2021-01-11,196752,16746
2021-01-12,220629,23877
2021-01-13,246668,26039
2021-01-14,272197,25529
2021-01-15,298239,26042
2021-01-16,314231,15992
2021-01-17,323720,9489
2021-01-18,343344,19624
2021-01-19,371247,27903
2021-01-20,404818,33571
2021-01-21,441510,36692
2021-01-22,480554,39044
2021-01-23,509587,29033
2021-01-24,525978,16391
2021-01-25,556571,30593
2021-01-26,594272,37701
2021-01-27,635289,41017
2021-01-28,676812,41523
2021-01-29,717940,41128
2021-01-30,744588,26648
2021-01-31,756621,12033
2021-02-01,793212,36591
2021-02-02,833870,40658
2021-02-03,879438,45568
2021-02-04,928247,48809
2021-02-05,973943,45696
2021-02-06,1013885,39942
2021-02-07,1030456,16571
2021-02-08,1070555,40099
2021-02-09,1115868,45313
2021-02-10,1168781,52913
2021-02-11,1222127,53346
2021-02-12,1285416,63289
2021-02-13,1332235,46819
2021-02-14,1349923,17688
2021-02-15,1382562,32639
2021-02-16,1428793,46231
2021-02-17,1477572,48779
2021-02-18,1524705,47133
2021-02-19,1569038,44333
2021-02-20,1605470,36432
2021-02-21,1621130,15660
2021-02-22,1651277,30147
2021-02-23,1696879,45602
2021-02-24,1755420,58541
2021-02-25,1817413,61993
2021-02-26,1885962,68549
2021-02-27,1938994,53032
2021-02-28,1965846,26852
2021-03-01,2020402,54556
2021-03-02,2073007,52605
2021-03-03,2133444,60437
2021-03-04,2193583,60139
2021-03-05,2254810,61227
2021-03-06,2301434,46624
2021-03-07,2328052,26618
2021-03-08,2380959,52907
2021-03-09,2439594,58635
2021-03-10,2509499,69905
2021-03-11,2582787,73288
2021-03-12,2658236,75449
2021-03-13,2711948,53712
2021-03-14,2741315,29367
2021-03-15,2791399,50084
2021-03-16,2848175,56776
2021-03-17,2913400,65225
2021-03-18,2979617,66217
2021-03-19,3041952,62335
2021-03-20,3090910,48958
2021-03-21,3123425,32515
2021-03-22,3169173,45748
2021-03-23,3219927,50754
2021-03-24,3285705,65778
2021-03-25,3359634,73929
2021-03-26,3432393,72759
2021-03-27,3487359,54966
2021-03-28,3526523,39164
2021-03-29,3589941,63418
2021-03-30,3659392,69451
2021-03-31,3739210,79818
2021-04-01,3822769,83559
2021-04-02,3894133,71364
2021-04-03,3945044,50911
2021-04-04,3966579,21535
2021-04-05,4026912,60333
2021-04-06,4094731,67819
2021-04-07,4171684,76953
2021-04-08,4250323,78639
2021-04-09,4322712,72389
2021-04-10,4373038,50326
2021-04-11,4404506,31468
2021-04-12,4458520,54014
2021-04-13,4509820,51300
2021-04-14,4571162,61342
2021-04-15,4636978,65816
2021-04-16,4701231,64253
2021-04-17,4744715,43484
2021-04-18,4774997,30282
2021-04-19,4828717,53720
2021-04-20,4884635,55918
2021-04-21,4947864,63229
2021-04-22,5011489,63625
2021-04-23,5070936,59447
2021-04-24,5111394,40458
2021-04-25,5137379,25985
2021-04-26,5184904,47525
2021-04-27,5235030,50126
2021-04-28,5285867,50837
2021-04-29,5332768,46901
2021-04-30,5379228,46460
2021-05-01,5408628,29400
2021-05-02,5429957,21329
2021-05-03,5460775,30818
2021-05-04,5500630,39855
2021-05-05,5536650,36020
2021-05-06,5574946,38296
2021-05-07,5614062,39116
2021-05-08,5641132,27070
2021-05-09,5654114,12982
2021-05-10,5680692,26578
2021-05-11,5707436,26744
2021-05-12,5738562,31126
2021-05-13,5778540,39978
2021-05-14,5818949,40409
2021-05-15,5850184,31235
2021-05-16,5867470,17286
2021-05-17,5900305,32835
2021-05-18,5928542,28237
2021-05-19,5965159,36617
2021-05-20,5996561,31402
2021-05-21,6030905,34344
2021-05-22,6057216,26311
2021-05-23,6068159,10943
2021-05-24,6091064,22905
2021-05-25,6112919,21855
2021-05-26,6136567,23648
2021-05-27,6158337,21770
2021-05-28,6182636,24299
2021-05-29,6196015,13379
2021-05-30,6203525,7510
2021-05-31,6208117,4592
2021-06-01,6229930,21813
2021-06-02,6250505,20575
2021-06-03,6274114,23609
2021-06-04,6300656,26542
2021-06-05,6321430,20774
2021-06-06,6331198,9768
2021-06-07,6351412,20214
2021-06-08,6370634,19222
2021-06-09,6391315,20681
2021-06-10,6412148,20833
2021-06-11,6437801,25653
2021-06-12,6454784,16983
2021-06-13,6462852,8068
2021-06-14,6480731,17879
2021-06-15,6497192,16461
2021-06-16,6513938,16746
2021-06-17,6530154,16216
2021-06-18,6549205,19051
2021-06-19,6560398,11193
2021-06-20,6566174,5776
2021-06-21,6577951,11777
2021-06-22,6592234,14283
2021-06-23,6607517,15283
2021-06-24,6621876,14359
2021-06-25,6638335,16459
2021-06-26,6648375,10040
2021-06-27,6654341,5966
2021-06-28,6666315,11974
2021-06-29,6678341,12026
2021-06-30,6691486,13145
2021-07-01,6704676,13190
2021-07-02,6718137,13461
2021-07-03,6725879,7742
2021-07-04,6727226,1347
2021-07-05,6736621,9395
2021-07-06,6747683,11062
2021-07-07,6759006,11323
2021-07-08,6770178,11172
2021-07-09,6785401,15223
2021-07-10,6795509,10108
2021-07-11,6800528,5019
2021-07-12,6811662,11134
2021-07-13,6821764,10102
2021-07-14,6832381,10617
2021-07-15,6843168,10787
2021-07-16,6856889,13721
2021-07-17,6865398,8509
2021-07-18,6870741,5343
2021-07-19,6883276,12535
2021-07-20,6895156,11880
2021-07-21,6908182,13026
2021-07-22,6921317,13135
2021-07-23,6937403,16086
2021-07-24,6948167,10764
2021-07-25,6954837,6670
2021-07-26,6968885,14048
2021-07-27,6982985,14100
2021-07-28,6997745,14760
2021-07-29,7012214,14469
2021-07-30,7031793,19579
2021-07-31,7045257,13464
2021-08-01,7053392,8135
2021-08-02,7068533,15141
2021-08-03,7082373,13840
2021-08-04,7096952,14579
2021-08-05,7111222,14270
2021-08-06,7131090,19868
2021-08-07,7144325,13235
2021-08-08,7152082,7757
2021-08-09,7167621,15539
2021-08-10,7182091,14470
2021-08-11,7196501,14410
2021-08-12,7211839,15338
2021-08-13,7232591,20752
2021-08-14,7246753,14162
2021-08-15,7255383,8630
2021-08-16,7272710,17327
2021-08-17,7289218,16508
2021-08-18,7306347,17129
2021-08-19,7322717,16370
2021-08-20,7344126,21409
2021-08-21,7358953,14827
2021-08-22,7367231,8278
2021-08-23,7384587,17356
2021-08-24,7401115,16528
2021-08-25,7417755,16640
2021-08-26,7434100,16345
2021-08-27,7455703,21603
2021-08-28,7470321,14618
2021-08-29,7478823,8502
2021-08-30,7495263,16440
2021-08-31,7509763,14500
2021-09-01,7525719,15956
2021-09-02,7539403,13684
2021-09-03,7558397,18994
2021-09-04,7569594,11197
2021-09-05,7576645,7051
2021-09-06,7579216,2571
2021-09-07,7593606,14390
2021-09-08,7607086,13480
2021-09-09,7620182,13096
2021-09-10,7638181,17999
2021-09-11,7650105,11924
2021-09-12,7656979,6874
2021-09-13,7670958,13979
2021-09-14,7683744,12786
2021-09-15,7695335,11591
2021-09-16,7707121,11786
2021-09-17,7723500,16379
2021-09-18,7734009,10509
2021-09-19,7739822,5813
2021-09-20,7750946,11124
2021-09-21,7762375,11429
2021-09-22,7774209,11834
2021-09-23,7785794,11585
2021-09-24,7806979,21185
2021-09-25,7823089,16110
2021-09-26,7832273,9184
2021-09-27,7853911,21638
2021-09-28,7875852,21941
2021-09-29,7898180,22328
2021-09-30,7920560,22380
2021-10-01,7946515,25955
2021-10-02,7959665,13150
2021-10-03,7967938,8273
2021-10-04,7987937,19999
2021-10-05,8007916,19979
2021-10-06,8026611,18695
2021-10-07,8044975,18364
2021-10-08,8065486,20511
2021-10-09,8077158,11672
2021-10-10,8084775,7617
2021-10-11,8103081,18306
2021-10-12,8118057,14976
2021-10-13,8134402,16345
2021-10-14,8151533,17131
2021-10-15,8170810,19277
2021-10-16,8182075,11265
2021-10-17,8188935,6860
2021-10-18,8205954,17019
2021-10-19,8221698,15744
2021-10-20,8237595,15897
2021-10-21,8253211,15616
2021-10-22,8279502,26291
2021-10-23,8296198,16696
2021-10-24,8306983,10785
2021-10-25,8335343,28360
2021-10-26,8363075,27732
2021-10-27,8392391,29316
2021-10-28,8420680,28289
2021-10-29,8452334,31654
2021-10-30,8466953,14619
2021-10-31,8476291,9338
2021-11-01,8504221,27930
2021-11-02,8530972,26751
2021-11-03,8556776,25804
2021-11-04,8586874,30098
2021-11-05,8621878,35004
2021-11-06,8644667,22789
2021-11-07,8657741,13074
2021-11-08,8688422,30681
2021-11-09,8718654,30232
2021-11-10,8754169,35515
2021-11-11,8782784,28615
2021-11-12,8817502,34718
2021-11-13,8842943,25441
2021-11-14,8855385,12442
2021-11-15,8886637,31252
2021-11-16,8917877,31240
2021-11-17,8950862,32985
2021-11-18,8983903,33041
2021-11-19,9022382,38479
2021-11-20,9047440,25058
2021-11-21,9060985,13545
2021-11-22,9095623,34638
2021-11-23,9129812,34189
2021-11-24,9160712,30900
2021-11-25,9160991,279
2021-11-26,9184955,23964
2021-11-27,9202835,17880
2021-11-28,9216667,13832
2021-11-29,9249669,33002
2021-11-30,9286843,37174
2021-12-01,9327788,40945
2021-12-02,9365648,37860
2021-12-03,9408180,42532
2021-12-04,9438355,30175
2021-12-05,9453356,15001
2021-12-06,9488057,34701
2021-12-07,9524346,36289
2021-12-08,9561640,37294
2021-12-09,9598671,37031
2021-12-10,9637089,38418
2021-12-11,9661825,24736
2021-12-12,9675123,13298
2021-12-13,9704521,29398
2021-12-14,9733690,29169
2021-12-15,9765964,32274
2021-12-16,9797821,31857
2021-12-17,9832111,34290
2021-12-18,9851899,19788
2021-12-19,9865354,13455
2021-12-20,9897931,32577
2021-12-21,9929838,31907
2021-12-22,9962550,32712
2021-12-23,9988915,26365
2021-12-24,9996253,7338
2021-12-25,9996314,61
2021-12-26,10006161,9847
2021-12-27,10034751,28590
2021-12-28,10063397,28646
2021-12-29,10092073,28676
2021-12-30,10119033,26960
2021-12-31,10129821,10788
2022-01-01,10131652,1831
2022-01-02,10140993,9341
2022-01-03,10165629,24636
2022-01-04,10190640,25011
2022-01-05,10218493,27853
2022-01-06,10246385,27892
2022-01-07,10278179,31794
2022-01-08,10298142,19963
2022-01-09,10308590,10448
2022-01-10,10332383,23793
2022-01-11,10356251,23868
2022-01-12,10382018,25767
2022-01-13,10407202,25184
2022-01-14,10434455,27253
2022-01-15,10448799,14344
2022-01-16,10457072,8273
2022-01-17,10472516,15444
2022-01-18,10491924,19408
2022-01-19,10512055,20131
2022-01-20,10531480,19425
2022-01-21,10552905,21425
2022-01-22,10564933,12028
2022-01-23,10572318,7385
2022-01-24,10588906,16588
2022-01-25,10604350,15444
2022-01-26,10620760,16410
2022-01-27,10636302,15542
2022-01-28,10654969,18667
2022-01-29,10665673,10704
2022-01-30,10671529,5856
2022-01-31,10684079,12550
2022-02-01,10695576,11497
2022-02-02,10707884,12308
2022-02-03,10720225,12341
2022-02-04,10735214,14989
2022-02-05,10744356,9142
2022-02-06,10749377,5021
2022-02-07,10759577,10200
2022-02-08,10768996,9419
2022-02-09,10778426,9430
2022-02-10,10782219,3793
