date,Pima_cume,Pima
2020-12-01,83,
2020-12-02,88,5
2020-12-03,96,8
2020-12-04,99,3
2020-12-05,100,1
2020-12-06,102,2
2020-12-07,105,3
2020-12-08,108,3
2020-12-09,118,10
2020-12-10,121,3
2020-12-11,130,9
2020-12-12,136,6
2020-12-13,139,3
2020-12-14,146,7
2020-12-15,175,29
2020-12-16,185,10
2020-12-17,1407,1222
2020-12-18,2783,1376
2020-12-19,3520,737
2020-12-20,3546,26
2020-12-21,5059,1513
2020-12-22,6627,1568
2020-12-23,8519,1892
2020-12-24,9583,1064
2020-12-25,9592,9
2020-12-26,10387,795
2020-12-27,10561,174
2020-12-28,12379,1818
2020-12-29,14334,1955
2020-12-30,16450,2116
2020-12-31,18046,1596
2021-01-01,19146,1100
2021-01-02,19817,671
2021-01-03,20199,382
2021-01-04,22042,1843
2021-01-05,23841,1799
2021-01-06,25997,2156
2021-01-07,28300,2303
2021-01-08,30970,2670
2021-01-09,33070,2100
2021-01-10,33529,459
2021-01-11,36387,2858
2021-01-12,39282,2895
2021-01-13,41914,2632
2021-01-14,44496,2582
2021-01-15,48760,4264
2021-01-16,50246,1486
2021-01-17,50810,564
2021-01-18,54818,4008
2021-01-19,59074,4256
2021-01-20,64126,5052
2021-01-21,69716,5590
2021-01-22,76446,6730
2021-01-23,79942,3496
2021-01-24,81059,1117
2021-01-25,88424,7365
2021-01-26,95314,6890
2021-01-27,102823,7509
2021-01-28,109940,7117
2021-01-29,117205,7265
2021-01-30,122255,5050
2021-01-31,123692,1437
2021-02-01,130889,7197
2021-02-02,137574,6685
2021-02-03,144811,7237
2021-02-04,152236,7425
2021-02-05,161158,8922
2021-02-06,166080,4922
2021-02-07,167391,1311
2021-02-08,174588,7197
2021-02-09,181118,6530
2021-02-10,188961,7843
2021-02-11,197043,8082
2021-02-12,206186,9143
2021-02-13,211484,5298
2021-02-14,212600,1116
2021-02-15,218933,6333
2021-02-16,226161,7228
2021-02-17,233972,7811
2021-02-18,241683,7711
2021-02-19,247680,5997
2021-02-20,251917,4237
2021-02-21,252857,940
2021-02-22,258312,5455
2021-02-23,264780,6468
2021-02-24,273213,8433
2021-02-25,283421,10208
2021-02-26,295629,12208
2021-02-27,303510,7881
2021-02-28,307404,3894
2021-03-01,318645,11241
2021-03-02,327661,9016
2021-03-03,338011,10350
2021-03-04,346754,8743
2021-03-05,357072,10318
2021-03-06,364226,7154
2021-03-07,368433,4207
2021-03-08,378930,10497
2021-03-09,389301,10371
2021-03-10,401712,12411
2021-03-11,413876,12164
2021-03-12,426782,12906
2021-03-13,434882,8100
2021-03-14,438816,3934
2021-03-15,448068,9252
2021-03-16,457954,9886
2021-03-17,469004,11050
2021-03-18,479977,10973
2021-03-19,491676,11699
2021-03-20,498480,6804
2021-03-21,504435,5955
2021-03-22,513414,8979
2021-03-23,523785,10371
2021-03-24,535919,12134
2021-03-25,549472,13553
2021-03-26,563804,14332
2021-03-27,572596,8792
2021-03-28,578496,5900
2021-03-29,589247,10751
2021-03-30,601465,12218
2021-03-31,615303,13838
2021-04-01,628915,13612
2021-04-02,641830,12915
2021-04-03,650474,8644
2021-04-04,655387,4913
2021-04-05,667508,12121
2021-04-06,679577,12069
2021-04-07,694128,14551
2021-04-08,708231,14103
2021-04-09,722763,14532
2021-04-10,731277,8514
2021-04-11,736011,4734
2021-04-12,746695,10684
2021-04-13,756444,9749
2021-04-14,767868,11424
2021-04-15,779692,11824
2021-04-16,791849,12157
2021-04-17,798305,6456
2021-04-18,802805,4500
2021-04-19,811748,8943
2021-04-20,821106,9358
2021-04-21,831717,10611
2021-04-22,842638,10921
2021-04-23,854268,11630
2021-04-24,861728,7460
2021-04-25,865652,3924
2021-04-26,876202,10550
2021-04-27,885929,9727
2021-04-28,895746,9817
2021-04-29,905023,9277
2021-04-30,914075,9052
2021-05-01,918574,4499
2021-05-02,921537,2963
2021-05-03,928356,6819
2021-05-04,934686,6330
2021-05-05,941873,7187
2021-05-06,947954,6081
2021-05-07,954729,6775
2021-05-08,958276,3547
2021-05-09,959997,1721
2021-05-10,964436,4439
2021-05-11,968222,3786
2021-05-12,972675,4453
2021-05-13,978449,5774
2021-05-14,984777,6328
2021-05-15,989559,4782
2021-05-16,992606,3047
2021-05-17,997603,4997
2021-05-18,1001402,3799
2021-05-19,1005629,4227
2021-05-20,1009535,3906
2021-05-21,1014835,5300
2021-05-22,1018535,3700
2021-05-23,1020154,1619
2021-05-24,1023875,3721
2021-05-25,1027180,3305
2021-05-26,1030319,3139
2021-05-27,1033185,2866
2021-05-28,1036948,3763
2021-05-29,1038728,1780
2021-05-30,1039659,931
2021-05-31,1040354,695
2021-06-01,1043761,3407
2021-06-02,1046474,2713
2021-06-03,1049648,3174
2021-06-04,1053848,4200
2021-06-05,1056532,2684
2021-06-06,1058244,1712
2021-06-07,1061998,3754
2021-06-08,1064760,2762
2021-06-09,1067621,2861
2021-06-10,1070275,2654
2021-06-11,1073659,3384
2021-06-12,1075846,2187
2021-06-13,1076982,1136
2021-06-14,1080088,3106
2021-06-15,1082161,2073
2021-06-16,1084409,2248
2021-06-17,1086402,1993
2021-06-18,1089174,2772
2021-06-19,1090747,1573
2021-06-20,1091514,767
2021-06-21,1093313,1799
2021-06-22,1095425,2112
2021-06-23,1097392,1967
2021-06-24,1099231,1839
2021-06-25,1101744,2513
2021-06-26,1103118,1374
2021-06-27,1103857,739
2021-06-28,1105549,1692
2021-06-29,1107148,1599
2021-06-30,1108938,1790
2021-07-01,1110612,1674
2021-07-02,1112415,1803
2021-07-03,1113447,1032
2021-07-04,1113673,226
2021-07-05,1114865,1192
2021-07-06,1116290,1425
2021-07-07,1117880,1590
2021-07-08,1119633,1753
2021-07-09,1121475,1842
2021-07-10,1122673,1198
2021-07-11,1123273,600
2021-07-12,1124815,1542
2021-07-13,1126199,1384
2021-07-14,1127642,1443
2021-07-15,1129049,1407
2021-07-16,1130946,1897
2021-07-17,1132145,1199
2021-07-18,1132784,639
2021-07-19,1134420,1636
2021-07-20,1136020,1600
2021-07-21,1137724,1704
2021-07-22,1139382,1658
2021-07-23,1141445,2063
2021-07-24,1142758,1313
2021-07-25,1143469,711
2021-07-26,1145337,1868
2021-07-27,1147360,2023
2021-07-28,1149574,2214
2021-07-29,1151526,1952
2021-07-30,1153968,2442
2021-07-31,1155556,1588
2021-08-01,1156631,1075
2021-08-02,1158754,2123
2021-08-03,1160680,1926
2021-08-04,1162468,1788
2021-08-05,1164118,1650
2021-08-06,1166538,2420
2021-08-07,1168109,1571
2021-08-08,1169055,946
2021-08-09,1170983,1928
2021-08-10,1172682,1699
2021-08-11,1174364,1682
2021-08-12,1176181,1817
2021-08-13,1178783,2602
2021-08-14,1180540,1757
2021-08-15,1181663,1123
2021-08-16,1183830,2167
2021-08-17,1185972,2142
2021-08-18,1188329,2357
2021-08-19,1190539,2210
2021-08-20,1193339,2800
2021-08-21,1195020,1681
2021-08-22,1196154,1134
2021-08-23,1198471,2317
2021-08-24,1201030,2559
2021-08-25,1203342,2312
2021-08-26,1205298,1956
2021-08-27,1208045,2747
2021-08-28,1209721,1676
2021-08-29,1210822,1101
2021-08-30,1212834,2012
2021-08-31,1214647,1813
2021-09-01,1216537,1890
2021-09-02,1217992,1455
2021-09-03,1220355,2363
2021-09-04,1221676,1321
2021-09-05,1222465,789
2021-09-06,1222768,303
2021-09-07,1224390,1622
2021-09-08,1226006,1616
2021-09-09,1227397,1391
2021-09-10,1229513,2116
2021-09-11,1230923,1410
2021-09-12,1231892,969
2021-09-13,1233495,1603
2021-09-14,1235130,1635
2021-09-15,1236122,992
2021-09-16,1237533,1411
2021-09-17,1239670,2137
2021-09-18,1240799,1129
2021-09-19,1241522,723
2021-09-20,1242602,1080
2021-09-21,1244061,1459
2021-09-22,1245538,1477
2021-09-23,1246913,1375
2021-09-24,1249547,2634
2021-09-25,1251599,2052
2021-09-26,1252768,1169
2021-09-27,1255450,2682
2021-09-28,1258468,3018
2021-09-29,1261483,3015
2021-09-30,1264268,2785
2021-10-01,1267579,3311
2021-10-02,1269132,1553
2021-10-03,1270065,933
2021-10-04,1272914,2849
2021-10-05,1275700,2786
2021-10-06,1278171,2471
2021-10-07,1280488,2317
2021-10-08,1283495,3007
2021-10-09,1285088,1593
2021-10-10,1286199,1111
2021-10-11,1288819,2620
2021-10-12,1290393,1574
2021-10-13,1292293,1900
2021-10-14,1294600,2307
2021-10-15,1297263,2663
2021-10-16,1298511,1248
2021-10-17,1299330,819
2021-10-18,1301577,2247
2021-10-19,1303574,1997
2021-10-20,1305651,2077
2021-10-21,1307787,2136
2021-10-22,1312134,4347
2021-10-23,1314684,2550
2021-10-24,1316336,1652
2021-10-25,1320867,4531
2021-10-26,1325763,4896
2021-10-27,1330751,4988
2021-10-28,1335253,4502
2021-10-29,1340334,5081
2021-10-30,1342785,2451
2021-10-31,1344168,1383
2021-11-01,1348737,4569
2021-11-02,1353356,4619
2021-11-03,1357253,3897
2021-11-04,1361758,4505
2021-11-05,1367355,5597
2021-11-06,1370513,3158
2021-11-07,1373123,2610
2021-11-08,1378837,5714
2021-11-09,1384331,5494
2021-11-10,1390145,5814
2021-11-11,1395278,5133
2021-11-12,1401238,5960
2021-11-13,1405834,4596
2021-11-14,1408332,2498
2021-11-15,1414113,5781
2021-11-16,1420207,6094
2021-11-17,1426066,5859
2021-11-18,1431935,5869
2021-11-19,1438915,6980
2021-11-20,1442407,3492
2021-11-21,1444493,2086
2021-11-22,1450269,5776
2021-11-23,1456111,5842
2021-11-24,1461767,5656
2021-11-25,1461797,30
2021-11-26,1465404,3607
2021-11-27,1468295,2891
2021-11-28,1470755,2460
2021-11-29,1476074,5319
2021-11-30,1481968,5894
2021-12-01,1488103,6135
2021-12-02,1493925,5822
2021-12-03,1500508,6583
2021-12-04,1504592,4084
2021-12-05,1507520,2928
2021-12-06,1512451,4931
2021-12-07,1518268,5817
2021-12-08,1524446,6178
2021-12-09,1530215,5769
2021-12-10,1536443,6228
2021-12-11,1539429,2986
2021-12-12,1541598,2169
2021-12-13,1546218,4620
2021-12-14,1550490,4272
2021-12-15,1555648,5158
2021-12-16,1561303,5655
2021-12-17,1567198,5895
2021-12-18,1570271,3073
2021-12-19,1572546,2275
2021-12-20,1577625,5079
2021-12-21,1583011,5386
2021-12-22,1588555,5544
2021-12-23,1593053,4498
2021-12-24,1594292,1239
2021-12-25,1594294,2
2021-12-26,1596006,1712
2021-12-27,1600789,4783
2021-12-28,1605869,5080
2021-12-29,1611041,5172
2021-12-30,1615819,4778
2021-12-31,1617563,1744
2022-01-01,1617839,276
2022-01-02,1619502,1663
2022-01-03,1623251,3749
2022-01-04,1627226,3975
2022-01-05,1631585,4359
2022-01-06,1636020,4435
2022-01-07,1640838,4818
2022-01-08,1644230,3392
2022-01-09,1646227,1997
2022-01-10,1649621,3394
2022-01-11,1653311,3690
2022-01-12,1655244,1933
