date,Yuma_cume,Yuma
1/1/2021,6,
1/10/2021,7,1
1/11/2021,8,1
1/12/2021,9,1
1/13/2021,10,1
1/14/2021,12,2
1/15/2021,19,7
1/16/2021,50,31
1/17/2021,53,3
1/18/2021,55,2
1/19/2021,231,176
1/2/2021,930,699
1/20/2021,1687,757
1/21/2021,1925,238
1/22/2021,2029,104
1/23/2021,2030,1
1/24/2021,2460,430
1/25/2021,2820,360
1/26/2021,3256,436
1/27/2021,3349,93
1/28/2021,3392,43
1/29/2021,3395,3
1/3/2021,3396,1
1/30/2021,3617,221
1/31/2021,3948,331
1/4/2021,4434,486
1/5/2021,4663,229
1/6/2021,4990,327
1/7/2021,5004,14
1/8/2021,5019,15
1/9/2021,5699,680
10/1/2021,6381,682
10/10/2021,7133,752
10/11/2021,7319,186
10/2/2021,7513,194
10/3/2021,7514,1
10/4/2021,7515,1
10/5/2021,7552,37
10/6/2021,7943,391
10/7/2021,8521,578
10/8/2021,10314,1793
10/9/2021,11898,1584
12/1/2020,12043,145
12/10/2020,12057,14
12/12/2020,12494,437
12/16/2020,13348,854
12/17/2020,14754,1406
12/19/2020,16828,2074
12/20/2020,18902,2074
12/21/2020,20105,1203
12/22/2020,20119,14
12/23/2020,21014,895
12/24/2020,22097,1083
12/26/2020,23607,1510
12/27/2020,24621,1014
12/28/2020,25328,707
12/29/2020,25371,43
12/3/2020,25393,22
12/30/2020,25676,283
12/31/2020,26524,848
12/4/2020,28889,2365
12/8/2020,31366,2477
2/1/2021,33253,1887
2/10/2021,34123,870
2/11/2021,34126,3
2/12/2021,34242,116
2/13/2021,34502,260
2/14/2021,34838,336
2/15/2021,35467,629
2/16/2021,36326,859
2/17/2021,36706,380
2/18/2021,36716,10
2/19/2021,36760,44
2/2/2021,37961,1201
2/20/2021,40596,2635
2/21/2021,43763,3167
2/22/2021,46519,2756
2/23/2021,47365,846
2/24/2021,47717,352
2/25/2021,49639,1922
2/26/2021,51013,1374
2/27/2021,52292,1279
2/28/2021,55176,2884
2/3/2021,58819,3643
2/4/2021,59051,232
2/5/2021,59229,178
2/6/2021,60256,1027
2/7/2021,62438,2182
2/8/2021,64412,1974
2/9/2021,67840,3428
3/1/2021,71035,3195
3/10/2021,72672,1637
3/11/2021,72876,204
3/12/2021,73734,858
3/13/2021,75354,1620
3/14/2021,77469,2115
3/15/2021,81428,3959
3/16/2021,84597,3169
3/17/2021,85942,1345
3/18/2021,86293,351
3/19/2021,86847,554
3/2/2021,88361,1514
3/20/2021,90722,2361
3/21/2021,93060,2338
3/22/2021,95318,2258
3/23/2021,95928,610
3/24/2021,96181,253
3/25/2021,96799,618
3/26/2021,99642,2843
3/27/2021,102671,3029
3/28/2021,105620,2949
3/29/2021,107541,1921
3/3/2021,108303,762
3/30/2021,108999,696
3/31/2021,110434,1435
3/4/2021,112658,2224
3/5/2021,115115,2457
3/6/2021,118001,2886
3/7/2021,120051,2050
3/8/2021,120599,548
3/9/2021,120815,216
4/1/2021,121468,653
4/10/2021,122516,1048
4/11/2021,125199,2683
4/12/2021,128238,3039
4/13/2021,131361,3123
4/14/2021,132118,757
4/15/2021,132691,573
4/16/2021,134296,1605
4/17/2021,136287,1991
4/18/2021,137897,1610
4/19/2021,139301,1404
4/2/2021,141257,1956
4/20/2021,141587,330
4/21/2021,141778,191
4/22/2021,142328,550
4/23/2021,145468,3140
4/24/2021,147408,1940
4/25/2021,149219,1811
4/26/2021,150753,1534
4/27/2021,151005,252
4/28/2021,151188,183
4/29/2021,152067,879
4/3/2021,153667,1600
4/30/2021,154881,1214
4/4/2021,156410,1529
4/5/2021,157594,1184
4/6/2021,157861,267
4/7/2021,157988,127
4/8/2021,158515,527
4/9/2021,159263,748
5/1/2021,160684,1421
5/10/2021,161828,1144
5/11/2021,162996,1168
5/12/2021,163703,707
5/13/2021,163884,181
5/14/2021,164826,942
5/15/2021,165674,848
5/16/2021,166308,634
5/17/2021,166959,651
5/18/2021,167632,673
5/19/2021,167886,254
5/2/2021,168063,177
5/20/2021,168590,527
5/21/2021,169452,862
5/22/2021,170128,676
5/23/2021,171054,926
5/24/2021,171893,839
5/25/2021,172127,234
5/26/2021,172287,160
5/27/2021,172421,134
5/28/2021,173176,755
5/29/2021,173932,756
5/3/2021,174592,660
5/30/2021,175271,679
5/31/2021,175798,527
5/4/2021,175933,135
5/5/2021,176522,589
5/6/2021,177235,713
5/7/2021,178059,824
5/8/2021,178854,795
5/9/2021,179670,816
6/1/2021,179872,202
6/10/2021,179980,108
6/11/2021,180588,608
6/12/2021,181334,746
6/13/2021,181856,522
6/14/2021,182410,554
6/15/2021,182874,464
6/16/2021,183034,160
6/17/2021,183135,101
6/18/2021,183573,438
6/19/2021,184560,987
6/2/2021,186035,1475
6/20/2021,187425,1390
6/21/2021,188016,591
6/22/2021,188177,161
6/23/2021,188274,97
6/24/2021,188738,464
6/25/2021,189534,796
6/26/2021,190259,725
6/27/2021,191090,831
6/28/2021,191591,501
6/29/2021,191741,150
6/3/2021,191766,25
6/30/2021,191954,188
6/4/2021,192487,533
6/5/2021,193029,542
6/6/2021,193514,485
6/7/2021,194005,491
6/8/2021,194195,190
6/9/2021,194265,70
7/1/2021,194777,512
7/10/2021,195243,466
7/11/2021,195722,479
7/12/2021,196166,444
7/13/2021,196677,511
7/14/2021,196872,195
7/15/2021,196979,107
7/16/2021,197411,432
7/17/2021,197893,482
7/18/2021,198354,461
7/19/2021,198872,518
7/2/2021,199411,539
7/20/2021,199661,250
7/21/2021,199747,86
7/22/2021,200288,541
7/23/2021,200921,633
7/24/2021,201543,622
7/25/2021,202130,587
7/26/2021,202730,600
7/27/2021,202967,237
7/28/2021,203070,103
7/29/2021,203538,468
7/3/2021,204130,592
7/30/2021,204766,636
7/31/2021,205255,489
7/4/2021,205926,671
7/5/2021,206234,308
7/6/2021,206396,162
7/7/2021,207098,702
7/8/2021,208231,1133
7/9/2021,208904,673
8/1/2021,209535,631
8/10/2021,211151,1616
8/11/2021,211467,316
8/12/2021,211642,175
8/13/2021,212383,741
8/14/2021,213030,647
8/15/2021,213776,746
8/16/2021,214405,629
8/17/2021,215130,725
8/18/2021,215386,256
8/19/2021,215539,153
8/2/2021,216150,611
8/20/2021,216796,646
8/21/2021,217420,624
8/22/2021,218090,670
8/23/2021,218829,739
8/24/2021,219058,229
8/25/2021,219229,171
8/26/2021,219820,591
8/27/2021,220356,536
8/28/2021,220918,562
8/29/2021,221638,720
8/3/2021,222373,735
8/30/2021,222589,216
8/31/2021,222772,183
8/4/2021,222878,106
8/5/2021,223409,531
8/6/2021,223928,519
8/7/2021,224411,483
8/8/2021,225117,706
8/9/2021,225393,276
9/1/2021,225520,127
9/10/2021,225979,459
9/11/2021,226396,417
9/12/2021,226821,425
9/13/2021,227201,380
9/14/2021,227822,621
9/15/2021,228043,221
9/16/2021,228171,128
9/17/2021,228478,307
9/18/2021,228891,413
9/19/2021,229343,452
9/2/2021,229666,323
9/20/2021,230171,505
9/21/2021,230439,268
9/22/2021,230586,147
9/23/2021,230932,346
9/24/2021,231264,332
9/25/2021,231561,297
9/26/2021,232137,576
9/27/2021,232611,474
9/28/2021,232795,184
9/29/2021,232884,89
9/3/2021,233176,292
9/30/2021,233502,326
9/4/2021,234052,550
9/5/2021,234396,344
9/6/2021,234700,304
9/7/2021,234841,141
9/8/2021,234931,90
9/9/2021,235129,198
