date,Mohave_cume,Mohave
1/1/2021,1,
1/10/2021,55,54
1/11/2021,288,233
1/12/2021,444,156
1/13/2021,624,180
1/14/2021,685,61
1/15/2021,1014,329
1/16/2021,1432,418
1/17/2021,1799,367
1/18/2021,2100,301
1/19/2021,2157,57
1/2/2021,2206,49
1/20/2021,2236,30
1/21/2021,2475,239
1/22/2021,2627,152
1/23/2021,2964,337
1/24/2021,3260,296
1/25/2021,3587,327
1/26/2021,3664,77
1/27/2021,3718,54
1/28/2021,3950,232
1/29/2021,4275,325
1/3/2021,4633,358
1/30/2021,5074,441
1/31/2021,5655,581
1/4/2021,5810,155
1/5/2021,5850,40
1/6/2021,6235,385
1/7/2021,6570,335
1/8/2021,7216,646
1/9/2021,7682,466
10/1/2021,8226,544
10/10/2021,9035,809
10/11/2021,9742,707
10/2/2021,10442,700
10/3/2021,11202,760
10/4/2021,12169,967
10/5/2021,13205,1036
10/6/2021,13907,702
10/7/2021,14590,683
10/8/2021,15161,571
10/9/2021,15856,695
12/1/2020,16499,643
12/22/2020,17893,1394
12/23/2020,18706,813
12/24/2020,19495,789
12/26/2020,19813,318
12/27/2020,19963,150
12/28/2020,20412,449
12/29/2020,20895,483
12/30/2020,21969,1074
12/31/2020,22651,682
2/1/2021,23780,1129
2/10/2021,24308,528
2/11/2021,24438,130
2/12/2021,25062,624
2/13/2021,25659,597
2/14/2021,26220,561
2/15/2021,26626,406
2/16/2021,27148,522
2/17/2021,27321,173
2/18/2021,27378,57
2/19/2021,27755,377
2/2/2021,28019,264
2/20/2021,28899,880
2/21/2021,30151,1252
2/22/2021,31329,1178
2/23/2021,32300,971
2/24/2021,33229,929
2/25/2021,34238,1009
2/26/2021,35281,1043
2/27/2021,37898,2617
2/28/2021,39627,1729
2/3/2021,41361,1734
2/4/2021,42301,940
2/5/2021,42792,491
2/6/2021,43722,930
2/7/2021,44832,1110
2/8/2021,47019,2187
2/9/2021,48768,1749
3/1/2021,50498,1730
3/10/2021,51390,892
3/11/2021,51778,388
3/12/2021,52706,928
3/13/2021,53811,1105
3/14/2021,55753,1942
3/15/2021,57220,1467
3/16/2021,58533,1313
3/17/2021,59783,1250
3/18/2021,60394,611
3/19/2021,61837,1443
3/2/2021,63215,1378
3/20/2021,64885,1670
3/21/2021,66453,1568
3/22/2021,68173,1720
3/23/2021,69313,1140
3/24/2021,70505,1192
3/25/2021,72184,1679
3/26/2021,73842,1658
3/27/2021,76381,2539
3/28/2021,78313,1932
3/29/2021,80019,1706
3/3/2021,80827,808
3/30/2021,81143,316
3/31/2021,82536,1393
3/4/2021,84056,1520
3/5/2021,85862,1806
3/6/2021,87495,1633
3/7/2021,89271,1776
3/8/2021,90289,1018
3/9/2021,90796,507
4/1/2021,93236,2440
4/10/2021,94492,1256
4/11/2021,96441,1949
4/12/2021,98474,2033
4/13/2021,99889,1415
4/14/2021,100869,980
4/15/2021,101381,512
4/16/2021,102525,1144
4/17/2021,103829,1304
4/18/2021,105279,1450
4/19/2021,106633,1354
4/2/2021,108022,1389
4/20/2021,108893,871
4/21/2021,109248,355
4/22/2021,110619,1371
4/23/2021,112085,1466
4/24/2021,113446,1361
4/25/2021,114725,1279
4/26/2021,116037,1312
4/27/2021,116773,736
4/28/2021,117041,268
4/29/2021,117988,947
4/3/2021,118971,983
4/30/2021,120026,1055
4/4/2021,120903,877
4/5/2021,121858,955
4/6/2021,122535,677
4/7/2021,122696,161
4/8/2021,123358,662
4/9/2021,124025,667
5/1/2021,124623,598
5/10/2021,125822,1199
5/11/2021,126562,740
5/12/2021,127040,478
5/13/2021,127249,209
5/14/2021,129091,1842
5/15/2021,129770,679
5/16/2021,130468,698
5/17/2021,131206,738
5/18/2021,131971,765
5/19/2021,132346,375
5/2/2021,132469,123
5/20/2021,132973,504
5/21/2021,133472,499
5/22/2021,133855,383
5/23/2021,134283,428
5/24/2021,134858,575
5/25/2021,135013,155
5/26/2021,135099,86
5/27/2021,135190,91
5/28/2021,135696,506
5/29/2021,136111,415
5/3/2021,136535,424
5/30/2021,136989,454
5/31/2021,137212,223
5/4/2021,137295,83
5/5/2021,137756,461
5/6/2021,138079,323
5/7/2021,138491,412
5/8/2021,138951,460
5/9/2021,139460,509
6/1/2021,139779,319
6/10/2021,139878,99
6/11/2021,140239,361
6/12/2021,140641,402
6/13/2021,140992,351
6/14/2021,141282,290
6/15/2021,141684,402
6/16/2021,141886,202
6/17/2021,141997,111
6/18/2021,142281,284
6/19/2021,142564,283
6/2/2021,142892,328
6/20/2021,143131,239
6/21/2021,143467,336
6/22/2021,143621,154
6/23/2021,143659,38
6/24/2021,143831,172
6/25/2021,144081,250
6/26/2021,144275,194
6/27/2021,144467,192
6/28/2021,144748,281
6/29/2021,144839,91
6/3/2021,144862,23
6/30/2021,145026,164
6/4/2021,145253,227
6/5/2021,145505,252
6/6/2021,145742,237
6/7/2021,146081,339
6/8/2021,146237,156
6/9/2021,146301,64
7/1/2021,146526,225
7/10/2021,146741,215
7/11/2021,146939,198
7/12/2021,147106,167
7/13/2021,147438,332
7/14/2021,147615,177
7/15/2021,147688,73
7/16/2021,147952,264
7/17/2021,148213,261
7/18/2021,148502,289
7/19/2021,148761,259
7/2/2021,149173,412
7/20/2021,149359,186
7/21/2021,149442,83
7/22/2021,149687,245
7/23/2021,150021,334
7/24/2021,150312,291
7/25/2021,150574,262
7/26/2021,151054,480
7/27/2021,151305,251
7/28/2021,151368,63
7/29/2021,151625,257
7/3/2021,151937,312
7/30/2021,152259,322
7/31/2021,152518,259
7/4/2021,153045,527
7/5/2021,153258,213
7/6/2021,153362,104
7/7/2021,153743,381
7/8/2021,154039,296
7/9/2021,154362,323
8/1/2021,154600,238
8/10/2021,155143,543
8/11/2021,155380,237
8/12/2021,155532,152
8/13/2021,156017,485
8/14/2021,156382,365
8/15/2021,156726,344
8/16/2021,157023,297
8/17/2021,157623,600
8/18/2021,157816,193
8/19/2021,157980,164
8/2/2021,158291,311
8/20/2021,158592,301
8/21/2021,158964,372
8/22/2021,159267,303
8/23/2021,159650,383
8/24/2021,159843,193
8/25/2021,159969,126
8/26/2021,160282,313
8/27/2021,160556,274
8/28/2021,160783,227
8/29/2021,161030,247
8/3/2021,161407,377
8/30/2021,161576,169
8/31/2021,161668,92
8/4/2021,161748,80
8/5/2021,161970,222
8/6/2021,162213,243
8/7/2021,162458,245
8/8/2021,162803,345
8/9/2021,162991,188
9/1/2021,163050,59
9/10/2021,163338,288
9/11/2021,163627,289
9/12/2021,163810,183
9/13/2021,164095,285
9/14/2021,164516,421
9/15/2021,164670,154
9/16/2021,164700,30
9/17/2021,164886,186
9/18/2021,165135,249
9/19/2021,165331,196
9/2/2021,165550,219
9/20/2021,165849,299
9/21/2021,166007,158
9/22/2021,166091,84
9/23/2021,166318,227
9/24/2021,166601,283
9/25/2021,166838,237
9/26/2021,166974,136
9/27/2021,167251,277
9/28/2021,167397,146
9/29/2021,167433,36
9/3/2021,167604,171
9/30/2021,167813,209
9/4/2021,167971,158
9/5/2021,168100,129
9/6/2021,168308,208
9/7/2021,168376,68
9/8/2021,168400,24
9/9/2021,168476,76
