date,Maricopa_cume,Maricopa
2020-12-01,150,
2020-12-02,167,17
2020-12-03,176,9
2020-12-04,181,5
2020-12-05,183,2
2020-12-07,192,9
2020-12-08,198,6
2020-12-09,206,8
2020-12-10,220,14
2020-12-11,228,8
2020-12-12,231,3
2020-12-13,236,5
2020-12-14,249,13
2020-12-15,283,34
2020-12-16,334,51
2020-12-17,1589,1255
2020-12-18,3257,1668
2020-12-19,4913,1656
2020-12-20,5907,994
2020-12-21,9069,3162
2020-12-22,13154,4085
2020-12-23,17849,4695
2020-12-24,19406,1557
2020-12-25,19411,5
2020-12-26,24355,4944
2020-12-27,26588,2233
2020-12-28,31739,5151
2020-12-29,39500,7761
2020-12-30,48031,8531
2020-12-31,52037,4006
2021-01-01,53384,1347
2021-01-02,59417,6033
2021-01-03,61968,2551
2021-01-04,66630,4662
2021-01-05,70951,4321
2021-01-06,75839,4888
2021-01-07,81140,5301
2021-01-08,85708,4568
2021-01-09,90331,4623
2021-01-10,92936,2605
2021-01-11,102454,9518
2021-01-12,118383,15929
2021-01-13,135571,17188
2021-01-14,152173,16602
2021-01-15,167456,15283
2021-01-16,178953,11497
2021-01-17,187311,8358
2021-01-18,200052,12741
2021-01-19,217641,17589
2021-01-20,236406,18765
2021-01-21,256170,19764
2021-01-22,278256,22086
2021-01-23,297172,18916
2021-01-24,309479,12307
2021-01-25,325664,16185
2021-01-26,347841,22177
2021-01-27,368190,20349
2021-01-28,387112,18922
2021-01-29,408564,21452
2021-01-30,424052,15488
2021-01-31,432100,8048
2021-02-01,450141,18041
2021-02-02,472324,22183
2021-02-03,494393,22069
2021-02-04,519603,25210
2021-02-05,542273,22670
2021-02-06,566256,23983
2021-02-07,579157,12901
2021-02-08,602777,23620
2021-02-09,630132,27355
2021-02-10,656202,26070
2021-02-11,682610,26408
2021-02-12,718165,35555
2021-02-13,746104,27939
2021-02-14,759333,13229
2021-02-15,778851,19518
2021-02-16,806505,27654
2021-02-17,835040,28535
2021-02-18,863251,28211
2021-02-19,891889,28638
2021-02-20,917273,25384
2021-02-21,930412,13139
2021-02-22,949295,18883
2021-02-23,978136,28841
2021-02-24,1009108,30972
2021-02-25,1038844,29736
2021-02-26,1075389,36545
2021-02-27,1105872,30483
2021-02-28,1123241,17369
2021-03-01,1149516,26275
2021-03-02,1177313,27797
2021-03-03,1207076,29763
2021-03-04,1237779,30703
2021-03-05,1269760,31981
2021-03-06,1296861,27101
2021-03-07,1314351,17490
2021-03-08,1343794,29443
2021-03-09,1375410,31616
2021-03-10,1410576,35166
2021-03-11,1447097,36521
2021-03-12,1488266,41169
2021-03-13,1519534,31268
2021-03-14,1539345,19811
2021-03-15,1567314,27969
2021-03-16,1598214,30900
2021-03-17,1634172,35958
2021-03-18,1670089,35917
2021-03-19,1704418,34329
2021-03-20,1735922,31504
2021-03-21,1757917,21995
2021-03-22,1784025,26108
2021-03-23,1810780,26755
2021-03-24,1846633,35853
2021-03-25,1887436,40803
2021-03-26,1927781,40345
2021-03-27,1963170,35389
2021-03-28,1990309,27139
2021-03-29,2029263,38954
2021-03-30,2069265,40002
2021-03-31,2114005,44740
2021-04-01,2161375,47370
2021-04-02,2203509,42134
2021-04-03,2235153,31644
2021-04-04,2247499,12346
2021-04-05,2282078,34579
2021-04-06,2320764,38686
2021-04-07,2364666,43902
2021-04-08,2409763,45097
2021-04-09,2450609,40846
2021-04-10,2482239,31630
2021-04-11,2504407,22168
2021-04-12,2535288,30881
2021-04-13,2565702,30414
2021-04-14,2599867,34165
2021-04-15,2636549,36682
2021-04-16,2672798,36249
2021-04-17,2700950,28152
2021-04-18,2722048,21098
2021-04-19,2754425,32377
2021-04-20,2787557,33132
2021-04-21,2824939,37382
2021-04-22,2862584,37645
2021-04-23,2896128,33544
2021-04-24,2920171,24043
2021-04-25,2937621,17450
2021-04-26,2964186,26565
2021-04-27,2991108,26922
2021-04-28,3018754,27646
2021-04-29,3044327,25573
2021-04-30,3070150,25823
2021-05-01,3088312,18162
2021-05-02,3103707,15395
2021-05-03,3120210,16503
2021-05-04,3144038,23828
2021-05-05,3162848,18810
2021-05-06,3185580,22732
2021-05-07,3209312,23732
2021-05-08,3227960,18648
2021-05-09,3237373,9413
2021-05-10,3253326,15953
2021-05-11,3270168,16842
2021-05-12,3288424,18256
2021-05-13,3312701,24277
2021-05-14,3336958,24257
2021-05-15,3356661,19703
2021-05-16,3368514,11853
2021-05-17,3388017,19503
2021-05-18,3405231,17214
2021-05-19,3428464,23233
2021-05-20,3447562,19098
2021-05-21,3469002,21440
2021-05-22,3486365,17363
2021-05-23,3493968,7603
2021-05-24,3508189,14221
2021-05-25,3520944,12755
2021-05-26,3535078,14134
2021-05-27,3548046,12968
2021-05-28,3562451,14405
2021-05-29,3571792,9341
2021-05-30,3577063,5271
2021-05-31,3579973,2910
2021-06-01,3592993,13020
2021-06-02,3604606,11613
2021-06-03,3618888,14282
2021-06-04,3634870,15982
2021-06-05,3648430,13560
2021-06-06,3655125,6695
2021-06-07,3667082,11957
2021-06-08,3678510,11428
2021-06-09,3689852,11342
2021-06-10,3702750,12898
2021-06-11,3719039,16289
2021-06-12,3730447,11408
2021-06-13,3736131,5684
2021-06-14,3746720,10589
2021-06-15,3756876,10156
2021-06-16,3766962,10086
2021-06-17,3776417,9455
2021-06-18,3788234,11817
2021-06-19,3795583,7349
2021-06-20,3799509,3926
2021-06-21,3806435,6926
2021-06-22,3814232,7797
2021-06-23,3822460,8228
2021-06-24,3830093,7633
2021-06-25,3839768,9675
2021-06-26,3846563,6795
2021-06-27,3850695,4132
2021-06-28,3858029,7334
2021-06-29,3865048,7019
2021-06-30,3872099,7051
2021-07-01,3879062,6963
2021-07-02,3887186,8124
2021-07-03,3892335,5149
2021-07-04,3893195,860
2021-07-05,3899419,6224
2021-07-06,3905935,6516
2021-07-07,3912477,6542
2021-07-08,3918814,6337
2021-07-09,3928898,10084
2021-07-10,3936093,7195
2021-07-11,3939732,3639
2021-07-12,3946473,6741
2021-07-13,3952414,5941
2021-07-14,3958453,6039
2021-07-15,3964444,5991
2021-07-16,3972630,8186
2021-07-17,3978115,5485
2021-07-18,3981710,3595
2021-07-19,3989509,7799
2021-07-20,3996493,6984
2021-07-21,4004223,7730
2021-07-22,4012137,7914
2021-07-23,4022071,9934
2021-07-24,4029163,7092
2021-07-25,4033808,4645
2021-07-26,4042461,8653
2021-07-27,4050840,8379
2021-07-28,4059355,8515
2021-07-29,4067889,8534
2021-07-30,4080452,12563
2021-07-31,4089074,8622
2021-08-01,4094382,5308
2021-08-02,4103664,9282
2021-08-03,4111867,8203
2021-08-04,4120516,8649
2021-08-05,4128915,8399
2021-08-06,4140665,11750
2021-08-07,4149420,8755
2021-08-08,4154735,5315
2021-08-09,4164024,9289
2021-08-10,4172544,8520
2021-08-11,4181216,8672
2021-08-12,4190346,9130
2021-08-13,4202141,11795
2021-08-14,4211397,9256
2021-08-15,4217193,5796
2021-08-16,4227592,10399
2021-08-17,4237386,9794
2021-08-18,4247154,9768
2021-08-19,4256268,9114
2021-08-20,4268400,12132
2021-08-21,4276931,8531
2021-08-22,4282292,5361
2021-08-23,4292412,10120
2021-08-24,4301825,9413
2021-08-25,4311200,9375
2021-08-26,4320300,9100
2021-08-27,4332352,12052
2021-08-28,4341635,9283
2021-08-29,4346922,5287
2021-08-30,4356185,9263
2021-08-31,4364267,8082
2021-09-01,4373107,8840
2021-09-02,4379777,6670
2021-09-03,4390678,10901
2021-09-04,4397739,7061
2021-09-05,4402183,4444
2021-09-06,4403596,1413
2021-09-07,4412050,8454
2021-09-08,4420061,8011
2021-09-09,4426544,6483
2021-09-10,4436814,10270
2021-09-11,4444059,7245
2021-09-12,4448362,4303
2021-09-13,4456874,8512
2021-09-14,4464255,7381
2021-09-15,4468521,4266
2021-09-16,4474351,5830
2021-09-17,4483600,9249
2021-09-18,4490287,6687
2021-09-19,4493956,3669
2021-09-20,4498241,4285
2021-09-21,4504859,6618
2021-09-22,4511803,6944
2021-09-23,4518645,6842
2021-09-24,4532152,13507
2021-09-25,4542589,10437
2021-09-26,4548522,5933
2021-09-27,4562992,14470
2021-09-28,4576789,13797
2021-09-29,4590676,13887
2021-09-30,4604614,13938
2021-10-01,4619986,15372
2021-10-02,4628362,8376
2021-10-03,4632625,4263
2021-10-04,4645258,12633
2021-10-05,4657788,12530
2021-10-06,4668759,10971
2021-10-07,4677912,9153
2021-10-08,4688566,10654
2021-10-09,4696154,7588
2021-10-10,4701097,4943
2021-10-11,4712714,11617
2021-10-12,4718799,6085
2021-10-13,4727559,8760
2021-10-14,4738250,10691
2021-10-15,4750076,11826
2021-10-16,4756708,6632
2021-10-17,4761102,4394
2021-10-18,4771660,10558
2021-10-19,4781445,9785
2021-10-20,4791193,9748
2021-10-21,4800259,9066
2021-10-22,4813762,13503
2021-10-23,4822164,8402
2021-10-24,4827627,5463
2021-10-25,4841253,13626
2021-10-26,4854070,12817
2021-10-27,4866861,12791
2021-10-28,4878902,12041
2021-10-29,4892351,13449
2021-10-30,4899108,6757
2021-10-31,4902681,3573
2021-11-01,4913195,10514
2021-11-02,4924255,11060
2021-11-03,4933331,9076
2021-11-04,4944183,10852
2021-11-05,4959054,14871
2021-11-06,4970961,11907
2021-11-07,4976746,5785
2021-11-08,4989979,13233
2021-11-09,5002856,12877
2021-11-10,5016679,13823
2021-11-11,5031042,14363
2021-11-12,5046157,15115
2021-11-13,5058112,11955
2021-11-14,5063836,5724
2021-11-15,5077963,14127
2021-11-16,5090788,12825
2021-11-17,5105075,14287
2021-11-18,5119528,14453
2021-11-19,5136719,17191
2021-11-20,5150421,13702
2021-11-21,5157414,6993
2021-11-22,5173421,16007
2021-11-23,5190084,16663
2021-11-24,5205038,14954
2021-11-25,5205136,98
2021-11-26,5217475,12339
2021-11-27,5226578,9103
2021-11-28,5233265,6687
2021-11-29,5248290,15025
2021-11-30,5263502,15212
2021-12-01,5281143,17641
2021-12-02,5296881,15738
2021-12-03,5315286,18405
2021-12-04,5329016,13730
2021-12-05,5335926,6910
2021-12-06,5352296,16370
2021-12-07,5368545,16249
2021-12-08,5374829,6284
