date,pcr_tests,pcr_pos_tests,pcr_positivity,ser_tests,ser_pos_tests,ser_positivity,pcr_tests_APACHE,pcr_pos_tests_APACHE,pcr_positivity_APACHE,ser_tests_APACHE,ser_pos_tests_APACHE,ser_positivity_APACHE,pcr_tests_YUMA,pcr_pos_tests_YUMA,pcr_positivity_YUMA,ser_tests_YUMA,ser_pos_tests_YUMA,ser_positivity_YUMA,pcr_tests_YAVAPAI,pcr_pos_tests_YAVAPAI,pcr_positivity_YAVAPAI,ser_tests_YAVAPAI,ser_pos_tests_YAVAPAI,ser_positivity_YAVAPAI,pcr_tests_SANTA_CRUZ,pcr_pos_tests_SANTA_CRUZ,pcr_positivity_SANTA_CRUZ,ser_tests_SANTA_CRUZ,ser_pos_tests_SANTA_CRUZ,ser_positivity_SANTA_CRUZ,pcr_tests_PINAL,pcr_pos_tests_PINAL,pcr_positivity_PINAL,ser_tests_PINAL,ser_pos_tests_PINAL,ser_positivity_PINAL,pcr_tests_PIMA,pcr_pos_tests_PIMA,pcr_positivity_PIMA,ser_tests_PIMA,ser_pos_tests_PIMA,ser_positivity_PIMA,pcr_tests_NAVAJO,pcr_pos_tests_NAVAJO,pcr_positivity_NAVAJO,ser_tests_NAVAJO,ser_pos_tests_NAVAJO,ser_positivity_NAVAJO,pcr_tests_MOHAVE,pcr_pos_tests_MOHAVE,pcr_positivity_MOHAVE,ser_tests_MOHAVE,ser_pos_tests_MOHAVE,ser_positivity_MOHAVE,pcr_tests_MARICOPA,pcr_pos_tests_MARICOPA,pcr_positivity_MARICOPA,ser_tests_MARICOPA,ser_pos_tests_MARICOPA,ser_positivity_MARICOPA,pcr_tests_LA_PAZ,pcr_pos_tests_LA_PAZ,pcr_positivity_LA_PAZ,ser_tests_LA_PAZ,ser_pos_tests_LA_PAZ,ser_positivity_LA_PAZ,pcr_tests_GREENLEE,pcr_pos_tests_GREENLEE,pcr_positivity_GREENLEE,ser_tests_GREENLEE,ser_pos_tests_GREENLEE,ser_positivity_GREENLEE,pcr_tests_GRAHAM,pcr_pos_tests_GRAHAM,pcr_positivity_GRAHAM,ser_tests_GRAHAM,ser_pos_tests_GRAHAM,ser_positivity_GRAHAM,pcr_tests_GILA,pcr_pos_tests_GILA,pcr_positivity_GILA,ser_tests_GILA,ser_pos_tests_GILA,ser_positivity_GILA,pcr_tests_COCONINO,pcr_pos_tests_COCONINO,pcr_positivity_COCONINO,ser_tests_COCONINO,ser_pos_tests_COCONINO,ser_positivity_COCONINO,pcr_tests_COCHISE,pcr_pos_tests_COCHISE,pcr_positivity_COCHISE,ser_tests_COCHISE,ser_pos_tests_COCHISE,ser_positivity_COCHISE
2021-03-17 00:00:00,55,0,0.0,,,,,,,,,,5.0,0.0,0.0,,,,1.0,0.0,0.0,,,,,,,,,,1.0,0.0,0.0,,,,3.0,0.0,0.0,,,,,,,,,,,,,,,,38.0,0.0,0.0,,,,,,,,,,,,,,,,,,,,,,1.0,0.0,0.0,,,,,,,,,,1.0,0.0,0.0,,,
2021-03-16 00:00:00,3340,181,0.0541916167664671,228.0,111.0,0.486842105263158,8.0,0.0,0.0,,,,77.0,3.0,0.038961038961039,5.0,2.0,0.4,116.0,4.0,0.0344827586206897,,,,15.0,0.0,0.0,,,,187.0,14.0,0.0748663101604278,8.0,6.0,0.75,472.0,20.0,0.0423728813559322,4.0,2.0,0.5,27.0,2.0,0.0740740740740741,,,,66.0,3.0,0.0454545454545455,8.0,3.0,0.375,2051.0,118.0,0.0575329107752316,196.0,96.0,0.489795918367347,2.0,0.0,0.0,,,,1.0,0.0,0.0,,,,7.0,0.0,0.0,,,,20.0,0.0,0.0,,,,45.0,5.0,0.1111111111111111,,,,11.0,0.0,0.0,1.0,0.0,0.0
2021-03-15 00:00:00,9503,497,0.052299273913501,470.0,234.0,0.497872340425532,21.0,1.0,0.0476190476190476,,,,169.0,7.0,0.0414201183431953,9.0,5.0,0.5555555555555556,224.0,11.0,0.0491071428571429,13.0,7.0,0.5384615384615384,44.0,3.0,0.0681818181818182,2.0,1.0,0.5,691.0,36.0,0.0520984081041968,21.0,8.0,0.380952380952381,1125.0,47.0,0.0417777777777778,27.0,11.0,0.4074074074074074,63.0,0.0,0.0,2.0,2.0,1.0,217.0,11.0,0.0506912442396313,11.0,4.0,0.3636363636363637,5772.0,335.0,0.058038808038808,366.0,186.0,0.5081967213114754,9.0,3.0,0.3333333333333333,,,,2.0,0.0,0.0,,,,10.0,0.0,0.0,2.0,0.0,0.0,49.0,4.0,0.0816326530612245,3.0,1.0,0.3333333333333333,94.0,6.0,0.0638297872340426,4.0,1.0,0.25,82.0,8.0,0.0975609756097561,4.0,3.0,0.75
2021-03-14 00:00:00,4960,265,0.0534274193548387,124.0,60.0,0.4838709677419356,10.0,1.0,0.1,,,,23.0,1.0,0.0434782608695652,,,,99.0,7.0,0.0707070707070707,,,,10.0,0.0,0.0,,,,376.0,16.0,0.0425531914893617,3.0,1.0,0.3333333333333333,585.0,24.0,0.041025641025641,4.0,2.0,0.5,41.0,0.0,0.0,1.0,1.0,1.0,195.0,8.0,0.041025641025641,,,,3111.0,190.0,0.0610736097717776,115.0,55.0,0.4782608695652174,3.0,0.0,0.0,,,,,,,,,,6.0,0.0,0.0,,,,12.0,0.0,0.0,,,,49.0,3.0,0.0612244897959184,,,,38.0,2.0,0.0526315789473684,,,
2021-03-13 00:00:00,5369,336,0.0625814863102999,299.0,148.0,0.4949832775919732,8.0,0.0,0.0,,,,39.0,4.0,0.1025641025641026,3.0,2.0,0.6666666666666666,94.0,2.0,0.0212765957446809,2.0,0.0,0.0,11.0,0.0,0.0,,,,347.0,15.0,0.0432276657060519,22.0,6.0,0.2727272727272727,620.0,41.0,0.0661290322580645,6.0,4.0,0.6666666666666666,19.0,1.0,0.0526315789473684,,,,118.0,15.0,0.1271186440677966,,,,3616.0,237.0,0.0655420353982301,241.0,123.0,0.5103734439834026,6.0,0.0,0.0,,,,2.0,0.0,0.0,,,,1.0,0.0,0.0,,,,16.0,0.0,0.0,,,,87.0,5.0,0.0574712643678161,19.0,11.0,0.5789473684210528,49.0,0.0,0.0,,,
2021-03-12 00:00:00,9629,455,0.0472530896250909,733.0,334.0,0.4556616643929058,48.0,4.0,0.0833333333333333,,,,138.0,4.0,0.0289855072463768,18.0,9.0,0.5,162.0,3.0,0.0185185185185185,13.0,4.0,0.3076923076923077,37.0,3.0,0.0810810810810811,,,,614.0,27.0,0.0439739413680782,54.0,17.0,0.3148148148148149,1457.0,52.0,0.0356897735072066,57.0,22.0,0.3859649122807018,85.0,5.0,0.0588235294117647,4.0,2.0,0.5,346.0,18.0,0.0520231213872832,18.0,11.0,0.6111111111111112,5581.0,296.0,0.0530370901272173,543.0,260.0,0.4788213627992634,9.0,0.0,0.0,,,,1.0,0.0,0.0,,,,23.0,1.0,0.0434782608695652,,,,44.0,2.0,0.0454545454545455,,,,181.0,10.0,0.0552486187845304,2.0,1.0,0.5,91.0,10.0,0.1098901098901099,7.0,1.0,0.1428571428571429
2021-03-11 00:00:00,10282,465,0.0452246644621669,727.0,367.0,0.5048143053645118,32.0,0.0,0.0,3.0,3.0,1.0,135.0,9.0,0.0666666666666667,9.0,5.0,0.5555555555555556,184.0,2.0,0.0108695652173913,11.0,1.0,0.0909090909090909,44.0,3.0,0.0681818181818182,1.0,0.0,0.0,933.0,49.0,0.052518756698821,45.0,23.0,0.5111111111111112,1389.0,53.0,0.0381569474442045,43.0,24.0,0.558139534883721,160.0,7.0,0.04375,7.0,2.0,0.2857142857142857,358.0,21.0,0.058659217877095,7.0,2.0,0.2857142857142857,5886.0,280.0,0.0475705062861026,556.0,289.0,0.5197841726618706,12.0,0.0,0.0,,,,2.0,0.0,0.0,,,,30.0,0.0,0.0,,,,37.0,2.0,0.0540540540540541,3.0,1.0,0.3333333333333333,169.0,12.0,0.0710059171597633,22.0,11.0,0.5,128.0,6.0,0.046875,13.0,5.0,0.3846153846153847
2021-03-10 00:00:00,11443,506,0.0442191732937167,925.0,405.0,0.4378378378378379,36.0,0.0,0.0,,,,128.0,11.0,0.0859375,17.0,12.0,0.7058823529411766,240.0,4.0,0.0166666666666667,26.0,15.0,0.576923076923077,47.0,1.0,0.0212765957446809,1.0,0.0,0.0,1063.0,39.0,0.0366886171213547,37.0,15.0,0.4054054054054055,1410.0,61.0,0.0432624113475177,64.0,22.0,0.34375,113.0,7.0,0.0619469026548673,4.0,2.0,0.5,384.0,25.0,0.0651041666666667,16.0,8.0,0.5,6775.0,313.0,0.0461992619926199,709.0,307.0,0.4330042313117066,18.0,0.0,0.0,2.0,2.0,1.0,,,,1.0,0.0,0.0,21.0,0.0,0.0,2.0,1.0,0.5,45.0,5.0,0.1111111111111111,3.0,1.0,0.3333333333333333,251.0,11.0,0.0438247011952191,30.0,16.0,0.5333333333333334,117.0,5.0,0.0427350427350427,7.0,4.0,0.5714285714285714
2021-03-09 00:00:00,12386,549,0.0443242370418214,790.0,360.0,0.4556962025316456,46.0,2.0,0.0434782608695652,,,,210.0,3.0,0.0142857142857143,14.0,7.0,0.5,275.0,11.0,0.04,38.0,16.0,0.4210526315789474,42.0,4.0,0.0952380952380952,2.0,1.0,0.5,1304.0,43.0,0.0329754601226994,37.0,17.0,0.4594594594594596,1629.0,68.0,0.041743400859423,40.0,20.0,0.5,150.0,11.0,0.0733333333333333,6.0,2.0,0.3333333333333333,275.0,26.0,0.0945454545454545,22.0,8.0,0.3636363636363637,7138.0,347.0,0.0486130568786775,579.0,264.0,0.455958549222798,2.0,0.0,0.0,,,,1.0,0.0,0.0,,,,28.0,1.0,0.0357142857142857,,,,45.0,4.0,0.0888888888888889,27.0,19.0,0.7037037037037038,220.0,10.0,0.0454545454545455,4.0,2.0,0.5,118.0,3.0,0.0254237288135593,7.0,1.0,0.1428571428571429
2021-03-08 00:00:00,13332,650,0.0487548754875488,634.0,289.0,0.4558359621451104,53.0,1.0,0.0188679245283019,2.0,1.0,0.5,229.0,8.0,0.0349344978165939,7.0,5.0,0.7142857142857144,290.0,12.0,0.0413793103448276,16.0,10.0,0.625,47.0,1.0,0.0212765957446809,2.0,1.0,0.5,817.0,51.0,0.0624235006119951,31.0,12.0,0.3870967741935484,2005.0,67.0,0.0334164588528678,55.0,27.0,0.490909090909091,152.0,8.0,0.0526315789473684,3.0,3.0,1.0,313.0,16.0,0.0511182108626198,20.0,6.0,0.3,7835.0,422.0,0.0538608806636886,468.0,215.0,0.4594017094017094,15.0,0.0,0.0,1.0,0.0,0.0,3.0,0.0,0.0,2.0,0.0,0.0,52.0,3.0,0.0576923076923077,1.0,0.0,0.0,68.0,1.0,0.0147058823529412,3.0,0.0,0.0,247.0,15.0,0.0607287449392713,4.0,2.0,0.5,139.0,13.0,0.0935251798561151,4.0,2.0,0.5
2021-03-07 00:00:00,5686,371,0.0652479774885684,144.0,71.0,0.4930555555555556,12.0,1.0,0.0833333333333333,,,,54.0,3.0,0.0555555555555556,1.0,0.0,0.0,139.0,9.0,0.0647482014388489,2.0,0.0,0.0,16.0,3.0,0.1875,,,,411.0,37.0,0.0900243309002433,6.0,4.0,0.6666666666666666,735.0,41.0,0.0557823129251701,2.0,2.0,1.0,48.0,1.0,0.0208333333333333,1.0,0.0,0.0,156.0,14.0,0.0897435897435898,,,,3621.0,239.0,0.0660038663352665,130.0,63.0,0.4846153846153846,2.0,0.0,0.0,,,,1.0,0.0,0.0,,,,6.0,1.0,0.1666666666666667,,,,12.0,1.0,0.0833333333333333,,,,65.0,0.0,0.0,,,,63.0,2.0,0.0317460317460317,,,
2021-03-06 00:00:00,6557,440,0.0671038584718621,349.0,148.0,0.4240687679083095,8.0,0.0,0.0,,,,64.0,3.0,0.046875,1.0,0.0,0.0,117.0,7.0,0.0598290598290598,,,,10.0,0.0,0.0,1.0,0.0,0.0,513.0,39.0,0.0760233918128655,15.0,4.0,0.2666666666666667,764.0,43.0,0.056282722513089,8.0,5.0,0.625,43.0,2.0,0.0465116279069767,,,,170.0,18.0,0.1058823529411765,10.0,3.0,0.3,4261.0,293.0,0.0687632011264961,312.0,135.0,0.4326923076923077,5.0,0.0,0.0,,,,,,,,,,9.0,0.0,0.0,,,,18.0,3.0,0.1666666666666667,,,,79.0,5.0,0.0632911392405063,,,,84.0,7.0,0.0833333333333333,2.0,1.0,0.5
2021-03-05 00:00:00,11970,597,0.049874686716792,811.0,385.0,0.4747225647348952,55.0,2.0,0.0363636363636364,3.0,1.0,0.3333333333333333,186.0,9.0,0.0483870967741936,12.0,5.0,0.4166666666666667,243.0,13.0,0.0534979423868313,18.0,8.0,0.4444444444444444,51.0,2.0,0.0392156862745098,2.0,0.0,0.0,672.0,26.0,0.0386904761904762,41.0,15.0,0.3658536585365854,1609.0,61.0,0.0379117464263518,63.0,26.0,0.4126984126984127,202.0,7.0,0.0346534653465347,23.0,11.0,0.4782608695652174,342.0,19.0,0.0555555555555556,28.0,15.0,0.5357142857142858,7246.0,414.0,0.057134971018493,583.0,284.0,0.4871355060034306,7.0,0.0,0.0,2.0,2.0,1.0,1.0,0.0,0.0,,,,17.0,0.0,0.0,2.0,1.0,0.5,42.0,0.0,0.0,7.0,2.0,0.2857142857142857,226.0,10.0,0.0442477876106195,16.0,10.0,0.625,121.0,9.0,0.0743801652892562,3.0,1.0,0.3333333333333333
2021-03-04 00:00:00,11949,567,0.0474516695957821,857.0,383.0,0.4469078179696616,58.0,1.0,0.0172413793103448,14.0,12.0,0.8571428571428572,174.0,9.0,0.0517241379310345,8.0,5.0,0.625,281.0,9.0,0.0320284697508897,15.0,6.0,0.4,47.0,1.0,0.0212765957446809,,,,675.0,49.0,0.0725925925925926,35.0,17.0,0.4857142857142858,1534.0,70.0,0.045632333767927,55.0,24.0,0.4363636363636364,170.0,7.0,0.0411764705882353,3.0,3.0,1.0,390.0,18.0,0.0461538461538462,19.0,4.0,0.2105263157894737,7437.0,360.0,0.0484066155707947,663.0,297.0,0.4479638009049774,12.0,0.0,0.0,7.0,3.0,0.4285714285714286,2.0,0.0,0.0,,,,13.0,0.0,0.0,,,,52.0,0.0,0.0,2.0,1.0,0.5,251.0,8.0,0.0318725099601594,20.0,7.0,0.35,132.0,7.0,0.053030303030303,9.0,3.0,0.3333333333333333
2021-03-03 00:00:00,13385,668,0.049906611878969,883.0,406.0,0.4597961494903738,51.0,5.0,0.0980392156862745,1.0,0.0,0.0,205.0,15.0,0.0731707317073171,11.0,5.0,0.4545454545454546,246.0,8.0,0.032520325203252,21.0,6.0,0.2857142857142857,71.0,3.0,0.0422535211267606,1.0,0.0,0.0,709.0,38.0,0.0535966149506347,46.0,25.0,0.5434782608695652,1669.0,82.0,0.0491312162971839,51.0,19.0,0.3725490196078432,137.0,9.0,0.0656934306569343,8.0,5.0,0.625,455.0,21.0,0.0461538461538462,37.0,11.0,0.2972972972972973,8497.0,434.0,0.0510768506531717,678.0,324.0,0.4778761061946904,16.0,0.0,0.0,2.0,1.0,0.5,1.0,0.0,0.0,,,,45.0,4.0,0.0888888888888889,,,,43.0,1.0,0.0232558139534884,1.0,0.0,0.0,310.0,23.0,0.0741935483870968,10.0,5.0,0.5,144.0,6.0,0.0416666666666667,10.0,1.0,0.1
2021-03-02 00:00:00,13659,681,0.0498572369866022,891.0,410.0,0.4601571268237936,44.0,1.0,0.0227272727272727,,,,211.0,12.0,0.0568720379146919,7.0,2.0,0.2857142857142857,317.0,6.0,0.0189274447949527,20.0,10.0,0.5,53.0,5.0,0.0943396226415094,,,,800.0,45.0,0.05625,36.0,13.0,0.3611111111111111,1642.0,73.0,0.0444579780755177,60.0,28.0,0.4666666666666668,136.0,6.0,0.0441176470588235,4.0,4.0,1.0,262.0,28.0,0.1068702290076336,25.0,11.0,0.44,8793.0,428.0,0.0486750824519504,683.0,317.0,0.4641288433382138,16.0,0.0,0.0,13.0,5.0,0.3846153846153847,4.0,0.0,0.0,,,,36.0,2.0,0.0555555555555556,1.0,1.0,1.0,45.0,5.0,0.1111111111111111,7.0,3.0,0.4285714285714286,261.0,16.0,0.0613026819923372,18.0,10.0,0.5555555555555556,128.0,8.0,0.0625,7.0,3.0,0.4285714285714286
2021-03-01 00:00:00,13912,751,0.0539821736630247,665.0,303.0,0.455639097744361,62.0,0.0,0.0,1.0,0.0,0.0,321.0,15.0,0.0467289719626168,9.0,5.0,0.5555555555555556,321.0,7.0,0.0218068535825545,26.0,15.0,0.576923076923077,46.0,1.0,0.0217391304347826,1.0,1.0,1.0,808.0,45.0,0.0556930693069307,60.0,21.0,0.35,1790.0,94.0,0.0525139664804469,52.0,20.0,0.3846153846153847,134.0,12.0,0.0895522388059702,1.0,0.0,0.0,327.0,19.0,0.0581039755351682,40.0,17.0,0.425,8596.0,486.0,0.0565379246161005,440.0,206.0,0.4681818181818182,9.0,1.0,0.1111111111111111,,,,2.0,0.0,0.0,,,,31.0,6.0,0.1935483870967742,,,,44.0,1.0,0.0227272727272727,4.0,3.0,0.75,351.0,27.0,0.0769230769230769,4.0,4.0,1.0,146.0,4.0,0.0273972602739726,10.0,3.0,0.3
2021-02-28 00:00:00,5921,428,0.0722850869785509,156.0,76.0,0.4871794871794872,19.0,1.0,0.0526315789473684,,,,83.0,8.0,0.0963855421686747,1.0,0.0,0.0,105.0,6.0,0.0571428571428571,1.0,0.0,0.0,9.0,0.0,0.0,,,,466.0,56.0,0.1201716738197425,8.0,2.0,0.25,592.0,40.0,0.0675675675675676,3.0,1.0,0.3333333333333333,49.0,1.0,0.0204081632653061,,,,133.0,10.0,0.075187969924812,,,,3952.0,272.0,0.0688259109311741,142.0,72.0,0.5070422535211268,8.0,1.0,0.125,,,,,,,,,,1.0,0.0,0.0,,,,15.0,1.0,0.0666666666666667,,,,52.0,2.0,0.0384615384615385,,,,59.0,6.0,0.1016949152542373,,,
2021-02-27 00:00:00,6771,501,0.073992024811697,332.0,155.0,0.466867469879518,17.0,0.0,0.0,1.0,1.0,1.0,153.0,3.0,0.0196078431372549,2.0,1.0,0.5,128.0,8.0,0.0625,4.0,3.0,0.75,20.0,1.0,0.05,,,,499.0,39.0,0.0781563126252505,27.0,9.0,0.3333333333333333,767.0,47.0,0.061277705345502,7.0,3.0,0.4285714285714286,39.0,4.0,0.1025641025641026,2.0,1.0,0.5,121.0,7.0,0.0578512396694215,1.0,1.0,1.0,4432.0,338.0,0.0762635379061372,273.0,128.0,0.468864468864469,4.0,0.0,0.0,,,,,,,,,,8.0,0.0,0.0,,,,26.0,5.0,0.1923076923076923,,,,110.0,10.0,0.0909090909090909,9.0,5.0,0.5555555555555556,71.0,7.0,0.0985915492957746,,,
2021-02-26 00:00:00,11996,672,0.0560186728909637,734.0,344.0,0.4686648501362398,29.0,2.0,0.0689655172413793,3.0,2.0,0.6666666666666666,236.0,7.0,0.0296610169491525,16.0,9.0,0.5625,269.0,14.0,0.0520446096654275,20.0,12.0,0.6,48.0,0.0,0.0,7.0,5.0,0.7142857142857144,764.0,31.0,0.0405759162303665,55.0,25.0,0.4545454545454546,1584.0,76.0,0.047979797979798,55.0,19.0,0.3454545454545455,135.0,16.0,0.1185185185185185,5.0,2.0,0.4,276.0,28.0,0.1014492753623189,25.0,9.0,0.36,7311.0,442.0,0.0604568458487211,514.0,244.0,0.4747081712062258,7.0,0.0,0.0,1.0,1.0,1.0,4.0,0.0,0.0,,,,20.0,0.0,0.0,1.0,1.0,1.0,56.0,6.0,0.1071428571428571,5.0,4.0,0.8,246.0,15.0,0.0609756097560976,14.0,5.0,0.3571428571428572,137.0,10.0,0.072992700729927,6.0,1.0,0.1666666666666667
2021-02-25 00:00:00,12409,717,0.0577806430816343,952.0,441.0,0.4632352941176472,50.0,0.0,0.0,4.0,0.0,0.0,221.0,7.0,0.0316742081447964,19.0,12.0,0.631578947368421,253.0,10.0,0.0395256916996047,65.0,31.0,0.476923076923077,45.0,0.0,0.0,2.0,0.0,0.0,787.0,55.0,0.0698856416772554,115.0,57.0,0.4956521739130436,1723.0,91.0,0.0528148578061521,49.0,28.0,0.5714285714285714,125.0,7.0,0.056,1.0,0.0,0.0,299.0,25.0,0.0836120401337793,17.0,8.0,0.4705882352941176,7465.0,446.0,0.0597454789015405,658.0,295.0,0.4483282674772037,11.0,0.0,0.0,,,,1.0,0.0,0.0,,,,40.0,0.0,0.0,1.0,1.0,1.0,58.0,1.0,0.0172413793103448,3.0,2.0,0.6666666666666666,322.0,27.0,0.0838509316770186,4.0,1.0,0.25,181.0,14.0,0.0773480662983425,7.0,3.0,0.4285714285714286
2021-02-24 00:00:00,12407,786,0.0633513339243975,982.0,460.0,0.4684317718940938,31.0,0.0,0.0,23.0,4.0,0.1739130434782609,155.0,6.0,0.0387096774193548,15.0,12.0,0.8,265.0,13.0,0.0490566037735849,16.0,7.0,0.4375,171.0,4.0,0.0233918128654971,1.0,1.0,1.0,695.0,63.0,0.0906474820143885,55.0,31.0,0.5636363636363636,1650.0,80.0,0.0484848484848485,66.0,22.0,0.3333333333333333,334.0,20.0,0.0598802395209581,11.0,4.0,0.3636363636363637,241.0,17.0,0.0705394190871369,17.0,9.0,0.5294117647058824,7645.0,514.0,0.0672334859385219,749.0,361.0,0.4819759679572764,4.0,1.0,0.25,1.0,1.0,1.0,2.0,0.0,0.0,,,,22.0,0.0,0.0,1.0,1.0,1.0,60.0,5.0,0.0833333333333333,3.0,0.0,0.0,260.0,25.0,0.0961538461538462,4.0,1.0,0.25,132.0,6.0,0.0454545454545455,5.0,1.0,0.2
2021-02-23 00:00:00,14083,823,0.058439253000071,979.0,479.0,0.4892747701736466,81.0,4.0,0.0493827160493827,6.0,3.0,0.5,203.0,13.0,0.0640394088669951,16.0,12.0,0.75,329.0,15.0,0.0455927051671733,20.0,6.0,0.3,60.0,5.0,0.0833333333333333,,,,814.0,52.0,0.0638820638820639,49.0,28.0,0.5714285714285714,1801.0,88.0,0.0488617434758468,65.0,26.0,0.4,628.0,18.0,0.0286624203821656,34.0,17.0,0.5,320.0,29.0,0.090625,38.0,19.0,0.5,8163.0,523.0,0.0640695822614235,720.0,355.0,0.4930555555555556,18.0,0.0,0.0,,,,1.0,0.0,0.0,,,,15.0,1.0,0.0666666666666667,1.0,1.0,1.0,76.0,5.0,0.0657894736842105,3.0,1.0,0.3333333333333333,281.0,21.0,0.0747330960854093,8.0,3.0,0.375,315.0,11.0,0.0349206349206349,7.0,4.0,0.5714285714285714
2021-02-22 00:00:00,15126,1080,0.0714002380007933,933.0,424.0,0.4544480171489818,42.0,4.0,0.0952380952380952,2.0,1.0,0.5,278.0,29.0,0.1043165467625899,22.0,11.0,0.5,290.0,15.0,0.0517241379310345,42.0,20.0,0.4761904761904762,53.0,6.0,0.1132075471698113,5.0,2.0,0.4,985.0,97.0,0.0984771573604061,62.0,26.0,0.4193548387096775,2003.0,104.0,0.0519221168247629,59.0,19.0,0.3220338983050847,176.0,7.0,0.0397727272727273,53.0,26.0,0.4905660377358492,378.0,42.0,0.1111111111111111,12.0,6.0,0.5,9261.0,666.0,0.0719144800777454,626.0,296.0,0.4728434504792332,7.0,1.0,0.1428571428571429,1.0,0.0,0.0,3.0,1.0,0.3333333333333333,2.0,1.0,0.5,23.0,0.0,0.0,,,,82.0,8.0,0.0975609756097561,5.0,4.0,0.8,354.0,37.0,0.1045197740112994,6.0,2.0,0.3333333333333333,191.0,13.0,0.0680628272251309,14.0,3.0,0.2142857142857143
2021-02-21 00:00:00,6649,591,0.0888855466987517,282.0,128.0,0.4539007092198582,12.0,1.0,0.0833333333333333,1.0,0.0,0.0,60.0,6.0,0.1,1.0,1.0,1.0,125.0,11.0,0.088,,,,7.0,0.0,0.0,,,,501.0,64.0,0.1277445109780439,18.0,6.0,0.3333333333333333,796.0,58.0,0.0728643216080402,6.0,3.0,0.5,41.0,4.0,0.0975609756097561,2.0,2.0,1.0,123.0,8.0,0.0650406504065041,29.0,15.0,0.517241379310345,4451.0,397.0,0.0891934396764772,222.0,99.0,0.445945945945946,4.0,0.0,0.0,,,,,,,,,,7.0,0.0,0.0,,,,23.0,2.0,0.0869565217391304,,,,38.0,4.0,0.1052631578947368,,,,75.0,12.0,0.16,,,
2021-02-20 00:00:00,7576,732,0.0966209081309398,370.0,167.0,0.4513513513513514,22.0,2.0,0.0909090909090909,,,,72.0,6.0,0.0833333333333333,1.0,1.0,1.0,125.0,12.0,0.096,18.0,8.0,0.4444444444444444,15.0,0.0,0.0,,,,472.0,54.0,0.114406779661017,19.0,7.0,0.368421052631579,871.0,70.0,0.0803673938002296,7.0,2.0,0.2857142857142857,35.0,7.0,0.2,2.0,0.0,0.0,141.0,11.0,0.0780141843971631,23.0,12.0,0.5217391304347826,5115.0,506.0,0.0989247311827957,296.0,134.0,0.4527027027027028,1.0,1.0,1.0,,,,,,,,,,14.0,3.0,0.2142857142857143,,,,27.0,2.0,0.0740740740740741,2.0,1.0,0.5,142.0,13.0,0.0915492957746479,1.0,1.0,1.0,100.0,12.0,0.12,,,
2021-02-19 00:00:00,12984,1008,0.077634011090573,911.0,375.0,0.411635565312843,53.0,4.0,0.0754716981132076,,,,263.0,16.0,0.0608365019011407,16.0,10.0,0.625,263.0,21.0,0.0798479087452472,48.0,13.0,0.2708333333333333,56.0,3.0,0.0535714285714286,1.0,0.0,0.0,742.0,72.0,0.0970350404312669,56.0,28.0,0.5,1915.0,107.0,0.0558746736292428,85.0,23.0,0.2705882352941177,152.0,14.0,0.0921052631578947,3.0,0.0,0.0,314.0,32.0,0.1019108280254777,26.0,7.0,0.2692307692307692,7552.0,639.0,0.0846133474576271,632.0,277.0,0.4382911392405064,16.0,1.0,0.0625,4.0,4.0,1.0,1.0,0.0,0.0,1.0,0.0,0.0,13.0,3.0,0.2307692307692308,,,,68.0,7.0,0.1029411764705882,6.0,1.0,0.1666666666666667,330.0,28.0,0.0848484848484849,4.0,3.0,0.75,179.0,21.0,0.11731843575419,17.0,5.0,0.2941176470588236
2021-02-18 00:00:00,14167,1207,0.0851979953412861,969.0,429.0,0.4427244582043344,54.0,3.0,0.0555555555555556,,,,205.0,14.0,0.0682926829268293,20.0,11.0,0.55,329.0,18.0,0.0547112462006079,25.0,9.0,0.36,53.0,4.0,0.0754716981132076,2.0,2.0,1.0,710.0,83.0,0.1169014084507042,57.0,20.0,0.3508771929824561,2014.0,111.0,0.0551142005958292,66.0,30.0,0.4545454545454546,156.0,15.0,0.0961538461538462,5.0,1.0,0.2,339.0,42.0,0.1238938053097345,22.0,10.0,0.4545454545454546,8871.0,829.0,0.0934505692706572,738.0,334.0,0.4525745257452576,12.0,0.0,0.0,1.0,1.0,1.0,2.0,0.0,0.0,,,,37.0,6.0,0.1621621621621622,1.0,1.0,1.0,57.0,7.0,0.1228070175438597,4.0,1.0,0.25,314.0,28.0,0.089171974522293,8.0,3.0,0.375,223.0,9.0,0.0403587443946188,6.0,1.0,0.1666666666666667
2021-02-17 00:00:00,14805,1293,0.0873353596757852,1214.0,526.0,0.4332784184514003,44.0,10.0,0.2272727272727273,,,,227.0,25.0,0.1101321585903084,18.0,7.0,0.3888888888888889,310.0,19.0,0.0612903225806452,26.0,11.0,0.4230769230769231,40.0,3.0,0.075,1.0,1.0,1.0,898.0,103.0,0.1146993318485524,46.0,22.0,0.4782608695652174,1790.0,140.0,0.0782122905027933,57.0,20.0,0.3508771929824561,174.0,21.0,0.1206896551724138,5.0,2.0,0.4,341.0,37.0,0.1085043988269795,23.0,12.0,0.5217391304347826,9200.0,839.0,0.091195652173913,943.0,415.0,0.440084835630965,14.0,0.0,0.0,3.0,3.0,1.0,1.0,0.0,0.0,,,,30.0,3.0,0.1,,,,69.0,3.0,0.0434782608695652,2.0,2.0,1.0,352.0,29.0,0.0823863636363636,58.0,20.0,0.3448275862068966,409.0,28.0,0.0684596577017115,14.0,6.0,0.4285714285714286
2021-02-16 00:00:00,15605,1339,0.0858058314642743,1034.0,463.0,0.4477756286266925,59.0,5.0,0.0847457627118644,,,,241.0,26.0,0.1078838174273859,15.0,10.0,0.6666666666666666,271.0,17.0,0.0627306273062731,21.0,10.0,0.4761904761904762,49.0,7.0,0.1428571428571429,2.0,1.0,0.5,810.0,107.0,0.1320987654320988,68.0,27.0,0.3970588235294118,1915.0,125.0,0.0652741514360313,75.0,31.0,0.4133333333333334,169.0,14.0,0.0828402366863905,4.0,0.0,0.0,355.0,35.0,0.0985915492957746,32.0,12.0,0.375,9569.0,883.0,0.0922771449472254,755.0,346.0,0.4582781456953642,13.0,0.0,0.0,3.0,2.0,0.6666666666666666,1.0,0.0,0.0,1.0,1.0,1.0,29.0,5.0,0.1724137931034483,1.0,1.0,1.0,91.0,9.0,0.0989010989010989,6.0,3.0,0.5,325.0,26.0,0.08,17.0,8.0,0.4705882352941176,752.0,46.0,0.0611702127659575,9.0,3.0,0.3333333333333333
2021-02-15 00:00:00,12824,1275,0.0994229569557081,840.0,359.0,0.4273809523809524,52.0,2.0,0.0384615384615385,2.0,2.0,1.0,219.0,22.0,0.1004566210045662,13.0,7.0,0.5384615384615384,287.0,24.0,0.083623693379791,28.0,13.0,0.4642857142857144,36.0,2.0,0.0555555555555556,,,,659.0,66.0,0.1001517450682853,29.0,11.0,0.3793103448275862,1818.0,142.0,0.0781078107810781,82.0,31.0,0.3780487804878049,104.0,14.0,0.1346153846153846,4.0,0.0,0.0,297.0,35.0,0.1178451178451179,26.0,11.0,0.4230769230769231,8063.0,860.0,0.1066600520897929,610.0,265.0,0.4344262295081967,8.0,2.0,0.25,1.0,0.0,0.0,2.0,0.0,0.0,,,,22.0,3.0,0.1363636363636364,3.0,2.0,0.6666666666666666,85.0,19.0,0.2235294117647059,5.0,2.0,0.4,400.0,29.0,0.0725,10.0,6.0,0.6,138.0,17.0,0.1231884057971015,5.0,3.0,0.6
2021-02-14 00:00:00,5400,518,0.0959259259259259,242.0,89.0,0.3677685950413223,8.0,2.0,0.25,,,,64.0,10.0,0.15625,1.0,0.0,0.0,119.0,13.0,0.1092436974789916,1.0,1.0,1.0,13.0,3.0,0.2307692307692308,,,,346.0,32.0,0.092485549132948,10.0,0.0,0.0,775.0,68.0,0.087741935483871,12.0,5.0,0.4166666666666667,36.0,10.0,0.2777777777777778,,,,113.0,12.0,0.1061946902654867,1.0,0.0,0.0,3442.0,329.0,0.0955839628123184,216.0,83.0,0.3842592592592593,4.0,1.0,0.25,,,,,,,,,,4.0,0.0,0.0,,,,34.0,4.0,0.1176470588235294,,,,75.0,7.0,0.0933333333333333,,,,53.0,7.0,0.1320754716981132,1.0,0.0,0.0
2021-02-13 00:00:00,7298,672,0.0920800219238148,334.0,142.0,0.4251497005988024,21.0,2.0,0.0952380952380952,2.0,0.0,0.0,117.0,15.0,0.1282051282051282,1.0,1.0,1.0,144.0,10.0,0.0694444444444445,19.0,4.0,0.2105263157894737,17.0,2.0,0.1176470588235294,1.0,1.0,1.0,412.0,44.0,0.1067961165048544,12.0,6.0,0.5,1005.0,103.0,0.1024875621890547,13.0,5.0,0.3846153846153847,54.0,7.0,0.1296296296296296,1.0,0.0,0.0,136.0,11.0,0.0808823529411765,1.0,1.0,1.0,4675.0,431.0,0.092192513368984,281.0,122.0,0.4341637010676157,6.0,0.0,0.0,,,,,,,1.0,1.0,1.0,12.0,1.0,0.0833333333333333,,,,35.0,4.0,0.1142857142857143,,,,169.0,8.0,0.0473372781065089,,,,110.0,15.0,0.1363636363636364,,,
2021-02-12 00:00:00,12436,1006,0.0808941781923448,1033.0,495.0,0.47918683446273,74.0,5.0,0.0675675675675676,2.0,1.0,0.5,250.0,23.0,0.092,30.0,12.0,0.4,270.0,27.0,0.1,34.0,15.0,0.4411764705882353,71.0,6.0,0.0845070422535211,4.0,3.0,0.75,668.0,67.0,0.1002994011976048,47.0,31.0,0.6595744680851064,2021.0,168.0,0.0831271647699159,101.0,38.0,0.3762376237623763,150.0,18.0,0.12,3.0,2.0,0.6666666666666666,352.0,35.0,0.0994318181818182,15.0,10.0,0.6666666666666666,7293.0,571.0,0.078294254764843,737.0,351.0,0.4762550881953868,6.0,1.0,0.1666666666666667,2.0,2.0,1.0,6.0,0.0,0.0,,,,25.0,2.0,0.08,1.0,0.0,0.0,78.0,7.0,0.0897435897435898,7.0,2.0,0.2857142857142857,296.0,31.0,0.1047297297297297,9.0,3.0,0.3333333333333333,161.0,9.0,0.0559006211180124,12.0,7.0,0.5833333333333334
2021-02-11 00:00:00,14833,1097,0.0739567181284973,1148.0,487.0,0.4242160278745645,74.0,2.0,0.027027027027027,4.0,2.0,0.5,310.0,15.0,0.0483870967741936,71.0,37.0,0.5211267605633804,281.0,38.0,0.1352313167259787,77.0,31.0,0.4025974025974026,71.0,4.0,0.0563380281690141,2.0,0.0,0.0,767.0,94.0,0.1225554106910039,46.0,13.0,0.2826086956521739,2836.0,148.0,0.0521861777150917,84.0,35.0,0.4166666666666667,133.0,11.0,0.0827067669172932,4.0,1.0,0.25,505.0,39.0,0.0772277227722772,13.0,5.0,0.3846153846153847,8604.0,659.0,0.0765922826592283,766.0,330.0,0.4308093994778068,19.0,1.0,0.0526315789473684,1.0,1.0,1.0,2.0,1.0,0.5,,,,40.0,9.0,0.225,1.0,0.0,0.0,109.0,6.0,0.055045871559633,5.0,3.0,0.6,252.0,23.0,0.0912698412698413,34.0,9.0,0.2647058823529412,193.0,7.0,0.0362694300518135,10.0,3.0,0.3
2021-02-10 00:00:00,16094,1332,0.0827637628930036,993.0,492.0,0.4954682779456194,64.0,9.0,0.140625,1.0,1.0,1.0,247.0,29.0,0.1174089068825911,38.0,25.0,0.6578947368421054,308.0,25.0,0.0811688311688312,25.0,14.0,0.5600000000000002,97.0,5.0,0.0515463917525773,2.0,2.0,1.0,766.0,94.0,0.1227154046997389,54.0,30.0,0.5555555555555556,3430.0,242.0,0.0705539358600583,88.0,37.0,0.4204545454545455,186.0,27.0,0.1451612903225807,7.0,4.0,0.5714285714285714,1288.0,45.0,0.0349378881987578,16.0,7.0,0.4375,8357.0,772.0,0.0923776474811535,698.0,334.0,0.4785100286532952,20.0,1.0,0.05,1.0,1.0,1.0,,,,1.0,0.0,0.0,31.0,2.0,0.0645161290322581,,,,71.0,5.0,0.0704225352112676,8.0,2.0,0.25,350.0,28.0,0.08,11.0,6.0,0.5454545454545454,159.0,13.0,0.0817610062893082,10.0,7.0,0.7
2021-02-09 00:00:00,16199,1334,0.0823507623927403,1012.0,416.0,0.4110671936758894,66.0,7.0,0.1060606060606061,,,,258.0,27.0,0.1046511627906977,19.0,11.0,0.5789473684210528,277.0,19.0,0.0685920577617329,22.0,11.0,0.5,62.0,4.0,0.0645161290322581,1.0,0.0,0.0,1544.0,98.0,0.0634715025906736,52.0,26.0,0.5,3070.0,205.0,0.0667752442996743,100.0,39.0,0.39,152.0,15.0,0.0986842105263158,3.0,1.0,0.3333333333333333,358.0,41.0,0.1145251396648045,20.0,6.0,0.3,8908.0,803.0,0.0901436910642119,745.0,306.0,0.4107382550335571,74.0,1.0,0.0135135135135135,2.0,2.0,1.0,5.0,0.0,0.0,3.0,1.0,0.3333333333333333,40.0,6.0,0.15,,,,73.0,11.0,0.1506849315068493,3.0,1.0,0.3333333333333333,309.0,30.0,0.0970873786407767,19.0,3.0,0.1578947368421053,169.0,17.0,0.1005917159763314,12.0,2.0,0.1666666666666667
2021-02-08 00:00:00,17412,1569,0.0901102687801516,993.0,457.0,0.460221550855992,82.0,10.0,0.1219512195121951,2.0,1.0,0.5,351.0,38.0,0.1082621082621083,32.0,19.0,0.59375,365.0,29.0,0.0794520547945206,19.0,8.0,0.4210526315789474,83.0,11.0,0.1325301204819277,2.0,1.0,0.5,868.0,101.0,0.1163594470046083,57.0,25.0,0.4385964912280702,2210.0,191.0,0.0864253393665158,101.0,48.0,0.4752475247524752,240.0,28.0,0.1166666666666667,5.0,4.0,0.8,447.0,60.0,0.1342281879194631,30.0,13.0,0.4333333333333334,11001.0,973.0,0.0884465048631943,678.0,310.0,0.457227138643068,16.0,3.0,0.1875,1.0,1.0,1.0,6.0,2.0,0.3333333333333333,,,,49.0,4.0,0.0816326530612245,3.0,2.0,0.6666666666666666,85.0,16.0,0.1882352941176471,6.0,1.0,0.1666666666666667,454.0,39.0,0.0859030837004405,5.0,2.0,0.4,213.0,7.0,0.0328638497652582,21.0,12.0,0.5714285714285714
2021-02-07 00:00:00,6998,800,0.1143183766790512,163.0,78.0,0.4785276073619632,20.0,5.0,0.25,,,,92.0,9.0,0.0978260869565217,2.0,2.0,1.0,124.0,13.0,0.1048387096774194,18.0,8.0,0.4444444444444444,16.0,2.0,0.125,,,,428.0,49.0,0.1144859813084112,2.0,1.0,0.5,879.0,93.0,0.10580204778157,9.0,3.0,0.3333333333333333,48.0,8.0,0.1666666666666667,,,,189.0,30.0,0.1587301587301587,,,,4632.0,536.0,0.1157167530224525,130.0,63.0,0.4846153846153846,,,,,,,2.0,0.0,0.0,,,,18.0,1.0,0.0555555555555556,,,,41.0,5.0,0.1219512195121951,,,,67.0,8.0,0.1194029850746269,1.0,1.0,1.0,80.0,5.0,0.0625,,,
2021-02-06 00:00:00,9537,1123,0.1177519135996645,372.0,145.0,0.3897849462365592,27.0,5.0,0.1851851851851852,3.0,3.0,1.0,137.0,17.0,0.1240875912408759,,,,160.0,32.0,0.2,2.0,1.0,0.5,21.0,3.0,0.1428571428571429,,,,510.0,58.0,0.1137254901960784,31.0,14.0,0.4516129032258064,1257.0,122.0,0.0970564836913286,21.0,7.0,0.3333333333333333,87.0,14.0,0.1609195402298851,,,,267.0,35.0,0.1310861423220974,3.0,0.0,0.0,6277.0,768.0,0.1223514417715469,308.0,119.0,0.3863636363636364,5.0,2.0,0.4,,,,,,,,,,7.0,1.0,0.1428571428571429,,,,64.0,6.0,0.09375,,,,159.0,7.0,0.0440251572327044,,,,115.0,14.0,0.1217391304347826,1.0,0.0,0.0
2021-02-05 00:00:00,14878,1527,0.102634762736927,1054.0,446.0,0.4231499051233397,71.0,15.0,0.2112676056338028,1.0,1.0,1.0,310.0,42.0,0.135483870967742,23.0,11.0,0.4782608695652174,243.0,19.0,0.0781893004115226,28.0,12.0,0.4285714285714286,70.0,2.0,0.0285714285714286,10.0,6.0,0.6,845.0,92.0,0.1088757396449704,61.0,30.0,0.4918032786885246,2463.0,238.0,0.096630125862769,117.0,41.0,0.3504273504273504,173.0,21.0,0.1213872832369942,5.0,0.0,0.0,472.0,33.0,0.0699152542372881,21.0,7.0,0.3333333333333333,8831.0,965.0,0.1092741478881214,739.0,323.0,0.4370771312584574,16.0,2.0,0.125,3.0,3.0,1.0,2.0,0.0,0.0,1.0,0.0,0.0,33.0,1.0,0.0303030303030303,1.0,1.0,1.0,79.0,7.0,0.0886075949367089,1.0,1.0,1.0,296.0,33.0,0.1114864864864865,6.0,1.0,0.1666666666666667,189.0,15.0,0.0793650793650794,11.0,3.0,0.2727272727272727
2021-02-04 00:00:00,15838,1785,0.1127036241949741,1143.0,482.0,0.4216972878390201,128.0,7.0,0.0546875,3.0,2.0,0.6666666666666666,623.0,51.0,0.0818619582664527,29.0,18.0,0.6206896551724138,297.0,31.0,0.1043771043771044,19.0,3.0,0.1578947368421053,63.0,6.0,0.0952380952380952,3.0,1.0,0.3333333333333333,826.0,91.0,0.1101694915254237,77.0,37.0,0.4805194805194806,2257.0,258.0,0.1143110323438192,95.0,43.0,0.4526315789473684,171.0,22.0,0.1286549707602339,2.0,1.0,0.5,517.0,45.0,0.0870406189555126,56.0,19.0,0.3392857142857143,9449.0,1136.0,0.120224362366388,804.0,339.0,0.4216417910447761,132.0,2.0,0.0151515151515152,,,,3.0,0.0,0.0,,,,49.0,14.0,0.2857142857142857,,,,95.0,14.0,0.1473684210526316,5.0,2.0,0.4,357.0,36.0,0.1008403361344538,13.0,4.0,0.3076923076923077,172.0,18.0,0.1046511627906977,5.0,2.0,0.4
2021-02-03 00:00:00,18326,2006,0.1094619666048238,1336.0,564.0,0.4221556886227545,87.0,5.0,0.0574712643678161,,,,714.0,104.0,0.1456582633053222,32.0,22.0,0.6875,353.0,32.0,0.0906515580736544,61.0,24.0,0.3934426229508197,63.0,9.0,0.1428571428571429,6.0,3.0,0.5,2099.0,132.0,0.0628870890900429,72.0,25.0,0.3472222222222222,2143.0,227.0,0.1059262715818945,118.0,56.0,0.4745762711864408,232.0,29.0,0.125,17.0,7.0,0.4117647058823529,479.0,56.0,0.116910229645094,87.0,29.0,0.3333333333333333,10671.0,1282.0,0.1201386936557024,890.0,377.0,0.4235955056179776,12.0,0.0,0.0,1.0,0.0,0.0,3.0,0.0,0.0,,,,56.0,9.0,0.1607142857142857,1.0,0.0,0.0,106.0,7.0,0.0660377358490566,7.0,2.0,0.2857142857142857,461.0,47.0,0.1019522776572668,7.0,3.0,0.4285714285714286,216.0,18.0,0.0833333333333333,10.0,4.0,0.4
2021-02-02 00:00:00,17961,2269,0.1263292689716608,1209.0,508.0,0.4201819685690654,121.0,21.0,0.1735537190082645,2.0,0.0,0.0,964.0,62.0,0.0643153526970954,31.0,18.0,0.5806451612903226,370.0,42.0,0.1135135135135135,30.0,7.0,0.2333333333333334,94.0,15.0,0.1595744680851064,3.0,1.0,0.3333333333333333,926.0,139.0,0.1501079913606912,58.0,31.0,0.5344827586206896,2658.0,320.0,0.1203912716328066,123.0,50.0,0.4065040650406504,197.0,32.0,0.1624365482233503,6.0,2.0,0.3333333333333333,485.0,66.0,0.1360824742268041,38.0,8.0,0.2105263157894737,10595.0,1428.0,0.1347805568664465,847.0,355.0,0.4191263282172374,14.0,0.0,0.0,1.0,1.0,1.0,8.0,0.0,0.0,1.0,1.0,1.0,41.0,5.0,0.1219512195121951,1.0,0.0,0.0,128.0,15.0,0.1171875,5.0,2.0,0.4,391.0,53.0,0.1355498721227622,7.0,4.0,0.5714285714285714,280.0,23.0,0.0821428571428571,11.0,3.0,0.2727272727272727
2021-02-01 00:00:00,18740,2576,0.1374599786552828,1134.0,498.0,0.4391534391534392,94.0,11.0,0.1170212765957447,2.0,0.0,0.0,463.0,73.0,0.1576673866090713,21.0,10.0,0.4761904761904762,383.0,45.0,0.1174934725848564,31.0,13.0,0.4193548387096775,60.0,9.0,0.15,12.0,8.0,0.6666666666666666,923.0,177.0,0.1917659804983749,88.0,48.0,0.5454545454545454,2777.0,343.0,0.1235145840835434,122.0,49.0,0.4016393442622951,288.0,51.0,0.1770833333333334,10.0,4.0,0.4,632.0,84.0,0.1329113924050633,18.0,8.0,0.4444444444444444,11429.0,1591.0,0.1392072797270103,739.0,337.0,0.456021650879567,28.0,10.0,0.3571428571428572,,,,4.0,1.0,0.25,,,,59.0,9.0,0.152542372881356,2.0,1.0,0.5,108.0,22.0,0.2037037037037037,8.0,0.0,0.0,535.0,57.0,0.1065420560747664,29.0,7.0,0.2413793103448276,205.0,24.0,0.1170731707317073,12.0,3.0,0.25
2021-01-31 00:00:00,8634,1378,0.1596015751679407,238.0,83.0,0.3487394957983193,29.0,7.0,0.2413793103448276,,,,156.0,24.0,0.1538461538461539,,,,155.0,27.0,0.1741935483870968,,,,23.0,4.0,0.1739130434782609,1.0,1.0,1.0,579.0,122.0,0.2107081174438688,6.0,4.0,0.6666666666666666,1065.0,158.0,0.1483568075117371,7.0,2.0,0.2857142857142857,47.0,11.0,0.2340425531914894,1.0,1.0,1.0,216.0,28.0,0.1296296296296296,2.0,1.0,0.5,5838.0,935.0,0.1601575882151422,215.0,72.0,0.3348837209302326,5.0,0.0,0.0,,,,,,,,,,20.0,1.0,0.05,,,,34.0,8.0,0.2352941176470588,,,,77.0,16.0,0.2077922077922078,1.0,0.0,0.0,83.0,13.0,0.1566265060240964,,,
2021-01-30 00:00:00,11620,1965,0.169104991394148,430.0,153.0,0.3558139534883721,23.0,3.0,0.1304347826086957,2.0,1.0,0.5,373.0,35.0,0.0938337801608579,3.0,2.0,0.6666666666666666,207.0,37.0,0.178743961352657,,,,29.0,3.0,0.103448275862069,,,,626.0,105.0,0.1677316293929713,99.0,30.0,0.3030303030303031,1515.0,266.0,0.1755775577557756,11.0,3.0,0.2727272727272727,68.0,10.0,0.1470588235294118,1.0,1.0,1.0,277.0,47.0,0.1696750902527076,,,,7538.0,1338.0,0.1775006633059167,300.0,110.0,0.3666666666666667,8.0,2.0,0.25,,,,,,,,,,21.0,6.0,0.2857142857142857,,,,40.0,6.0,0.15,,,,231.0,19.0,0.0822510822510823,10.0,3.0,0.3,199.0,19.0,0.0954773869346734,,,
2021-01-29 00:00:00,17877,2527,0.1413548134474464,1075.0,459.0,0.4269767441860466,142.0,22.0,0.1549295774647887,,,,388.0,65.0,0.1675257731958763,12.0,9.0,0.75,370.0,60.0,0.1621621621621622,27.0,11.0,0.4074074074074074,78.0,9.0,0.1153846153846154,1.0,1.0,1.0,872.0,155.0,0.1777522935779817,58.0,27.0,0.4655172413793104,2854.0,329.0,0.1152768044849334,91.0,47.0,0.5164835164835166,209.0,34.0,0.1626794258373206,3.0,0.0,0.0,476.0,82.0,0.1722689075630252,28.0,10.0,0.3571428571428572,10963.0,1625.0,0.1482258505883426,803.0,333.0,0.414694894146949,16.0,2.0,0.125,2.0,0.0,0.0,1.0,0.0,0.0,,,,63.0,11.0,0.1746031746031746,5.0,1.0,0.2,111.0,19.0,0.1711711711711712,7.0,2.0,0.2857142857142857,362.0,42.0,0.1160220994475138,8.0,3.0,0.375,192.0,23.0,0.1197916666666667,8.0,0.0,0.0
2021-01-28 00:00:00,20221,3037,0.1501903961228426,1029.0,390.0,0.3790087463556852,141.0,19.0,0.1347517730496454,2.0,2.0,1.0,494.0,65.0,0.1315789473684211,26.0,16.0,0.6153846153846154,478.0,63.0,0.1317991631799163,29.0,8.0,0.2758620689655173,79.0,7.0,0.0886075949367089,4.0,3.0,0.75,1440.0,209.0,0.1451388888888889,53.0,27.0,0.509433962264151,2751.0,376.0,0.1366775717920756,84.0,32.0,0.380952380952381,261.0,49.0,0.1877394636015326,43.0,13.0,0.3023255813953488,983.0,286.0,0.2909460834181079,21.0,10.0,0.4761904761904762,11922.0,1762.0,0.147793994296259,737.0,263.0,0.3568521031207598,50.0,11.0,0.22,,,,6.0,1.0,0.1666666666666667,,,,47.0,12.0,0.2553191489361702,2.0,1.0,0.5,148.0,34.0,0.2297297297297298,5.0,2.0,0.4,359.0,42.0,0.116991643454039,5.0,1.0,0.2,181.0,21.0,0.1160220994475138,5.0,2.0,0.4
2021-01-27 00:00:00,22376,3437,0.1536020736503397,1329.0,524.0,0.3942814145974417,100.0,10.0,0.1,1.0,1.0,1.0,466.0,80.0,0.1716738197424893,25.0,13.0,0.52,440.0,59.0,0.1340909090909091,48.0,11.0,0.2291666666666667,147.0,19.0,0.1292517006802721,4.0,4.0,1.0,1751.0,203.0,0.1159337521416334,57.0,24.0,0.4210526315789474,3075.0,435.0,0.1414634146341463,86.0,35.0,0.4069767441860465,263.0,62.0,0.2357414448669202,8.0,3.0,0.375,1420.0,349.0,0.245774647887324,38.0,19.0,0.5,13092.0,2014.0,0.1538344026886648,1014.0,393.0,0.3875739644970414,26.0,4.0,0.1538461538461539,1.0,0.0,0.0,2.0,0.0,0.0,,,,66.0,11.0,0.1666666666666667,2.0,2.0,1.0,70.0,21.0,0.3,5.0,2.0,0.4,447.0,54.0,0.1208053691275168,10.0,0.0,0.0,203.0,26.0,0.1280788177339902,12.0,4.0,0.3333333333333333
2021-01-26 00:00:00,20779,3336,0.1605467058087492,1167.0,493.0,0.4224507283633248,78.0,15.0,0.1923076923076923,1.0,0.0,0.0,469.0,104.0,0.2217484008528785,25.0,14.0,0.5600000000000002,184.0,39.0,0.2119565217391304,4.0,2.0,0.5,44.0,9.0,0.2045454545454546,2.0,2.0,1.0,1893.0,208.0,0.109878499735869,57.0,35.0,0.6140350877192984,3024.0,416.0,0.1375661375661376,114.0,57.0,0.5,142.0,29.0,0.2042253521126761,1.0,1.0,1.0,326.0,57.0,0.1748466257668712,23.0,9.0,0.391304347826087,13123.0,2289.0,0.1744265792882725,900.0,349.0,0.3877777777777778,35.0,7.0,0.2,3.0,3.0,1.0,1.0,0.0,0.0,,,,113.0,23.0,0.2035398230088496,1.0,0.0,0.0,46.0,8.0,0.1739130434782609,,,,249.0,31.0,0.1244979919678715,1.0,0.0,0.0,212.0,29.0,0.1367924528301887,14.0,8.0,0.5714285714285714
2021-01-25 00:00:00,21420,3528,0.1647058823529412,989.0,408.0,0.4125379170879677,111.0,19.0,0.1711711711711712,2.0,0.0,0.0,529.0,121.0,0.2287334593572779,19.0,9.0,0.4736842105263158,277.0,48.0,0.1732851985559567,11.0,2.0,0.1818181818181818,109.0,19.0,0.1743119266055046,2.0,0.0,0.0,1186.0,224.0,0.1888701517706577,57.0,23.0,0.4035087719298246,3788.0,494.0,0.1304118268215417,74.0,30.0,0.4054054054054055,250.0,48.0,0.192,5.0,3.0,0.6,601.0,112.0,0.1863560732113145,22.0,11.0,0.5,12877.0,2254.0,0.1750407703657684,751.0,314.0,0.4181091877496671,34.0,4.0,0.1176470588235294,5.0,1.0,0.2,4.0,2.0,0.5,,,,46.0,8.0,0.1739130434782609,1.0,0.0,0.0,99.0,21.0,0.2121212121212121,2.0,1.0,0.5,282.0,32.0,0.1134751773049645,6.0,1.0,0.1666666666666667,230.0,25.0,0.108695652173913,17.0,5.0,0.2941176470588236
2021-01-24 00:00:00,10840,2154,0.1987084870848709,325.0,109.0,0.3353846153846154,30.0,5.0,0.1666666666666667,,,,130.0,19.0,0.1461538461538462,1.0,0.0,0.0,165.0,44.0,0.2666666666666667,1.0,0.0,0.0,17.0,2.0,0.1176470588235294,,,,603.0,124.0,0.2056384742951907,43.0,18.0,0.4186046511627907,1425.0,232.0,0.1628070175438597,8.0,4.0,0.5,48.0,12.0,0.25,1.0,1.0,1.0,335.0,62.0,0.1850746268656717,10.0,3.0,0.3,7434.0,1563.0,0.2102502017756255,257.0,81.0,0.3151750972762646,1.0,0.0,0.0,,,,,,,,,,8.0,0.0,0.0,,,,63.0,11.0,0.1746031746031746,,,,71.0,14.0,0.1971830985915493,,,,110.0,11.0,0.1,,,
2021-01-23 00:00:00,14581,2893,0.1984088882792675,460.0,139.0,0.3021739130434783,33.0,6.0,0.1818181818181818,,,,114.0,34.0,0.2982456140350877,3.0,0.0,0.0,232.0,55.0,0.2370689655172414,28.0,6.0,0.2142857142857143,32.0,11.0,0.34375,,,,923.0,184.0,0.1993499458288191,45.0,13.0,0.2888888888888889,1774.0,337.0,0.1899661781285231,12.0,5.0,0.4166666666666667,71.0,13.0,0.1830985915492958,1.0,1.0,1.0,414.0,70.0,0.1690821256038647,30.0,7.0,0.2333333333333334,10010.0,2056.0,0.2053946053946054,338.0,106.0,0.3136094674556213,9.0,2.0,0.2222222222222222,,,,2.0,0.0,0.0,,,,13.0,0.0,0.0,,,,114.0,22.0,0.1929824561403509,,,,176.0,23.0,0.1306818181818182,,,,202.0,27.0,0.1336633663366337,2.0,0.0,0.0
2021-01-22 00:00:00,23027,3958,0.1718851782689886,1096.0,421.0,0.3841240875912409,141.0,20.0,0.1418439716312057,1.0,1.0,1.0,494.0,113.0,0.2287449392712551,26.0,18.0,0.6923076923076924,429.0,90.0,0.2097902097902098,27.0,10.0,0.3703703703703704,151.0,28.0,0.185430463576159,2.0,1.0,0.5,1481.0,280.0,0.1890614449696151,68.0,29.0,0.4264705882352941,4151.0,576.0,0.1387617441580342,73.0,28.0,0.3835616438356164,278.0,49.0,0.1762589928057554,14.0,1.0,0.0714285714285714,573.0,104.0,0.181500872600349,35.0,14.0,0.4,13490.0,2457.0,0.1821349147516679,801.0,301.0,0.3757802746566792,10.0,2.0,0.2,6.0,3.0,0.5,3.0,0.0,0.0,,,,46.0,16.0,0.3478260869565218,1.0,1.0,1.0,196.0,27.0,0.1377551020408163,7.0,0.0,0.0,481.0,77.0,0.1600831600831601,11.0,4.0,0.3636363636363637,207.0,42.0,0.2028985507246377,16.0,6.0,0.375
2021-01-21 00:00:00,25715,4298,0.1671398016721758,1264.0,480.0,0.379746835443038,133.0,22.0,0.1654135338345865,2.0,1.0,0.5,539.0,117.0,0.2170686456400742,20.0,13.0,0.65,497.0,89.0,0.1790744466800805,37.0,13.0,0.3513513513513514,129.0,29.0,0.2248062015503876,10.0,6.0,0.6,1718.0,312.0,0.1816065192083818,66.0,26.0,0.3939393939393939,4409.0,523.0,0.1186210024948968,90.0,28.0,0.3111111111111111,315.0,65.0,0.2063492063492064,9.0,2.0,0.2222222222222222,703.0,134.0,0.1906116642958748,31.0,12.0,0.3870967741935484,15246.0,2752.0,0.1805063623245442,943.0,363.0,0.3849416755037116,26.0,4.0,0.1538461538461539,4.0,0.0,0.0,6.0,0.0,0.0,,,,66.0,9.0,0.1363636363636364,2.0,2.0,1.0,158.0,25.0,0.1582278481012658,6.0,3.0,0.5,473.0,59.0,0.1247357293868922,20.0,5.0,0.25,316.0,54.0,0.1708860759493671,11.0,3.0,0.2727272727272727
2021-01-20 00:00:00,25614,4542,0.1773249004450691,1121.0,435.0,0.3880463871543265,122.0,11.0,0.0901639344262295,4.0,2.0,0.5,510.0,109.0,0.2137254901960784,23.0,11.0,0.4782608695652174,621.0,107.0,0.1723027375201288,25.0,12.0,0.48,143.0,34.0,0.2377622377622378,1.0,0.0,0.0,2448.0,506.0,0.2066993464052288,60.0,20.0,0.3333333333333333,3970.0,592.0,0.1491183879093199,76.0,16.0,0.2105263157894737,287.0,41.0,0.1428571428571429,22.0,19.0,0.8636363636363636,711.0,122.0,0.1715893108298172,23.0,11.0,0.4782608695652174,14742.0,2732.0,0.1853208519875187,838.0,325.0,0.3878281622911695,41.0,6.0,0.1463414634146342,5.0,2.0,0.4,3.0,1.0,0.3333333333333333,,,,40.0,21.0,0.525,1.0,1.0,1.0,106.0,29.0,0.2735849056603774,5.0,2.0,0.4,564.0,82.0,0.1453900709219858,5.0,3.0,0.6,342.0,39.0,0.1140350877192983,15.0,5.0,0.3333333333333333
2021-01-19 00:00:00,26756,5132,0.1918074450590522,1349.0,513.0,0.3802816901408451,178.0,21.0,0.1179775280898876,2.0,1.0,0.5,862.0,220.0,0.2552204176334107,25.0,16.0,0.64,531.0,85.0,0.160075329566855,34.0,10.0,0.2941176470588236,162.0,30.0,0.1851851851851852,2.0,1.0,0.5,1816.0,368.0,0.2026431718061674,89.0,40.0,0.449438202247191,4058.0,679.0,0.1673238048299655,92.0,28.0,0.3043478260869566,338.0,76.0,0.2248520710059172,9.0,7.0,0.7777777777777778,682.0,153.0,0.2243401759530792,26.0,7.0,0.2692307692307692,15861.0,3161.0,0.1992938654561503,1027.0,386.0,0.3758519961051607,51.0,12.0,0.2352941176470588,,,,7.0,1.0,0.1428571428571429,1.0,0.0,0.0,73.0,19.0,0.2602739726027397,2.0,1.0,0.5,133.0,26.0,0.1954887218045113,4.0,3.0,0.75,561.0,84.0,0.1497326203208556,18.0,5.0,0.2777777777777778,349.0,50.0,0.1432664756446991,10.0,3.0,0.3
2021-01-18 00:00:00,22827,4380,0.1918780391641477,1065.0,382.0,0.3586854460093897,101.0,22.0,0.2178217821782178,3.0,0.0,0.0,415.0,100.0,0.2409638554216868,17.0,9.0,0.5294117647058824,502.0,87.0,0.1733067729083666,33.0,12.0,0.3636363636363637,42.0,15.0,0.3571428571428572,1.0,1.0,1.0,1453.0,317.0,0.2181693048864419,49.0,14.0,0.2857142857142857,2704.0,460.0,0.1701183431952663,73.0,28.0,0.3835616438356164,258.0,42.0,0.1627906976744186,8.0,3.0,0.375,752.0,170.0,0.2260638297872341,27.0,9.0,0.3333333333333333,14260.0,2894.0,0.202945301542777,798.0,290.0,0.3634085213032582,7.0,1.0,0.1428571428571429,1.0,1.0,1.0,4.0,0.0,0.0,,,,106.0,15.0,0.1415094339622642,3.0,0.0,0.0,121.0,20.0,0.1652892561983471,8.0,4.0,0.5,504.0,91.0,0.1805555555555556,24.0,3.0,0.125,707.0,50.0,0.0707213578500707,13.0,6.0,0.4615384615384616
2021-01-17 00:00:00,13746,2946,0.214316892186818,281.0,86.0,0.306049822064057,58.0,10.0,0.1724137931034483,2.0,0.0,0.0,156.0,37.0,0.2371794871794872,3.0,1.0,0.3333333333333333,254.0,64.0,0.2519685039370079,24.0,6.0,0.25,42.0,13.0,0.3095238095238096,,,,853.0,169.0,0.1981242672919109,17.0,3.0,0.1764705882352941,1851.0,359.0,0.1939492166396543,22.0,7.0,0.3181818181818182,88.0,23.0,0.2613636363636364,,,,399.0,109.0,0.2731829573934837,3.0,0.0,0.0,9248.0,2010.0,0.2173442906574395,205.0,67.0,0.326829268292683,8.0,2.0,0.25,,,,,,,,,,5.0,3.0,0.6,,,,36.0,8.0,0.2222222222222222,2.0,0.0,0.0,85.0,21.0,0.2470588235294118,1.0,1.0,1.0,188.0,29.0,0.1542553191489362,1.0,1.0,1.0
2021-01-16 00:00:00,16640,3311,0.1989783653846154,365.0,139.0,0.3808219178082192,55.0,17.0,0.3090909090909091,2.0,1.0,0.5,182.0,42.0,0.2307692307692308,20.0,5.0,0.25,263.0,60.0,0.2281368821292776,17.0,5.0,0.2941176470588236,36.0,10.0,0.2777777777777778,,,,1031.0,246.0,0.2386032977691562,14.0,5.0,0.3571428571428572,2412.0,510.0,0.2114427860696518,7.0,3.0,0.4285714285714286,107.0,19.0,0.1775700934579439,,,,446.0,97.0,0.2174887892376682,3.0,2.0,0.6666666666666666,10877.0,2099.0,0.1929760044129815,289.0,113.0,0.3910034602076125,12.0,5.0,0.4166666666666667,1.0,0.0,0.0,,,,1.0,0.0,0.0,10.0,3.0,0.3,1.0,1.0,1.0,191.0,36.0,0.1884816753926702,1.0,0.0,0.0,268.0,47.0,0.1753731343283582,,,,268.0,38.0,0.1417910447761194,5.0,4.0,0.8
2021-01-15 00:00:00,24877,4891,0.1966073079551393,1225.0,413.0,0.3371428571428572,208.0,25.0,0.1201923076923077,2.0,1.0,0.5,844.0,190.0,0.2251184834123223,44.0,17.0,0.3863636363636364,635.0,135.0,0.2125984251968504,62.0,16.0,0.2580645161290323,161.0,29.0,0.1801242236024845,2.0,1.0,0.5,1584.0,349.0,0.2203282828282828,71.0,22.0,0.3098591549295775,3960.0,645.0,0.1628787878787879,96.0,33.0,0.34375,306.0,55.0,0.1797385620915033,11.0,5.0,0.4545454545454546,753.0,174.0,0.2310756972111554,22.0,10.0,0.4545454545454546,14438.0,2980.0,0.2063997783626541,867.0,291.0,0.3356401384083045,18.0,5.0,0.2777777777777778,4.0,2.0,0.5,6.0,0.0,0.0,4.0,0.0,0.0,46.0,16.0,0.3478260869565218,,,,122.0,24.0,0.1967213114754098,5.0,4.0,0.8,537.0,94.0,0.1750465549348231,9.0,2.0,0.2222222222222222,338.0,47.0,0.1390532544378698,15.0,7.0,0.4666666666666668
2021-01-14 00:00:00,27409,5149,0.1878580028457806,1267.0,436.0,0.3441199684293607,188.0,25.0,0.1329787234042553,1.0,0.0,0.0,1042.0,197.0,0.1890595009596929,52.0,17.0,0.326923076923077,628.0,132.0,0.2101910828025478,30.0,12.0,0.4,156.0,47.0,0.3012820512820513,7.0,3.0,0.4285714285714286,1758.0,308.0,0.1751990898748578,65.0,19.0,0.2923076923076923,3453.0,601.0,0.1740515493773531,82.0,18.0,0.2195121951219512,323.0,69.0,0.2136222910216718,39.0,10.0,0.2564102564102564,808.0,181.0,0.224009900990099,20.0,9.0,0.45,16806.0,3265.0,0.1942758538617161,924.0,328.0,0.354978354978355,37.0,10.0,0.2702702702702703,1.0,0.0,0.0,1.0,1.0,1.0,,,,71.0,14.0,0.1971830985915493,2.0,1.0,0.5,210.0,35.0,0.1666666666666667,5.0,4.0,0.8,540.0,102.0,0.1888888888888889,7.0,4.0,0.5714285714285714,364.0,50.0,0.1373626373626374,19.0,5.0,0.2631578947368421
2021-01-13 00:00:00,28554,5392,0.188835189465574,1122.0,377.0,0.3360071301247772,182.0,19.0,0.1043956043956044,1.0,0.0,0.0,818.0,217.0,0.265281173594132,48.0,26.0,0.5416666666666666,672.0,120.0,0.1785714285714286,28.0,6.0,0.2142857142857143,161.0,33.0,0.2049689440993789,2.0,0.0,0.0,1798.0,338.0,0.1879866518353726,48.0,17.0,0.3541666666666667,3817.0,691.0,0.18103222425989,118.0,23.0,0.1949152542372882,463.0,105.0,0.2267818574514039,7.0,4.0,0.5714285714285714,899.0,195.0,0.2169076751946607,25.0,8.0,0.32,17397.0,3309.0,0.1902052077944473,776.0,265.0,0.3414948453608248,60.0,12.0,0.2,5.0,0.0,0.0,1.0,0.0,0.0,3.0,1.0,0.3333333333333333,79.0,18.0,0.2278481012658228,3.0,2.0,0.6666666666666666,120.0,29.0,0.2416666666666667,23.0,6.0,0.2608695652173913,613.0,129.0,0.2104404567699837,10.0,7.0,0.7,384.0,60.0,0.15625,11.0,5.0,0.4545454545454546
2021-01-12 00:00:00,30083,5908,0.1963899877006948,1308.0,404.0,0.308868501529052,219.0,39.0,0.1780821917808219,1.0,1.0,1.0,741.0,197.0,0.2658569500674764,32.0,19.0,0.59375,788.0,155.0,0.1967005076142132,47.0,17.0,0.3617021276595745,309.0,45.0,0.1456310679611651,6.0,3.0,0.5,1891.0,382.0,0.2020095187731359,80.0,27.0,0.3375,4213.0,783.0,0.1858533111796819,162.0,23.0,0.1419753086419753,381.0,72.0,0.1889763779527559,8.0,3.0,0.375,861.0,206.0,0.2392566782810686,24.0,9.0,0.375,18276.0,3635.0,0.1988947253228278,870.0,285.0,0.3275862068965517,50.0,5.0,0.1,4.0,0.0,0.0,7.0,0.0,0.0,,,,68.0,21.0,0.3088235294117647,,,,117.0,26.0,0.2222222222222222,6.0,4.0,0.6666666666666666,627.0,122.0,0.1945773524720893,38.0,4.0,0.1052631578947368,403.0,60.0,0.1488833746898263,12.0,5.0,0.4166666666666667
2021-01-11 00:00:00,32146,6455,0.2008025881913768,1130.0,427.0,0.3778761061946903,217.0,27.0,0.1244239631336406,5.0,2.0,0.4,986.0,268.0,0.2718052738336714,26.0,15.0,0.576923076923077,894.0,182.0,0.203579418344519,19.0,10.0,0.5263157894736842,189.0,45.0,0.2380952380952381,8.0,4.0,0.5,2070.0,413.0,0.1995169082125604,58.0,28.0,0.4827586206896552,4437.0,836.0,0.1884155961235069,172.0,34.0,0.1976744186046512,640.0,115.0,0.1796875,14.0,6.0,0.4285714285714286,928.0,241.0,0.259698275862069,20.0,3.0,0.15,18777.0,3853.0,0.2051978484315918,771.0,312.0,0.4046692607003891,113.0,21.0,0.1858407079646018,,,,4.0,1.0,0.25,,,,80.0,21.0,0.2625,6.0,1.0,0.1666666666666667,182.0,42.0,0.2307692307692308,4.0,3.0,0.75,840.0,150.0,0.1785714285714286,2.0,0.0,0.0,462.0,78.0,0.1688311688311688,14.0,4.0,0.2857142857142857
2021-01-10 00:00:00,16399,3596,0.2192816635160681,240.0,73.0,0.3041666666666667,35.0,8.0,0.2285714285714286,4.0,2.0,0.5,255.0,74.0,0.2901960784313726,2.0,2.0,1.0,247.0,70.0,0.2834008097165992,1.0,1.0,1.0,44.0,14.0,0.3181818181818182,1.0,0.0,0.0,987.0,218.0,0.220871327254306,8.0,3.0,0.375,2360.0,521.0,0.2207627118644068,11.0,3.0,0.2727272727272727,147.0,24.0,0.163265306122449,1.0,0.0,0.0,472.0,129.0,0.2733050847457627,3.0,2.0,0.6666666666666666,10681.0,2354.0,0.2203913491246138,188.0,55.0,0.2925531914893617,10.0,3.0,0.3,,,,,,,,,,11.0,1.0,0.0909090909090909,,,,51.0,8.0,0.1568627450980392,,,,128.0,29.0,0.2265625,17.0,3.0,0.1764705882352941,317.0,54.0,0.1703470031545741,,,
2021-01-09 00:00:00,21333,4681,0.2194253035203675,344.0,103.0,0.2994186046511628,62.0,13.0,0.2096774193548387,4.0,1.0,0.25,237.0,86.0,0.3628691983122363,1.0,1.0,1.0,273.0,75.0,0.2747252747252748,1.0,1.0,1.0,63.0,15.0,0.2380952380952381,,,,1296.0,274.0,0.2114197530864198,19.0,8.0,0.4210526315789474,2772.0,594.0,0.2142857142857143,9.0,5.0,0.5555555555555556,182.0,56.0,0.3076923076923077,1.0,1.0,1.0,666.0,159.0,0.2387387387387388,1.0,0.0,0.0,14313.0,3190.0,0.2228743100677706,300.0,81.0,0.27,13.0,1.0,0.0769230769230769,,,,1.0,0.0,0.0,,,,13.0,3.0,0.2307692307692308,,,,58.0,13.0,0.2241379310344828,3.0,2.0,0.6666666666666666,395.0,65.0,0.1645569620253165,1.0,1.0,1.0,317.0,50.0,0.1577287066246057,,,
2021-01-08 00:00:00,31003,6180,0.1993355481727575,1231.0,361.0,0.2932575142160845,305.0,43.0,0.1409836065573771,,,,814.0,168.0,0.2063882063882064,24.0,9.0,0.375,773.0,161.0,0.2082794307891333,75.0,20.0,0.2666666666666667,303.0,58.0,0.1914191419141914,6.0,2.0,0.3333333333333333,2302.0,434.0,0.1885317115551694,68.0,16.0,0.2352941176470588,4499.0,789.0,0.1753723049566571,191.0,32.0,0.1675392670157068,436.0,83.0,0.1903669724770642,8.0,3.0,0.375,1005.0,231.0,0.2298507462686567,32.0,8.0,0.25,18275.0,3828.0,0.2094664842681259,782.0,262.0,0.3350383631713555,30.0,6.0,0.2,2.0,0.0,0.0,3.0,1.0,0.3333333333333333,,,,52.0,12.0,0.2307692307692308,4.0,2.0,0.5,218.0,49.0,0.2247706422018349,1.0,1.0,1.0,534.0,110.0,0.2059925093632959,7.0,1.0,0.1428571428571429,473.0,80.0,0.1691331923890064,15.0,1.0,0.0666666666666667
2021-01-07 00:00:00,32577,6897,0.2117137857997974,1337.0,401.0,0.299925205684368,305.0,58.0,0.1901639344262295,1.0,0.0,0.0,860.0,212.0,0.2465116279069768,20.0,7.0,0.35,743.0,183.0,0.2462987886944818,43.0,18.0,0.4186046511627907,246.0,50.0,0.2032520325203252,1.0,0.0,0.0,2487.0,494.0,0.1986328910333735,50.0,21.0,0.42,4305.0,915.0,0.2125435540069687,202.0,32.0,0.1584158415841584,413.0,97.0,0.2348668280871671,30.0,9.0,0.3,868.0,195.0,0.2246543778801843,96.0,22.0,0.2291666666666667,19816.0,4233.0,0.2136152603956399,847.0,285.0,0.3364817001180638,96.0,15.0,0.15625,2.0,0.0,0.0,2.0,0.0,0.0,,,,57.0,13.0,0.2280701754385965,3.0,1.0,0.3333333333333333,149.0,25.0,0.1677852348993289,12.0,4.0,0.3333333333333333,662.0,159.0,0.2401812688821753,9.0,0.0,0.0,569.0,103.0,0.1810193321616872,10.0,2.0,0.2
2021-01-06 00:00:00,32598,7401,0.2270384686177066,1396.0,399.0,0.2858166189111748,252.0,46.0,0.1825396825396825,2.0,1.0,0.5,704.0,220.0,0.3125,29.0,15.0,0.517241379310345,698.0,146.0,0.2091690544412608,29.0,10.0,0.3448275862068966,492.0,70.0,0.1422764227642277,10.0,4.0,0.4,1818.0,453.0,0.2491749174917492,74.0,24.0,0.3243243243243244,4633.0,985.0,0.2126052233973667,198.0,26.0,0.1313131313131313,482.0,123.0,0.2551867219917013,11.0,4.0,0.3636363636363637,963.0,228.0,0.2367601246105919,104.0,30.0,0.2884615384615385,19854.0,4667.0,0.235065981666163,870.0,271.0,0.3114942528735632,179.0,17.0,0.0949720670391061,2.0,0.0,0.0,6.0,0.0,0.0,1.0,0.0,0.0,59.0,18.0,0.3050847457627119,4.0,0.0,0.0,198.0,48.0,0.2424242424242425,5.0,0.0,0.0,651.0,133.0,0.2043010752688172,35.0,8.0,0.2285714285714286,356.0,88.0,0.2471910112359551,8.0,2.0,0.25
2021-01-05 00:00:00,33745,7954,0.2357089939250259,1283.0,412.0,0.3211223694466095,448.0,57.0,0.1272321428571429,2.0,0.0,0.0,936.0,262.0,0.2799145299145299,27.0,12.0,0.4444444444444444,1071.0,258.0,0.2408963585434174,25.0,12.0,0.48,277.0,62.0,0.223826714801444,6.0,5.0,0.8333333333333334,1829.0,473.0,0.2586112629852379,70.0,28.0,0.4,4811.0,1130.0,0.2348784036582831,181.0,18.0,0.0994475138121547,494.0,106.0,0.2145748987854251,11.0,4.0,0.3636363636363637,1054.0,277.0,0.2628083491461101,39.0,21.0,0.5384615384615384,19944.0,4817.0,0.2415262735659848,863.0,299.0,0.3464658169177289,109.0,9.0,0.0825688073394496,2.0,2.0,1.0,3.0,0.0,0.0,,,,88.0,22.0,0.25,,,,168.0,35.0,0.2083333333333334,5.0,2.0,0.4,617.0,141.0,0.2285251215559158,13.0,0.0,0.0,686.0,145.0,0.2113702623906706,22.0,4.0,0.1818181818181818
2021-01-04 00:00:00,35384,8389,0.2370845579923129,1187.0,330.0,0.2780117944397641,226.0,65.0,0.2876106194690266,2.0,0.0,0.0,1126.0,362.0,0.3214920071047958,19.0,9.0,0.4736842105263158,1021.0,268.0,0.2624877571008815,28.0,10.0,0.3571428571428572,359.0,90.0,0.2506963788300836,5.0,3.0,0.6,2140.0,561.0,0.2621495327102804,49.0,14.0,0.2857142857142857,5102.0,1165.0,0.2283418267346139,188.0,25.0,0.1329787234042553,694.0,143.0,0.2060518731988473,9.0,2.0,0.2222222222222222,1186.0,317.0,0.2672849915682968,20.0,4.0,0.2,20294.0,4844.0,0.2386912387897901,795.0,243.0,0.3056603773584906,292.0,37.0,0.1267123287671233,1.0,1.0,1.0,4.0,1.0,0.25,,,,90.0,33.0,0.3666666666666667,2.0,0.0,0.0,163.0,31.0,0.1901840490797546,7.0,2.0,0.2857142857142857,771.0,149.0,0.1932555123216602,18.0,4.0,0.2222222222222222,657.0,155.0,0.2359208523592085,20.0,4.0,0.2
2021-01-03 00:00:00,17054,4497,0.2636918025096752,333.0,62.0,0.1861861861861862,54.0,11.0,0.2037037037037037,1.0,1.0,1.0,204.0,78.0,0.3823529411764706,1.0,0.0,0.0,339.0,96.0,0.2831858407079646,5.0,1.0,0.2,47.0,17.0,0.3617021276595745,2.0,1.0,0.5,1054.0,309.0,0.293168880455408,27.0,8.0,0.2962962962962963,2142.0,541.0,0.2525676937441643,3.0,0.0,0.0,113.0,30.0,0.2654867256637169,,,,523.0,168.0,0.3212237093690249,1.0,0.0,0.0,11632.0,3034.0,0.2608321870701513,288.0,51.0,0.1770833333333334,5.0,2.0,0.4,,,,1.0,1.0,1.0,,,,10.0,0.0,0.0,,,,58.0,14.0,0.2413793103448276,1.0,0.0,0.0,102.0,30.0,0.2941176470588236,3.0,0.0,0.0,235.0,55.0,0.2340425531914894,1.0,0.0,0.0
2021-01-02 00:00:00,18959,5004,0.2639379714119943,371.0,80.0,0.215633423180593,91.0,24.0,0.2637362637362638,,,,229.0,82.0,0.3580786026200874,1.0,1.0,1.0,315.0,103.0,0.326984126984127,3.0,2.0,0.6666666666666666,68.0,13.0,0.1911764705882353,,,,1311.0,363.0,0.2768878718535469,18.0,7.0,0.3888888888888889,2525.0,667.0,0.2641584158415842,8.0,1.0,0.125,188.0,50.0,0.2659574468085107,1.0,1.0,1.0,656.0,227.0,0.3460365853658537,2.0,1.0,0.5,12078.0,3146.0,0.2604735883424408,330.0,63.0,0.1909090909090909,5.0,0.0,0.0,,,,,,,,,,24.0,8.0,0.3333333333333333,,,,70.0,20.0,0.2857142857142857,1.0,1.0,1.0,343.0,81.0,0.2361516034985423,3.0,1.0,0.3333333333333333,435.0,88.0,0.2022988505747127,1.0,1.0,1.0
2021-01-01 00:00:00,12647,3153,0.2493081363169131,201.0,47.0,0.2338308457711443,41.0,3.0,0.0731707317073171,4.0,1.0,0.25,189.0,48.0,0.253968253968254,1.0,0.0,0.0,78.0,24.0,0.3076923076923077,1.0,0.0,0.0,29.0,6.0,0.2068965517241379,,,,1079.0,267.0,0.247451343836886,9.0,1.0,0.1111111111111111,835.0,231.0,0.2766467065868264,3.0,1.0,0.3333333333333333,76.0,22.0,0.2894736842105264,1.0,0.0,0.0,757.0,233.0,0.3077939233817702,1.0,0.0,0.0,8923.0,2177.0,0.2439762411744929,176.0,42.0,0.2386363636363637,8.0,1.0,0.125,,,,,,,,,,13.0,6.0,0.4615384615384616,,,,119.0,29.0,0.2436974789915967,,,,67.0,24.0,0.3582089552238806,2.0,0.0,0.0,140.0,24.0,0.1714285714285714,,,
2020-12-31 00:00:00,25090,5882,0.2344360302909526,851.0,212.0,0.2491186839012926,171.0,33.0,0.1929824561403509,,,,590.0,149.0,0.252542372881356,10.0,5.0,0.5,468.0,143.0,0.3055555555555556,17.0,1.0,0.0588235294117647,121.0,39.0,0.3223140495867769,3.0,1.0,0.3333333333333333,1469.0,384.0,0.2614023144996596,43.0,12.0,0.2790697674418605,3647.0,848.0,0.2325198793528928,50.0,17.0,0.34,260.0,71.0,0.2730769230769231,3.0,1.0,0.3333333333333333,639.0,154.0,0.241001564945227,28.0,5.0,0.1785714285714286,16081.0,3741.0,0.232634786393881,674.0,164.0,0.2433234421364985,27.0,7.0,0.2592592592592593,1.0,0.0,0.0,2.0,1.0,0.5,1.0,0.0,0.0,49.0,16.0,0.326530612244898,1.0,0.0,0.0,88.0,22.0,0.25,3.0,0.0,0.0,259.0,55.0,0.2123552123552124,7.0,3.0,0.4285714285714286,370.0,73.0,0.1972972972972973,3.0,1.0,0.3333333333333333
2020-12-30 00:00:00,28300,6617,0.2338162544169612,1346.0,319.0,0.236998514115899,150.0,24.0,0.16,,,,685.0,214.0,0.3124087591240876,18.0,8.0,0.4444444444444444,495.0,117.0,0.2363636363636364,97.0,17.0,0.1752577319587629,199.0,55.0,0.2763819095477387,,,,1640.0,422.0,0.2573170731707317,61.0,9.0,0.1475409836065574,4073.0,948.0,0.2327522710532777,74.0,25.0,0.3378378378378379,300.0,69.0,0.23,7.0,3.0,0.4285714285714286,659.0,176.0,0.2670713201820941,12.0,6.0,0.5,18102.0,4212.0,0.23268147166059,1016.0,242.0,0.2381889763779528,31.0,10.0,0.3225806451612903,,,,3.0,0.0,0.0,,,,47.0,15.0,0.3191489361702128,,,,94.0,30.0,0.3191489361702128,1.0,0.0,0.0,553.0,125.0,0.2260397830018084,40.0,3.0,0.075,260.0,58.0,0.2230769230769231,9.0,1.0,0.1111111111111111
2020-12-29 00:00:00,28274,7032,0.248709061328429,1326.0,350.0,0.2639517345399699,112.0,19.0,0.1696428571428572,3.0,2.0,0.6666666666666666,823.0,267.0,0.3244228432563791,24.0,16.0,0.6666666666666666,584.0,163.0,0.2791095890410959,66.0,19.0,0.2878787878787879,191.0,53.0,0.2774869109947644,1.0,1.0,1.0,1739.0,482.0,0.2771707878090857,103.0,24.0,0.2330097087378641,3703.0,884.0,0.2387253578179855,57.0,16.0,0.2807017543859649,289.0,81.0,0.2802768166089966,11.0,5.0,0.4545454545454546,582.0,181.0,0.3109965635738832,18.0,9.0,0.5,18120.0,4497.0,0.2481788079470199,1001.0,250.0,0.2497502497502498,36.0,13.0,0.3611111111111111,,,,8.0,4.0,0.5,,,,53.0,24.0,0.4528301886792454,,,,87.0,21.0,0.2413793103448276,5.0,0.0,0.0,560.0,97.0,0.1732142857142857,7.0,0.0,0.0,330.0,58.0,0.1757575757575758,14.0,2.0,0.1428571428571429
2020-12-28 00:00:00,29209,7262,0.2486220000684721,898.0,259.0,0.2884187082405345,174.0,42.0,0.2413793103448276,,,,1014.0,408.0,0.4023668639053255,16.0,6.0,0.375,574.0,205.0,0.3571428571428572,23.0,3.0,0.1304347826086957,226.0,66.0,0.2920353982300885,2.0,2.0,1.0,1589.0,447.0,0.2813089993706734,67.0,17.0,0.2537313432835821,4736.0,1015.0,0.2143158783783784,72.0,24.0,0.3333333333333333,290.0,79.0,0.2724137931034483,9.0,2.0,0.2222222222222222,672.0,198.0,0.2946428571428572,17.0,6.0,0.3529411764705883,17277.0,4311.0,0.2495224865428026,665.0,193.0,0.2902255639097745,48.0,9.0,0.1875,,,,6.0,2.0,0.3333333333333333,2.0,1.0,0.5,62.0,25.0,0.4032258064516129,2.0,1.0,0.5,180.0,38.0,0.2111111111111111,3.0,1.0,0.3333333333333333,640.0,122.0,0.190625,6.0,1.0,0.1666666666666667,416.0,95.0,0.2283653846153846,4.0,0.0,0.0
2020-12-27 00:00:00,16896,4315,0.2553858901515152,241.0,53.0,0.2199170124481328,68.0,12.0,0.1764705882352941,,,,276.0,75.0,0.2717391304347826,2.0,2.0,1.0,279.0,89.0,0.3189964157706094,36.0,3.0,0.0833333333333333,47.0,19.0,0.4042553191489362,1.0,0.0,0.0,975.0,261.0,0.2676923076923077,7.0,1.0,0.1428571428571429,2332.0,578.0,0.2478559176672384,6.0,2.0,0.3333333333333333,93.0,27.0,0.2903225806451613,,,,421.0,136.0,0.323040380047506,2.0,2.0,1.0,11587.0,2938.0,0.2535600241650125,182.0,43.0,0.2362637362637363,9.0,2.0,0.2222222222222222,,,,1.0,0.0,0.0,,,,3.0,1.0,0.3333333333333333,,,,50.0,13.0,0.26,3.0,0.0,0.0,101.0,20.0,0.198019801980198,1.0,0.0,0.0,112.0,34.0,0.3035714285714286,1.0,0.0,0.0
2020-12-26 00:00:00,11966,3271,0.2733578472338292,309.0,62.0,0.2006472491909385,60.0,24.0,0.4,1.0,0.0,0.0,164.0,71.0,0.4329268292682927,1.0,1.0,1.0,289.0,87.0,0.3010380622837371,3.0,2.0,0.6666666666666666,52.0,19.0,0.3653846153846154,,,,788.0,205.0,0.2601522842639594,23.0,6.0,0.2608695652173913,2091.0,593.0,0.2835963653754185,5.0,2.0,0.4,83.0,30.0,0.3614457831325301,1.0,1.0,1.0,182.0,72.0,0.3956043956043956,1.0,0.0,0.0,7507.0,1995.0,0.2657519648328227,269.0,48.0,0.1784386617100372,2.0,1.0,0.5,,,,4.0,0.0,0.0,,,,11.0,4.0,0.3636363636363637,1.0,0.0,0.0,57.0,6.0,0.1052631578947368,,,,103.0,24.0,0.2330097087378641,1.0,1.0,1.0,85.0,32.0,0.3764705882352941,1.0,1.0,1.0
2020-12-25 00:00:00,2843,873,0.3070699964825888,115.0,26.0,0.2260869565217392,18.0,4.0,0.2222222222222222,,,,74.0,31.0,0.4189189189189189,,,,66.0,22.0,0.3333333333333333,2.0,0.0,0.0,7.0,2.0,0.2857142857142857,,,,210.0,61.0,0.2904761904761905,5.0,1.0,0.2,441.0,120.0,0.272108843537415,3.0,0.0,0.0,41.0,18.0,0.4390243902439025,2.0,1.0,0.5,55.0,14.0,0.2545454545454545,1.0,0.0,0.0,1692.0,544.0,0.3215130023640662,100.0,23.0,0.23,,,,,,,2.0,2.0,1.0,,,,2.0,1.0,0.5,,,,15.0,3.0,0.2,,,,53.0,15.0,0.2830188679245283,,,,37.0,8.0,0.2162162162162162,,,
2020-12-24 00:00:00,17067,3455,0.202437452393508,572.0,114.0,0.1993006993006993,102.0,11.0,0.107843137254902,1.0,1.0,1.0,427.0,114.0,0.2669789227166277,5.0,4.0,0.8,371.0,99.0,0.2668463611859838,10.0,2.0,0.2,105.0,32.0,0.3047619047619048,2.0,0.0,0.0,877.0,168.0,0.1915621436716078,31.0,9.0,0.2903225806451613,2006.0,403.0,0.2008973080757727,26.0,7.0,0.2692307692307692,163.0,38.0,0.2331288343558282,5.0,2.0,0.4,469.0,154.0,0.3283582089552239,12.0,1.0,0.0833333333333333,11328.0,2219.0,0.1958862994350283,472.0,85.0,0.1800847457627119,21.0,6.0,0.2857142857142857,,,,3.0,0.0,0.0,,,,10.0,2.0,0.2,1.0,1.0,1.0,51.0,13.0,0.2549019607843137,1.0,0.0,0.0,362.0,56.0,0.1546961325966851,2.0,1.0,0.5,167.0,42.0,0.251497005988024,2.0,1.0,0.5
2020-12-23 00:00:00,27863,5332,0.19136489250978,1344.0,295.0,0.2194940476190476,138.0,30.0,0.2173913043478261,3.0,1.0,0.3333333333333333,953.0,259.0,0.2717733473242393,16.0,7.0,0.4375,512.0,156.0,0.3046875,28.0,7.0,0.25,162.0,38.0,0.2345679012345679,3.0,2.0,0.6666666666666666,1479.0,318.0,0.2150101419878296,55.0,11.0,0.2,3895.0,671.0,0.1722721437740693,99.0,26.0,0.2626262626262627,195.0,59.0,0.3025641025641026,14.0,5.0,0.3571428571428572,598.0,164.0,0.274247491638796,20.0,6.0,0.3,17596.0,3328.0,0.1891338940668334,1071.0,220.0,0.2054154995331466,42.0,13.0,0.3095238095238096,1.0,0.0,0.0,3.0,2.0,0.6666666666666666,,,,32.0,8.0,0.25,1.0,1.0,1.0,126.0,27.0,0.2142857142857143,5.0,2.0,0.4,667.0,111.0,0.1664167916041979,11.0,1.0,0.0909090909090909,348.0,59.0,0.1695402298850575,11.0,3.0,0.2727272727272727
2020-12-22 00:00:00,28993,5369,0.18518263029007,1415.0,292.0,0.2063604240282686,120.0,19.0,0.1583333333333333,2.0,2.0,1.0,1045.0,249.0,0.2382775119617225,28.0,12.0,0.4285714285714286,629.0,136.0,0.2162162162162162,46.0,14.0,0.3043478260869566,146.0,33.0,0.226027397260274,3.0,1.0,0.3333333333333333,1505.0,346.0,0.2299003322259137,79.0,13.0,0.1645569620253165,4684.0,876.0,0.1870196413321947,110.0,17.0,0.1545454545454546,232.0,72.0,0.3103448275862069,6.0,2.0,0.3333333333333333,740.0,187.0,0.2527027027027027,35.0,5.0,0.1428571428571429,17460.0,3092.0,0.1770904925544101,1008.0,208.0,0.2063492063492064,25.0,5.0,0.2,1.0,1.0,1.0,4.0,0.0,0.0,,,,78.0,23.0,0.2948717948717949,4.0,2.0,0.5,122.0,32.0,0.2622950819672132,3.0,1.0,0.3333333333333333,799.0,107.0,0.1339173967459324,72.0,9.0,0.125,367.0,84.0,0.228882833787466,9.0,1.0,0.1111111111111111
2020-12-21 00:00:00,30714,5870,0.1911180569121573,1206.0,268.0,0.2222222222222222,150.0,30.0,0.2,1.0,0.0,0.0,1112.0,372.0,0.3345323741007194,23.0,6.0,0.2608695652173913,783.0,197.0,0.2515964240102171,30.0,8.0,0.2666666666666667,186.0,51.0,0.2741935483870968,3.0,1.0,0.3333333333333333,1565.0,340.0,0.2172523961661342,68.0,19.0,0.2794117647058824,5646.0,1002.0,0.177470775770457,170.0,29.0,0.1705882352941177,328.0,63.0,0.1920731707317073,19.0,8.0,0.4210526315789474,688.0,191.0,0.2776162790697675,58.0,8.0,0.1379310344827586,17449.0,3240.0,0.1856839933520546,757.0,181.0,0.2391017173051519,39.0,8.0,0.2051282051282051,3.0,1.0,0.3333333333333333,4.0,1.0,0.25,,,,141.0,28.0,0.198581560283688,2.0,0.0,0.0,145.0,34.0,0.2344827586206897,2.0,0.0,0.0,712.0,97.0,0.1362359550561798,48.0,2.0,0.0416666666666667,460.0,84.0,0.1826086956521739,12.0,3.0,0.25
2020-12-20 00:00:00,14203,2816,0.1982679715553052,341.0,62.0,0.1818181818181818,38.0,15.0,0.3947368421052632,1.0,0.0,0.0,199.0,81.0,0.407035175879397,1.0,1.0,1.0,308.0,83.0,0.2694805194805195,50.0,11.0,0.22,54.0,19.0,0.3518518518518519,2.0,0.0,0.0,874.0,178.0,0.2036613272311213,11.0,2.0,0.1818181818181818,1900.0,381.0,0.2005263157894737,6.0,0.0,0.0,81.0,24.0,0.2962962962962963,2.0,0.0,0.0,352.0,94.0,0.2670454545454546,1.0,0.0,0.0,9580.0,1807.0,0.1886221294363257,238.0,44.0,0.184873949579832,2.0,0.0,0.0,,,,2.0,0.0,0.0,,,,6.0,1.0,0.1666666666666667,,,,45.0,9.0,0.2,1.0,1.0,1.0,84.0,17.0,0.2023809523809524,26.0,2.0,0.0769230769230769,216.0,29.0,0.1342592592592593,,,
2020-12-19 00:00:00,19745,3862,0.1955938212205622,603.0,103.0,0.1708126036484246,37.0,6.0,0.1621621621621622,1.0,0.0,0.0,255.0,77.0,0.3019607843137255,2.0,0.0,0.0,339.0,94.0,0.2772861356932154,48.0,4.0,0.0833333333333333,66.0,18.0,0.2727272727272727,1.0,0.0,0.0,1243.0,262.0,0.2107803700724055,14.0,3.0,0.2142857142857143,3245.0,775.0,0.238828967642527,14.0,6.0,0.4285714285714286,148.0,47.0,0.3175675675675676,2.0,0.0,0.0,413.0,116.0,0.2808716707021792,3.0,0.0,0.0,12795.0,2320.0,0.1813208284486128,514.0,89.0,0.1731517509727627,4.0,0.0,0.0,,,,,,,1.0,0.0,0.0,5.0,1.0,0.2,,,,59.0,15.0,0.2542372881355932,1.0,0.0,0.0,350.0,29.0,0.0828571428571429,,,,360.0,42.0,0.1166666666666667,,,
2020-12-18 00:00:00,27897,5060,0.1813815105566907,1246.0,264.0,0.2118780096308186,107.0,21.0,0.1962616822429907,1.0,0.0,0.0,1058.0,309.0,0.2920604914933838,19.0,6.0,0.3157894736842105,701.0,161.0,0.2296718972895863,54.0,5.0,0.0925925925925926,167.0,30.0,0.1796407185628743,7.0,2.0,0.2857142857142857,1700.0,358.0,0.2105882352941177,49.0,14.0,0.2857142857142857,4865.0,889.0,0.1827338129496403,123.0,17.0,0.1382113821138212,253.0,64.0,0.2529644268774704,11.0,3.0,0.2727272727272727,609.0,172.0,0.2824302134646962,24.0,5.0,0.2083333333333334,16064.0,2763.0,0.1719995019920319,893.0,197.0,0.2206047032474804,7.0,0.0,0.0,3.0,0.0,0.0,6.0,0.0,0.0,,,,62.0,14.0,0.2258064516129032,2.0,1.0,0.5,126.0,14.0,0.1111111111111111,3.0,0.0,0.0,777.0,98.0,0.1261261261261261,39.0,9.0,0.2307692307692308,327.0,60.0,0.1834862385321101,10.0,4.0,0.4
2020-12-17 00:00:00,28946,5303,0.1832032059697368,1403.0,268.0,0.1910192444761226,103.0,23.0,0.2233009708737864,2.0,1.0,0.5,1107.0,325.0,0.2935862691960253,21.0,10.0,0.4761904761904762,753.0,172.0,0.2284196547144754,159.0,20.0,0.1257861635220126,200.0,51.0,0.255,6.0,3.0,0.5,1794.0,368.0,0.2051282051282051,69.0,20.0,0.2898550724637682,4445.0,892.0,0.2006749156355456,118.0,15.0,0.1271186440677966,240.0,49.0,0.2041666666666667,11.0,3.0,0.2727272727272727,585.0,148.0,0.252991452991453,14.0,4.0,0.2857142857142857,17270.0,2886.0,0.1671105964099595,898.0,182.0,0.2026726057906459,67.0,9.0,0.1343283582089552,,,,4.0,0.0,0.0,,,,171.0,88.0,0.5146198830409356,2.0,1.0,0.5,152.0,26.0,0.1710526315789474,11.0,1.0,0.0909090909090909,691.0,101.0,0.14616497829233,40.0,1.0,0.025,332.0,59.0,0.177710843373494,15.0,3.0,0.2
2020-12-16 00:00:00,26816,4997,0.1863439737470167,1427.0,265.0,0.1857042747021724,93.0,18.0,0.1935483870967742,2.0,0.0,0.0,933.0,292.0,0.3129689174705252,21.0,7.0,0.3333333333333333,653.0,137.0,0.2098009188361409,24.0,5.0,0.2083333333333334,187.0,52.0,0.2780748663101605,3.0,2.0,0.6666666666666666,1849.0,310.0,0.167658193618172,104.0,16.0,0.1538461538461539,4211.0,832.0,0.1975777725005937,112.0,17.0,0.1517857142857143,347.0,96.0,0.276657060518732,6.0,3.0,0.5,591.0,163.0,0.2758037225042302,24.0,4.0,0.1666666666666667,15553.0,2720.0,0.1748858741078892,1055.0,202.0,0.1914691943127962,28.0,5.0,0.1785714285714286,,,,6.0,1.0,0.1666666666666667,,,,117.0,57.0,0.4871794871794872,2.0,1.0,0.5,127.0,23.0,0.1811023622047244,4.0,1.0,0.25,624.0,108.0,0.1730769230769231,7.0,2.0,0.2857142857142857,273.0,69.0,0.2527472527472528,10.0,1.0,0.1
2020-12-15 00:00:00,25596,3819,0.1492030004688233,1176.0,274.0,0.2329931972789116,110.0,12.0,0.1090909090909091,,,,978.0,250.0,0.2556237218813906,17.0,4.0,0.2352941176470588,763.0,151.0,0.1979030144167759,20.0,3.0,0.15,132.0,40.0,0.3030303030303031,4.0,0.0,0.0,1433.0,209.0,0.1458478715980461,38.0,12.0,0.3157894736842105,3745.0,706.0,0.1885180240320427,116.0,18.0,0.1551724137931035,367.0,60.0,0.1634877384196185,13.0,3.0,0.2307692307692308,547.0,145.0,0.2650822669104205,35.0,4.0,0.1142857142857143,15444.0,2011.0,0.1302123802123802,812.0,217.0,0.2672413793103448,47.0,6.0,0.1276595744680851,4.0,4.0,1.0,8.0,1.0,0.125,,,,35.0,4.0,0.1142857142857143,1.0,0.0,0.0,110.0,6.0,0.0545454545454545,3.0,0.0,0.0,539.0,82.0,0.1521335807050093,56.0,7.0,0.125,300.0,66.0,0.22,15.0,2.0,0.1333333333333333
2020-12-14 00:00:00,29721,5269,0.1772820564583964,1077.0,214.0,0.1987000928505107,144.0,43.0,0.2986111111111111,4.0,0.0,0.0,1009.0,282.0,0.2794846382556987,22.0,9.0,0.4090909090909091,774.0,185.0,0.2390180878552972,23.0,7.0,0.3043478260869566,187.0,67.0,0.3582887700534759,5.0,0.0,0.0,1492.0,291.0,0.1950402144772118,70.0,10.0,0.1428571428571429,5807.0,946.0,0.1629068365765456,128.0,18.0,0.140625,302.0,62.0,0.2052980132450331,8.0,2.0,0.25,673.0,187.0,0.2778603268945023,13.0,2.0,0.1538461538461539,16793.0,2846.0,0.1694753766450307,715.0,154.0,0.2153846153846154,36.0,4.0,0.1111111111111111,,,,5.0,0.0,0.0,,,,60.0,13.0,0.2166666666666667,4.0,1.0,0.25,228.0,28.0,0.1228070175438597,1.0,0.0,0.0,743.0,132.0,0.1776581426648722,12.0,1.0,0.0833333333333333,484.0,84.0,0.1735537190082645,20.0,5.0,0.25
2020-12-13 00:00:00,13098,2712,0.2070545121392579,240.0,52.0,0.2166666666666667,25.0,6.0,0.24,,,,213.0,55.0,0.2582159624413146,1.0,1.0,1.0,265.0,70.0,0.2641509433962264,29.0,4.0,0.1379310344827586,58.0,23.0,0.3965517241379311,,,,776.0,177.0,0.2280927835051547,13.0,4.0,0.3076923076923077,1813.0,402.0,0.2217319360176503,9.0,3.0,0.3333333333333333,61.0,20.0,0.3278688524590164,,,,337.0,84.0,0.2492581602373888,1.0,0.0,0.0,8958.0,1760.0,0.1964724268810002,182.0,38.0,0.2087912087912088,4.0,0.0,0.0,1.0,1.0,1.0,5.0,1.0,0.2,,,,7.0,1.0,0.1428571428571429,,,,50.0,8.0,0.16,,,,70.0,14.0,0.2,,,,149.0,30.0,0.2013422818791946,3.0,1.0,0.3333333333333333
2020-12-12 00:00:00,13630,3324,0.2438738077769626,633.0,92.0,0.1453396524486572,56.0,10.0,0.1785714285714286,1.0,1.0,1.0,318.0,91.0,0.2861635220125786,42.0,1.0,0.0238095238095238,230.0,71.0,0.3086956521739131,5.0,0.0,0.0,59.0,17.0,0.288135593220339,,,,676.0,168.0,0.2485207100591716,65.0,8.0,0.1230769230769231,1896.0,468.0,0.2468354430379747,8.0,2.0,0.25,106.0,36.0,0.339622641509434,42.0,4.0,0.0952380952380952,335.0,96.0,0.2865671641791045,51.0,8.0,0.1568627450980392,9105.0,2216.0,0.2433827567270731,385.0,64.0,0.1662337662337662,10.0,2.0,0.2,,,,3.0,2.0,0.6666666666666666,,,,11.0,4.0,0.3636363636363637,,,,41.0,5.0,0.1219512195121951,,,,363.0,59.0,0.162534435261708,28.0,1.0,0.0357142857142857,166.0,28.0,0.1686746987951807,,,
2020-12-11 00:00:00,23255,4581,0.1969898946463126,1217.0,255.0,0.209531635168447,99.0,19.0,0.1919191919191919,4.0,0.0,0.0,811.0,339.0,0.4180024660912454,45.0,14.0,0.3111111111111111,610.0,155.0,0.2540983606557377,31.0,6.0,0.1935483870967742,170.0,41.0,0.2411764705882353,5.0,2.0,0.4,1382.0,257.0,0.1859623733719248,41.0,10.0,0.2439024390243903,4332.0,780.0,0.1800554016620499,164.0,22.0,0.1341463414634147,234.0,54.0,0.2307692307692308,35.0,5.0,0.1428571428571429,638.0,130.0,0.2037617554858934,18.0,3.0,0.1666666666666667,13092.0,2496.0,0.1906507791017415,808.0,191.0,0.2363861386138614,23.0,1.0,0.0434782608695652,,,,11.0,3.0,0.2727272727272727,,,,240.0,51.0,0.2125,,,,93.0,21.0,0.2258064516129032,3.0,0.0,0.0,560.0,100.0,0.1785714285714286,25.0,1.0,0.04,243.0,55.0,0.2263374485596708,11.0,0.0,0.0
2020-12-10 00:00:00,26387,4657,0.1764884223291773,1353.0,237.0,0.1751662971175166,93.0,21.0,0.2258064516129032,1.0,0.0,0.0,943.0,279.0,0.295864262990456,64.0,16.0,0.25,724.0,111.0,0.1533149171270718,48.0,10.0,0.2083333333333334,192.0,48.0,0.25,2.0,0.0,0.0,1232.0,273.0,0.2215909090909091,55.0,9.0,0.1636363636363636,4867.0,863.0,0.1773166221491679,105.0,12.0,0.1142857142857143,247.0,57.0,0.2307692307692308,35.0,2.0,0.0571428571428571,578.0,122.0,0.2110726643598616,29.0,6.0,0.2068965517241379,15077.0,2534.0,0.168070571068515,939.0,174.0,0.1853035143769968,29.0,6.0,0.2068965517241379,10.0,0.0,0.0,15.0,4.0,0.2666666666666667,,,,45.0,14.0,0.3111111111111111,2.0,0.0,0.0,324.0,32.0,0.0987654320987654,3.0,1.0,0.3333333333333333,698.0,112.0,0.1604584527220631,10.0,3.0,0.3,365.0,80.0,0.2191780821917808,12.0,3.0,0.25
2020-12-09 00:00:00,27946,5035,0.1801688971588063,1506.0,285.0,0.1892430278884462,165.0,23.0,0.1393939393939394,60.0,10.0,0.1666666666666667,953.0,248.0,0.2602308499475341,65.0,14.0,0.2153846153846154,647.0,154.0,0.2380216383307574,14.0,2.0,0.1428571428571429,212.0,54.0,0.2547169811320755,10.0,2.0,0.2,1497.0,348.0,0.2324649298597195,52.0,10.0,0.1923076923076923,4291.0,804.0,0.1873689116756001,112.0,18.0,0.1607142857142857,373.0,85.0,0.2278820375335121,20.0,6.0,0.3,651.0,119.0,0.1827956989247312,33.0,7.0,0.2121212121212121,16783.0,2836.0,0.1689805159983316,1033.0,204.0,0.1974830590513069,41.0,2.0,0.0487804878048781,,,,2.0,0.0,0.0,2.0,1.0,0.5,71.0,18.0,0.2535211267605634,,,,130.0,13.0,0.1,,,,580.0,102.0,0.1758620689655172,56.0,1.0,0.0178571428571429,502.0,92.0,0.1832669322709164,6.0,1.0,0.1666666666666667
2020-12-08 00:00:00,28358,4816,0.16982861978983,1441.0,250.0,0.1734906315058987,88.0,17.0,0.1931818181818182,2.0,0.0,0.0,950.0,231.0,0.2431578947368421,36.0,6.0,0.1666666666666667,688.0,155.0,0.2252906976744186,59.0,11.0,0.1864406779661017,203.0,66.0,0.3251231527093596,3.0,1.0,0.3333333333333333,1596.0,326.0,0.2042606516290727,75.0,12.0,0.16,4463.0,750.0,0.1680483979386063,117.0,19.0,0.1623931623931624,321.0,58.0,0.1806853582554517,14.0,1.0,0.0714285714285714,746.0,135.0,0.1809651474530831,74.0,5.0,0.0675675675675676,17159.0,2805.0,0.1634710647473629,989.0,181.0,0.1830131445904955,28.0,5.0,0.1785714285714286,,,,10.0,1.0,0.1,,,,57.0,13.0,0.2280701754385965,1.0,0.0,0.0,152.0,25.0,0.1644736842105263,8.0,1.0,0.125,548.0,78.0,0.1423357664233577,16.0,4.0,0.25,491.0,81.0,0.164969450101833,7.0,2.0,0.2857142857142857
2020-12-07 00:00:00,27140,4766,0.1756079587324982,1104.0,215.0,0.1947463768115942,131.0,34.0,0.2595419847328244,,,,1049.0,292.0,0.2783603431839848,27.0,14.0,0.5185185185185186,934.0,182.0,0.1948608137044968,24.0,2.0,0.0833333333333333,192.0,60.0,0.3125,2.0,1.0,0.5,1398.0,281.0,0.2010014306151645,45.0,5.0,0.1111111111111111,4951.0,804.0,0.1623914360735205,117.0,10.0,0.0854700854700855,388.0,88.0,0.2268041237113402,7.0,0.0,0.0,649.0,131.0,0.201848998459168,77.0,16.0,0.2077922077922078,14978.0,2574.0,0.1718520496728535,694.0,157.0,0.2262247838616715,30.0,5.0,0.1666666666666667,4.0,1.0,0.25,15.0,3.0,0.2,,,,86.0,18.0,0.2093023255813954,1.0,0.0,0.0,288.0,31.0,0.1076388888888889,26.0,3.0,0.1153846153846154,659.0,105.0,0.1593323216995448,11.0,2.0,0.1818181818181818,519.0,80.0,0.1541425818882466,16.0,2.0,0.125
2020-12-06 00:00:00,8476,1961,0.2313591316658801,284.0,69.0,0.2429577464788733,27.0,6.0,0.2222222222222222,1.0,0.0,0.0,210.0,73.0,0.3476190476190476,3.0,1.0,0.3333333333333333,267.0,70.0,0.2621722846441948,2.0,2.0,1.0,69.0,24.0,0.3478260869565218,,,,427.0,104.0,0.2435597189695551,25.0,3.0,0.12,1607.0,379.0,0.2358431860609832,5.0,1.0,0.2,79.0,25.0,0.3164556962025317,,,,264.0,64.0,0.2424242424242425,,,,4953.0,1116.0,0.2253179890975167,246.0,62.0,0.2520325203252033,6.0,2.0,0.3333333333333333,,,,2.0,0.0,0.0,,,,9.0,0.0,0.0,1.0,0.0,0.0,41.0,8.0,0.1951219512195122,,,,72.0,13.0,0.1805555555555556,,,,174.0,33.0,0.1896551724137931,1.0,0.0,0.0
2020-12-05 00:00:00,13243,2844,0.2147549648871102,574.0,73.0,0.1271777003484321,47.0,16.0,0.3404255319148936,2.0,1.0,0.5,705.0,150.0,0.2127659574468085,1.0,1.0,1.0,224.0,68.0,0.3035714285714286,50.0,0.0,0.0,46.0,15.0,0.3260869565217392,,,,894.0,160.0,0.1789709172259508,18.0,3.0,0.1666666666666667,2054.0,485.0,0.2361246348588121,9.0,3.0,0.3333333333333333,40.0,14.0,0.35,,,,278.0,80.0,0.2877697841726619,,,,8011.0,1694.0,0.2114592435401323,488.0,65.0,0.1331967213114754,9.0,3.0,0.3333333333333333,1.0,0.0,0.0,3.0,0.0,0.0,,,,10.0,2.0,0.2,,,,37.0,8.0,0.2162162162162162,,,,217.0,34.0,0.1566820276497696,2.0,0.0,0.0,275.0,42.0,0.1527272727272728,,,
2020-12-04 00:00:00,22617,3866,0.1709333687049565,1138.0,191.0,0.1678383128295255,103.0,13.0,0.1262135922330097,5.0,3.0,0.6,894.0,257.0,0.2874720357941835,40.0,11.0,0.275,712.0,123.0,0.1727528089887641,103.0,6.0,0.058252427184466,199.0,54.0,0.271356783919598,3.0,0.0,0.0,1391.0,244.0,0.1754133716750539,42.0,11.0,0.2619047619047619,4115.0,720.0,0.1749696233292831,141.0,21.0,0.148936170212766,182.0,38.0,0.2087912087912088,7.0,1.0,0.1428571428571429,458.0,113.0,0.2467248908296943,23.0,1.0,0.0434782608695652,12663.0,2049.0,0.1618099976308932,684.0,130.0,0.1900584795321637,14.0,4.0,0.2857142857142857,2.0,0.0,0.0,5.0,1.0,0.2,1.0,0.0,0.0,37.0,13.0,0.3513513513513514,9.0,2.0,0.2222222222222222,183.0,35.0,0.1912568306010929,4.0,1.0,0.25,496.0,69.0,0.1391129032258065,16.0,0.0,0.0,269.0,45.0,0.1672862453531599,12.0,1.0,0.0833333333333333
2020-12-03 00:00:00,27199,4787,0.1759991176146182,1414.0,247.0,0.1746817538896747,95.0,17.0,0.1789473684210526,6.0,0.0,0.0,784.0,224.0,0.2857142857142857,21.0,11.0,0.5238095238095238,689.0,142.0,0.2060957910014514,31.0,4.0,0.1290322580645161,202.0,58.0,0.2871287128712871,4.0,2.0,0.5,1626.0,318.0,0.1955719557195572,75.0,18.0,0.24,3816.0,689.0,0.1805555555555556,121.0,10.0,0.0826446280991736,188.0,49.0,0.2606382978723405,10.0,2.0,0.2,505.0,120.0,0.2376237623762376,28.0,5.0,0.1785714285714286,17184.0,2828.0,0.1645716945996276,1033.0,189.0,0.1829622458857696,25.0,1.0,0.04,1.0,0.0,0.0,15.0,0.0,0.0,,,,64.0,21.0,0.328125,4.0,0.0,0.0,134.0,19.0,0.1417910447761194,10.0,0.0,0.0,565.0,100.0,0.1769911504424779,10.0,0.0,0.0,376.0,63.0,0.1675531914893617,20.0,3.0,0.15
2020-12-02 00:00:00,25186,4604,0.1827999682363218,1557.0,235.0,0.1509312780989082,93.0,22.0,0.2365591397849463,5.0,0.0,0.0,819.0,254.0,0.3101343101343102,19.0,6.0,0.3157894736842105,698.0,157.0,0.2249283667621777,18.0,0.0,0.0,366.0,67.0,0.1830601092896175,1.0,0.0,0.0,1512.0,271.0,0.1792328042328043,76.0,13.0,0.1710526315789474,3489.0,644.0,0.1845801089137289,134.0,24.0,0.1791044776119403,247.0,65.0,0.2631578947368421,7.0,2.0,0.2857142857142857,619.0,137.0,0.2213247172859451,18.0,2.0,0.1111111111111111,15304.0,2668.0,0.1743335075797177,1135.0,167.0,0.147136563876652,10.0,4.0,0.4,1.0,1.0,1.0,12.0,1.0,0.0833333333333333,2.0,1.0,0.5,58.0,14.0,0.2413793103448276,11.0,2.0,0.1818181818181818,131.0,15.0,0.1145038167938931,10.0,0.0,0.0,633.0,107.0,0.1690363349131122,67.0,8.0,0.1194029850746269,288.0,64.0,0.2222222222222222,16.0,3.0,0.1875
2020-12-01 00:00:00,24471,4467,0.1825426014466103,1743.0,257.0,0.1474469305794607,145.0,28.0,0.1931034482758621,2.0,0.0,0.0,943.0,294.0,0.3117709437963945,22.0,8.0,0.3636363636363637,687.0,160.0,0.2328966521106259,22.0,1.0,0.0454545454545455,143.0,42.0,0.2937062937062937,2.0,1.0,0.5,1738.0,322.0,0.1852704257767549,124.0,21.0,0.1693548387096774,3421.0,621.0,0.1815258696287635,126.0,14.0,0.1111111111111111,293.0,73.0,0.2491467576791809,9.0,0.0,0.0,557.0,148.0,0.2657091561938959,54.0,6.0,0.1111111111111111,14447.0,2478.0,0.1715234996885167,1253.0,195.0,0.1556264964086193,14.0,0.0,0.0,1.0,1.0,1.0,16.0,2.0,0.125,2.0,0.0,0.0,60.0,19.0,0.3166666666666667,7.0,1.0,0.1428571428571429,114.0,29.0,0.2543859649122807,15.0,0.0,0.0,488.0,87.0,0.1782786885245902,59.0,4.0,0.0677966101694915,402.0,66.0,0.164179104477612,6.0,1.0,0.1666666666666667
2020-11-30 00:00:00,24652,4630,0.1878143761155282,1459.0,214.0,0.1466758053461275,143.0,28.0,0.1958041958041958,3.0,1.0,0.3333333333333333,855.0,291.0,0.3403508771929825,24.0,13.0,0.5416666666666666,845.0,217.0,0.2568047337278107,61.0,3.0,0.0491803278688525,254.0,92.0,0.3622047244094489,5.0,2.0,0.4,1359.0,247.0,0.1817512877115526,110.0,8.0,0.0727272727272727,3835.0,684.0,0.1783572359843546,154.0,18.0,0.1168831168831169,306.0,85.0,0.2777777777777778,11.0,0.0,0.0,602.0,128.0,0.212624584717608,41.0,8.0,0.1951219512195122,14414.0,2543.0,0.1764256972387956,914.0,156.0,0.1706783369803064,18.0,3.0,0.1666666666666667,3.0,0.0,0.0,22.0,3.0,0.1363636363636364,1.0,0.0,0.0,62.0,16.0,0.2580645161290323,8.0,3.0,0.375,130.0,16.0,0.1230769230769231,16.0,0.0,0.0,551.0,110.0,0.1996370235934664,39.0,1.0,0.0256410256410256,281.0,63.0,0.2241992882562278,13.0,0.0,0.0
2020-11-29 00:00:00,11328,2352,0.2076271186440678,504.0,49.0,0.0972222222222222,51.0,6.0,0.1176470588235294,2.0,0.0,0.0,174.0,62.0,0.3563218390804598,2.0,2.0,1.0,273.0,72.0,0.2637362637362638,3.0,0.0,0.0,29.0,6.0,0.2068965517241379,1.0,0.0,0.0,723.0,149.0,0.2060857538035961,50.0,4.0,0.08,1583.0,311.0,0.1964624131396083,37.0,3.0,0.0810810810810811,56.0,14.0,0.25,4.0,0.0,0.0,308.0,86.0,0.2792207792207792,1.0,0.0,0.0,7534.0,1536.0,0.2038757632067959,388.0,39.0,0.1005154639175258,6.0,0.0,0.0,1.0,0.0,0.0,5.0,0.0,0.0,,,,8.0,1.0,0.125,,,,52.0,12.0,0.2307692307692308,3.0,0.0,0.0,86.0,15.0,0.1744186046511628,3.0,1.0,0.3333333333333333,121.0,31.0,0.256198347107438,1.0,0.0,0.0
2020-11-28 00:00:00,11932,2340,0.1961112973516594,867.0,76.0,0.0876585928489043,40.0,15.0,0.375,3.0,0.0,0.0,164.0,59.0,0.3597560975609756,,,,335.0,95.0,0.2835820895522388,2.0,0.0,0.0,70.0,23.0,0.3285714285714286,1.0,0.0,0.0,795.0,149.0,0.1874213836477987,101.0,7.0,0.0693069306930693,1755.0,326.0,0.1857549857549858,44.0,3.0,0.0681818181818182,80.0,11.0,0.1375,5.0,0.0,0.0,239.0,62.0,0.2594142259414226,,,,7597.0,1480.0,0.1948137422666842,669.0,62.0,0.0926756352765321,6.0,1.0,0.1666666666666667,,,,9.0,1.0,0.1111111111111111,,,,12.0,5.0,0.4166666666666667,,,,51.0,12.0,0.2352941176470588,6.0,1.0,0.1666666666666667,86.0,10.0,0.1162790697674419,25.0,2.0,0.08,241.0,37.0,0.1535269709543569,2.0,1.0,0.5
2020-11-27 00:00:00,13446,2486,0.1848876989439239,847.0,96.0,0.1133412042502952,79.0,18.0,0.2278481012658228,,,,459.0,128.0,0.2788671023965142,1.0,0.0,0.0,403.0,113.0,0.2803970223325062,7.0,1.0,0.1428571428571429,66.0,11.0,0.1666666666666667,1.0,0.0,0.0,802.0,124.0,0.1546134663341646,72.0,8.0,0.1111111111111111,1861.0,358.0,0.1923696937130575,43.0,4.0,0.0930232558139535,164.0,40.0,0.2439024390243903,7.0,1.0,0.1428571428571429,359.0,84.0,0.233983286908078,6.0,2.0,0.3333333333333333,8198.0,1450.0,0.1768724079043669,656.0,76.0,0.1158536585365854,6.0,0.0,0.0,1.0,0.0,0.0,7.0,0.0,0.0,,,,32.0,8.0,0.25,1.0,1.0,1.0,64.0,16.0,0.25,8.0,1.0,0.125,224.0,43.0,0.1919642857142857,33.0,1.0,0.0303030303030303,122.0,32.0,0.2622950819672132,5.0,0.0,0.0
2020-11-26 00:00:00,5292,998,0.1885865457294029,195.0,28.0,0.1435897435897436,17.0,2.0,0.1176470588235294,1.0,0.0,0.0,61.0,24.0,0.3934426229508197,1.0,1.0,1.0,73.0,20.0,0.273972602739726,1.0,1.0,1.0,12.0,7.0,0.5833333333333334,,,,359.0,65.0,0.181058495821727,12.0,2.0,0.1666666666666667,517.0,99.0,0.1914893617021277,13.0,2.0,0.1538461538461539,40.0,6.0,0.15,,,,103.0,20.0,0.1941747572815534,1.0,0.0,0.0,3888.0,728.0,0.1872427983539095,164.0,22.0,0.1341463414634147,1.0,0.0,0.0,,,,4.0,1.0,0.25,,,,5.0,0.0,0.0,1.0,0.0,0.0,14.0,1.0,0.0714285714285714,1.0,0.0,0.0,41.0,6.0,0.1463414634146342,,,,15.0,2.0,0.1333333333333333,,,
2020-11-25 00:00:00,22429,3240,0.1444558384234696,1507.0,180.0,0.119442601194426,249.0,38.0,0.1526104417670683,7.0,0.0,0.0,994.0,224.0,0.2253521126760564,14.0,2.0,0.1428571428571429,687.0,146.0,0.2125181950509461,27.0,7.0,0.2592592592592593,337.0,74.0,0.2195845697329377,1.0,0.0,0.0,1214.0,204.0,0.1680395387149918,82.0,9.0,0.1097560975609756,3421.0,436.0,0.1274481145863783,144.0,15.0,0.1041666666666667,216.0,39.0,0.1805555555555556,7.0,1.0,0.1428571428571429,378.0,67.0,0.1772486772486773,12.0,0.0,0.0,13247.0,1849.0,0.139578772552276,1076.0,137.0,0.1273234200743494,20.0,2.0,0.1,1.0,0.0,0.0,8.0,1.0,0.125,,,,23.0,3.0,0.1304347826086957,4.0,0.0,0.0,90.0,16.0,0.1777777777777778,13.0,1.0,0.0769230769230769,454.0,43.0,0.0947136563876652,42.0,4.0,0.0952380952380952,203.0,34.0,0.167487684729064,7.0,0.0,0.0
2020-11-24 00:00:00,23749,3535,0.1488483725630553,1412.0,196.0,0.1388101983002833,125.0,19.0,0.152,5.0,2.0,0.4,1073.0,317.0,0.2954333643988817,22.0,10.0,0.4545454545454546,747.0,147.0,0.1967871485943775,59.0,3.0,0.0508474576271187,102.0,35.0,0.3431372549019608,5.0,1.0,0.2,1404.0,193.0,0.1374643874643875,84.0,9.0,0.1071428571428571,3429.0,444.0,0.1294838145231846,94.0,8.0,0.0851063829787234,245.0,45.0,0.1836734693877551,9.0,0.0,0.0,424.0,76.0,0.1792452830188679,18.0,4.0,0.2222222222222222,14059.0,2030.0,0.1443914929938118,928.0,148.0,0.1594827586206897,5.0,1.0,0.2,4.0,0.0,0.0,4.0,1.0,0.25,,,,65.0,23.0,0.3538461538461539,4.0,0.0,0.0,100.0,17.0,0.17,13.0,1.0,0.0769230769230769,689.0,59.0,0.0856313497822932,59.0,4.0,0.0677966101694915,244.0,43.0,0.1762295081967213,14.0,2.0,0.1428571428571429
2020-11-23 00:00:00,25745,3631,0.1410370945814721,1248.0,190.0,0.1522435897435897,183.0,30.0,0.1639344262295082,6.0,1.0,0.1666666666666667,797.0,229.0,0.28732747804266,21.0,7.0,0.3333333333333333,781.0,149.0,0.1907810499359795,18.0,2.0,0.1111111111111111,210.0,48.0,0.2285714285714286,2.0,0.0,0.0,1378.0,226.0,0.1640058055152395,62.0,6.0,0.0967741935483871,4377.0,579.0,0.1322823851953393,122.0,18.0,0.1475409836065574,319.0,51.0,0.1598746081504702,15.0,2.0,0.1333333333333333,550.0,95.0,0.1727272727272727,19.0,2.0,0.1052631578947368,14839.0,1992.0,0.1342408518094211,773.0,141.0,0.1824062095730919,20.0,2.0,0.1,5.0,0.0,0.0,10.0,0.0,0.0,,,,55.0,18.0,0.3272727272727273,7.0,3.0,0.4285714285714286,151.0,14.0,0.0927152317880795,9.0,1.0,0.1111111111111111,759.0,84.0,0.1106719367588933,54.0,4.0,0.0740740740740741,247.0,39.0,0.1578947368421053,6.0,1.0,0.1666666666666667
2020-11-22 00:00:00,12119,1677,0.1383777539400941,441.0,61.0,0.1383219954648526,40.0,6.0,0.15,1.0,1.0,1.0,227.0,57.0,0.2511013215859031,2.0,0.0,0.0,241.0,47.0,0.1950207468879668,1.0,0.0,0.0,44.0,9.0,0.2045454545454546,,,,702.0,106.0,0.150997150997151,35.0,6.0,0.1714285714285714,1499.0,193.0,0.1287525016677785,20.0,2.0,0.1,90.0,8.0,0.0888888888888889,,,,228.0,29.0,0.1271929824561404,1.0,0.0,0.0,8281.0,1111.0,0.1341625407559474,367.0,50.0,0.1362397820163488,4.0,1.0,0.25,,,,6.0,1.0,0.1666666666666667,,,,4.0,0.0,0.0,1.0,0.0,0.0,48.0,8.0,0.1666666666666667,3.0,0.0,0.0,74.0,5.0,0.0675675675675676,,,,184.0,26.0,0.141304347826087,,,
2020-11-21 00:00:00,15979,2113,0.1322360598285249,910.0,87.0,0.0956043956043956,80.0,9.0,0.1125,2.0,0.0,0.0,177.0,38.0,0.2146892655367232,3.0,2.0,0.6666666666666666,340.0,63.0,0.1852941176470588,37.0,2.0,0.0540540540540541,67.0,15.0,0.2238805970149254,3.0,1.0,0.3333333333333333,894.0,113.0,0.1263982102908277,68.0,4.0,0.0588235294117647,1806.0,239.0,0.1323366555924696,49.0,4.0,0.0816326530612245,90.0,23.0,0.2555555555555556,2.0,1.0,0.5,240.0,44.0,0.1833333333333333,2.0,0.0,0.0,10816.0,1390.0,0.1285133136094675,731.0,71.0,0.0971272229822161,1.0,1.0,1.0,,,,9.0,0.0,0.0,,,,138.0,42.0,0.3043478260869566,,,,46.0,6.0,0.1304347826086957,3.0,0.0,0.0,373.0,27.0,0.0723860589812333,1.0,0.0,0.0,371.0,43.0,0.1159029649595687,1.0,0.0,0.0
2020-11-20 00:00:00,22570,2881,0.1276473194505982,1526.0,187.0,0.1225425950196592,152.0,22.0,0.1447368421052632,4.0,2.0,0.5,776.0,181.0,0.2332474226804124,31.0,15.0,0.4838709677419356,706.0,124.0,0.1756373937677054,62.0,4.0,0.0645161290322581,197.0,45.0,0.2284263959390863,5.0,4.0,0.8,1234.0,155.0,0.1256077795786062,108.0,14.0,0.1296296296296296,3515.0,388.0,0.1103840682788051,140.0,12.0,0.0857142857142857,315.0,42.0,0.1333333333333333,7.0,1.0,0.1428571428571429,458.0,58.0,0.1266375545851528,36.0,6.0,0.1666666666666667,13088.0,1684.0,0.1286674816625917,982.0,122.0,0.1242362525458249,11.0,0.0,0.0,,,,3.0,0.0,0.0,,,,49.0,13.0,0.2653061224489796,3.0,0.0,0.0,366.0,13.0,0.0355191256830601,8.0,0.0,0.0,492.0,47.0,0.0955284552845529,45.0,3.0,0.0666666666666667,215.0,37.0,0.172093023255814,13.0,1.0,0.0769230769230769
2020-11-19 00:00:00,23154,2949,0.1273646022285566,1055.0,173.0,0.1639810426540284,142.0,14.0,0.0985915492957746,7.0,0.0,0.0,714.0,150.0,0.2100840336134454,22.0,8.0,0.3636363636363637,655.0,115.0,0.1755725190839695,24.0,4.0,0.1666666666666667,169.0,42.0,0.2485207100591716,4.0,1.0,0.25,1340.0,188.0,0.1402985074626866,50.0,9.0,0.18,3458.0,421.0,0.1217466743782533,121.0,11.0,0.0909090909090909,243.0,41.0,0.168724279835391,10.0,6.0,0.6,436.0,53.0,0.121559633027523,14.0,2.0,0.1428571428571429,13972.0,1726.0,0.1235327798454051,679.0,124.0,0.1826215022091311,67.0,2.0,0.0298507462686567,2.0,0.0,0.0,8.0,2.0,0.25,,,,50.0,16.0,0.32,2.0,1.0,0.5,149.0,9.0,0.0604026845637584,8.0,1.0,0.125,575.0,64.0,0.111304347826087,7.0,2.0,0.2857142857142857,202.0,43.0,0.2128712871287129,7.0,0.0,0.0
2020-11-18 00:00:00,23246,2993,0.1287533339069087,1640.0,210.0,0.1280487804878049,255.0,24.0,0.0941176470588235,3.0,0.0,0.0,736.0,169.0,0.2296195652173913,43.0,5.0,0.1162790697674419,599.0,90.0,0.1502504173622705,6.0,1.0,0.1666666666666667,195.0,33.0,0.1692307692307693,1.0,1.0,1.0,1207.0,174.0,0.1441590720795361,83.0,14.0,0.1686746987951807,3223.0,385.0,0.1194539249146758,105.0,9.0,0.0857142857142857,268.0,48.0,0.1791044776119403,44.0,3.0,0.0681818181818182,490.0,48.0,0.0979591836734694,84.0,4.0,0.0476190476190476,14045.0,1823.0,0.1297970808116768,1105.0,157.0,0.1420814479638009,61.0,5.0,0.0819672131147541,2.0,0.0,0.0,8.0,1.0,0.125,1.0,0.0,0.0,45.0,16.0,0.3555555555555556,2.0,1.0,0.5,155.0,15.0,0.0967741935483871,13.0,2.0,0.1538461538461539,628.0,53.0,0.0843949044585987,20.0,3.0,0.15,226.0,48.0,0.2123893805309735,8.0,1.0,0.125
2020-11-17 00:00:00,22587,2914,0.129012263691504,1794.0,198.0,0.1103678929765886,217.0,32.0,0.1474654377880184,3.0,1.0,0.3333333333333333,800.0,174.0,0.2175,82.0,9.0,0.1097560975609756,656.0,102.0,0.1554878048780488,30.0,2.0,0.0666666666666667,112.0,36.0,0.3214285714285715,5.0,0.0,0.0,1256.0,195.0,0.1552547770700637,100.0,11.0,0.11,3192.0,341.0,0.1068295739348371,150.0,15.0,0.1,279.0,45.0,0.1612903225806452,8.0,3.0,0.375,484.0,76.0,0.1570247933884298,48.0,3.0,0.0625,13236.0,1691.0,0.1277576307041402,1191.0,141.0,0.1183879093198993,13.0,0.0,0.0,,,,9.0,1.0,0.1111111111111111,,,,95.0,20.0,0.2105263157894737,,,,131.0,11.0,0.083969465648855,8.0,1.0,0.125,566.0,52.0,0.0918727915194346,9.0,0.0,0.0,241.0,51.0,0.2116182572614108,4.0,0.0,0.0
2020-11-16 00:00:00,19899,2817,0.1415649027589326,1356.0,183.0,0.1349557522123894,184.0,28.0,0.1521739130434783,2.0,0.0,0.0,688.0,202.0,0.2936046511627907,20.0,8.0,0.4,579.0,110.0,0.1899827288428325,20.0,0.0,0.0,196.0,59.0,0.3010204081632653,9.0,0.0,0.0,1085.0,154.0,0.1419354838709678,87.0,6.0,0.0689655172413793,2903.0,382.0,0.1315880124009645,167.0,11.0,0.0658682634730539,287.0,48.0,0.1672473867595819,3.0,0.0,0.0,433.0,76.0,0.1755196304849885,31.0,3.0,0.0967741935483871,11337.0,1509.0,0.1331039957660757,881.0,139.0,0.1577752553916005,11.0,1.0,0.0909090909090909,,,,7.0,3.0,0.4285714285714286,,,,61.0,22.0,0.3606557377049181,1.0,1.0,1.0,202.0,22.0,0.1089108910891089,5.0,0.0,0.0,655.0,80.0,0.1221374045801527,16.0,5.0,0.3125,185.0,36.0,0.1945945945945946,9.0,0.0,0.0
2020-11-15 00:00:00,8904,1278,0.1435309973045822,728.0,64.0,0.0879120879120879,41.0,2.0,0.0487804878048781,2.0,1.0,0.5,143.0,37.0,0.2587412587412588,2.0,1.0,0.5,217.0,49.0,0.2258064516129032,,,,33.0,5.0,0.1515151515151515,3.0,1.0,0.3333333333333333,524.0,73.0,0.1393129770992367,66.0,2.0,0.0303030303030303,1701.0,190.0,0.1116990005878895,81.0,3.0,0.037037037037037,68.0,15.0,0.2205882352941177,1.0,0.0,0.0,206.0,42.0,0.2038834951456311,,,,5376.0,796.0,0.1480654761904762,528.0,50.0,0.0946969696969697,9.0,0.0,0.0,,,,1.0,1.0,1.0,,,,6.0,0.0,0.0,,,,43.0,4.0,0.0930232558139535,7.0,2.0,0.2857142857142857,78.0,12.0,0.1538461538461539,30.0,3.0,0.1,101.0,8.0,0.0792079207920792,1.0,0.0,0.0
2020-11-14 00:00:00,12343,1653,0.1339220610872559,899.0,93.0,0.103448275862069,70.0,11.0,0.1571428571428572,3.0,2.0,0.6666666666666666,122.0,27.0,0.2213114754098361,1.0,0.0,0.0,218.0,37.0,0.1697247706422019,4.0,0.0,0.0,50.0,11.0,0.22,2.0,1.0,0.5,727.0,109.0,0.1499312242090784,107.0,7.0,0.0654205607476636,1910.0,233.0,0.1219895287958115,42.0,6.0,0.1428571428571429,71.0,13.0,0.1830985915492958,2.0,1.0,0.5,226.0,37.0,0.1637168141592921,23.0,0.0,0.0,7865.0,1074.0,0.1365543547361729,701.0,74.0,0.1055634807417974,5.0,2.0,0.4,1.0,0.0,0.0,4.0,2.0,0.5,,,,10.0,3.0,0.3,1.0,0.0,0.0,68.0,6.0,0.0882352941176471,5.0,0.0,0.0,294.0,24.0,0.0816326530612245,1.0,0.0,0.0,191.0,17.0,0.0890052356020942,1.0,0.0,0.0
2020-11-13 00:00:00,17130,2079,0.1213660245183888,1440.0,125.0,0.0868055555555556,155.0,26.0,0.167741935483871,2.0,1.0,0.5,592.0,146.0,0.2466216216216217,14.0,4.0,0.2857142857142857,514.0,75.0,0.1459143968871596,34.0,4.0,0.1176470588235294,215.0,26.0,0.1209302325581395,3.0,0.0,0.0,937.0,135.0,0.144076840981857,150.0,11.0,0.0733333333333333,2857.0,218.0,0.0763038151907596,177.0,4.0,0.0225988700564972,190.0,27.0,0.1421052631578947,1.0,0.0,0.0,330.0,42.0,0.1272727272727273,17.0,0.0,0.0,9593.0,1236.0,0.1288439487126029,990.0,97.0,0.097979797979798,10.0,1.0,0.1,,,,4.0,0.0,0.0,1.0,0.0,0.0,48.0,10.0,0.2083333333333334,1.0,0.0,0.0,124.0,10.0,0.0806451612903226,13.0,0.0,0.0,508.0,57.0,0.1122047244094488,10.0,1.0,0.1,160.0,24.0,0.15,14.0,1.0,0.0714285714285714
2020-11-12 00:00:00,17629,2126,0.1205967440013614,1161.0,123.0,0.1059431524547804,163.0,31.0,0.1901840490797546,3.0,1.0,0.3333333333333333,588.0,134.0,0.2278911564625851,17.0,5.0,0.2941176470588236,487.0,60.0,0.1232032854209446,14.0,3.0,0.2142857142857143,252.0,25.0,0.0992063492063492,2.0,0.0,0.0,856.0,126.0,0.147196261682243,68.0,8.0,0.1176470588235294,2674.0,257.0,0.0961106955871354,156.0,13.0,0.0833333333333333,258.0,32.0,0.124031007751938,9.0,0.0,0.0,368.0,54.0,0.1467391304347826,13.0,1.0,0.0769230769230769,9785.0,1221.0,0.1247828308635667,813.0,91.0,0.1119311193111931,14.0,3.0,0.2142857142857143,,,,4.0,0.0,0.0,,,,44.0,18.0,0.4090909090909091,,,,87.0,9.0,0.103448275862069,10.0,0.0,0.0,704.0,78.0,0.1107954545454546,29.0,0.0,0.0,212.0,26.0,0.1226415094339623,14.0,0.0,0.0
2020-11-11 00:00:00,13055,1676,0.1283799310608962,1157.0,133.0,0.11495246326707,64.0,9.0,0.140625,1.0,0.0,0.0,375.0,75.0,0.2,11.0,3.0,0.2727272727272727,273.0,47.0,0.1721611721611722,15.0,2.0,0.1333333333333333,59.0,8.0,0.1355932203389831,1.0,1.0,1.0,715.0,100.0,0.1398601398601399,85.0,6.0,0.0705882352941177,1616.0,172.0,0.1064356435643564,49.0,7.0,0.1428571428571429,138.0,19.0,0.1376811594202899,7.0,2.0,0.2857142857142857,306.0,47.0,0.1535947712418301,18.0,2.0,0.1111111111111111,8245.0,1057.0,0.1281989084293511,888.0,106.0,0.1193693693693694,7.0,2.0,0.2857142857142857,1.0,0.0,0.0,7.0,1.0,0.1428571428571429,,,,49.0,22.0,0.4489795918367347,,,,70.0,20.0,0.2857142857142857,32.0,0.0,0.0,145.0,16.0,0.1103448275862069,40.0,4.0,0.1,133.0,26.0,0.1954887218045113,7.0,0.0,0.0
2020-11-10 00:00:00,17365,2073,0.1193780593147135,1480.0,159.0,0.1074324324324324,76.0,7.0,0.0921052631578947,1.0,0.0,0.0,657.0,139.0,0.2115677321156773,14.0,4.0,0.2857142857142857,433.0,70.0,0.1616628175519631,61.0,3.0,0.0491803278688525,158.0,24.0,0.1518987341772152,2.0,0.0,0.0,1010.0,110.0,0.1089108910891089,71.0,7.0,0.0985915492957746,2400.0,232.0,0.0966666666666667,138.0,10.0,0.072463768115942,199.0,30.0,0.1507537688442211,1.0,0.0,0.0,379.0,67.0,0.1767810026385224,18.0,3.0,0.1666666666666667,10387.0,1218.0,0.1172619620679696,1097.0,125.0,0.113947128532361,12.0,0.0,0.0,1.0,0.0,0.0,7.0,0.0,0.0,1.0,0.0,0.0,51.0,22.0,0.4313725490196079,,,,89.0,14.0,0.1573033707865169,43.0,1.0,0.0232558139534884,392.0,49.0,0.125,10.0,3.0,0.3,204.0,31.0,0.1519607843137255,7.0,0.0,0.0
2020-11-09 00:00:00,16890,1965,0.1163410301953819,1314.0,136.0,0.1035007610350076,154.0,17.0,0.1103896103896104,3.0,0.0,0.0,710.0,141.0,0.1985915492957747,19.0,11.0,0.5789473684210528,394.0,54.0,0.1370558375634518,20.0,1.0,0.05,92.0,20.0,0.2173913043478261,5.0,2.0,0.4,1020.0,99.0,0.0970588235294118,118.0,7.0,0.0593220338983051,2549.0,226.0,0.0886622204786191,117.0,6.0,0.0512820512820513,237.0,35.0,0.1476793248945148,5.0,0.0,0.0,284.0,40.0,0.1408450704225352,16.0,3.0,0.1875,9536.0,1076.0,0.1128355704697987,971.0,103.0,0.106076210092688,11.0,0.0,0.0,1.0,0.0,0.0,10.0,1.0,0.1,,,,57.0,16.0,0.2807017543859649,1.0,0.0,0.0,129.0,17.0,0.1317829457364341,10.0,0.0,0.0,601.0,100.0,0.1663893510815308,6.0,1.0,0.1666666666666667,198.0,42.0,0.2121212121212121,11.0,0.0,0.0
2020-11-08 00:00:00,7966,1016,0.1275420537283455,621.0,58.0,0.0933977455716586,19.0,3.0,0.1578947368421053,4.0,0.0,0.0,124.0,39.0,0.3145161290322581,,,,149.0,18.0,0.1208053691275168,3.0,0.0,0.0,46.0,7.0,0.1521739130434783,1.0,0.0,0.0,607.0,74.0,0.1219110378912685,58.0,4.0,0.0689655172413793,1238.0,118.0,0.0953150242326333,46.0,2.0,0.0434782608695652,55.0,5.0,0.0909090909090909,,,,97.0,15.0,0.154639175257732,,,,5052.0,652.0,0.1290577988915281,497.0,52.0,0.1046277665995976,7.0,0.0,0.0,2.0,0.0,0.0,1.0,1.0,1.0,,,,4.0,1.0,0.25,,,,59.0,4.0,0.0677966101694915,7.0,0.0,0.0,53.0,8.0,0.1509433962264151,,,,113.0,23.0,0.2035398230088496,1.0,0.0,0.0
2020-11-07 00:00:00,10459,1288,0.123147528444402,1016.0,74.0,0.0728346456692913,47.0,11.0,0.2340425531914894,,,,87.0,19.0,0.2183908045977012,1.0,0.0,0.0,194.0,14.0,0.0721649484536082,68.0,1.0,0.0147058823529412,34.0,8.0,0.2352941176470588,1.0,0.0,0.0,638.0,83.0,0.1300940438871474,69.0,3.0,0.0434782608695652,1365.0,165.0,0.1208791208791209,66.0,5.0,0.0757575757575758,61.0,12.0,0.1967213114754098,2.0,0.0,0.0,228.0,26.0,0.1140350877192983,2.0,0.0,0.0,6887.0,815.0,0.1183388993756353,781.0,61.0,0.0781049935979513,5.0,1.0,0.2,1.0,0.0,0.0,,,,,,,17.0,6.0,0.3529411764705883,,,,52.0,12.0,0.2307692307692308,7.0,0.0,0.0,310.0,44.0,0.1419354838709678,1.0,0.0,0.0,169.0,26.0,0.1538461538461539,6.0,2.0,0.3333333333333333
2020-11-06 00:00:00,16438,1605,0.097639615525003,1322.0,126.0,0.0953101361573374,114.0,16.0,0.1403508771929825,3.0,0.0,0.0,613.0,114.0,0.1859706362153344,12.0,2.0,0.1666666666666667,455.0,35.0,0.0769230769230769,30.0,1.0,0.0333333333333333,65.0,10.0,0.1538461538461539,,,,1011.0,91.0,0.0900098911968348,99.0,12.0,0.1212121212121212,2589.0,206.0,0.0795674005407493,117.0,12.0,0.1025641025641026,145.0,16.0,0.1103448275862069,2.0,0.0,0.0,265.0,24.0,0.0905660377358491,11.0,0.0,0.0,9441.0,920.0,0.097447304310984,963.0,94.0,0.0976116303219107,14.0,1.0,0.0714285714285714,2.0,0.0,0.0,12.0,0.0,0.0,,,,52.0,12.0,0.2307692307692308,3.0,0.0,0.0,70.0,14.0,0.2,14.0,1.0,0.0714285714285714,511.0,62.0,0.1213307240704501,10.0,0.0,0.0,207.0,29.0,0.1400966183574879,14.0,1.0,0.0714285714285714
2020-11-05 00:00:00,16299,1698,0.1041781704399043,1098.0,120.0,0.1092896174863388,95.0,16.0,0.168421052631579,2.0,0.0,0.0,442.0,74.0,0.167420814479638,16.0,1.0,0.0625,433.0,39.0,0.0900692840646651,18.0,2.0,0.1111111111111111,107.0,15.0,0.1401869158878505,,,,866.0,65.0,0.0750577367205543,55.0,7.0,0.1272727272727273,2388.0,239.0,0.1000837520938023,107.0,6.0,0.0560747663551402,202.0,33.0,0.1633663366336634,3.0,2.0,0.6666666666666666,354.0,43.0,0.1214689265536723,13.0,0.0,0.0,9462.0,941.0,0.0994504333121962,752.0,94.0,0.125,13.0,1.0,0.0769230769230769,,,,8.0,0.0,0.0,,,,68.0,21.0,0.3088235294117647,2.0,1.0,0.5,181.0,31.0,0.1712707182320442,28.0,2.0,0.0714285714285714,493.0,66.0,0.1338742393509128,51.0,3.0,0.0588235294117647,190.0,34.0,0.1789473684210526,8.0,0.0,0.0
2020-11-04 00:00:00,16739,1717,0.1025748252583786,1140.0,113.0,0.0991228070175439,97.0,15.0,0.154639175257732,7.0,0.0,0.0,485.0,97.0,0.2,10.0,3.0,0.3,354.0,42.0,0.1186440677966102,23.0,0.0,0.0,110.0,11.0,0.1,2.0,1.0,0.5,1007.0,110.0,0.1092353525322741,58.0,6.0,0.103448275862069,2335.0,230.0,0.0985010706638116,66.0,12.0,0.1818181818181818,279.0,24.0,0.0860215053763441,63.0,5.0,0.0793650793650794,275.0,33.0,0.12,33.0,3.0,0.0909090909090909,10025.0,967.0,0.0964588528678304,806.0,79.0,0.098014888337469,9.0,1.0,0.1111111111111111,1.0,0.0,0.0,8.0,2.0,0.25,,,,53.0,17.0,0.3207547169811321,1.0,0.0,0.0,101.0,8.0,0.0792079207920792,5.0,1.0,0.2,528.0,71.0,0.134469696969697,11.0,0.0,0.0,161.0,23.0,0.1428571428571429,5.0,0.0,0.0
2020-11-03 00:00:00,15845,1450,0.0915115178289681,1315.0,128.0,0.0973384030418251,78.0,12.0,0.1538461538461539,,,,423.0,66.0,0.1560283687943263,13.0,3.0,0.2307692307692308,367.0,33.0,0.0899182561307902,15.0,1.0,0.0666666666666667,60.0,12.0,0.2,2.0,0.0,0.0,1065.0,99.0,0.0929577464788732,81.0,11.0,0.1358024691358025,2186.0,165.0,0.07548032936871,82.0,4.0,0.0487804878048781,152.0,13.0,0.0855263157894737,6.0,0.0,0.0,355.0,43.0,0.1211267605633803,38.0,4.0,0.1052631578947368,9493.0,872.0,0.0918571579058253,947.0,91.0,0.0960929250263992,35.0,2.0,0.0571428571428571,1.0,0.0,0.0,7.0,0.0,0.0,,,,30.0,4.0,0.1333333333333333,3.0,2.0,0.6666666666666666,98.0,11.0,0.1122448979591837,11.0,1.0,0.0909090909090909,393.0,42.0,0.1068702290076336,56.0,9.0,0.1607142857142857,140.0,26.0,0.1857142857142857,10.0,1.0,0.1
2020-11-02 00:00:00,14987,1522,0.1015546807232935,1182.0,118.0,0.0998307952622674,92.0,11.0,0.1195652173913044,2.0,0.0,0.0,413.0,64.0,0.1549636803874092,13.0,8.0,0.6153846153846154,431.0,24.0,0.0556844547563805,22.0,3.0,0.1363636363636364,77.0,9.0,0.1168831168831169,3.0,0.0,0.0,1007.0,99.0,0.0983118172790467,109.0,6.0,0.055045871559633,2204.0,201.0,0.0911978221415608,82.0,8.0,0.0975609756097561,247.0,35.0,0.1417004048582996,4.0,0.0,0.0,277.0,40.0,0.1444043321299639,19.0,1.0,0.0526315789473684,8515.0,845.0,0.0992366412213741,805.0,81.0,0.1006211180124224,15.0,1.0,0.0666666666666667,1.0,0.0,0.0,15.0,2.0,0.1333333333333333,2.0,0.0,0.0,49.0,12.0,0.2448979591836735,,,,130.0,22.0,0.1692307692307693,10.0,1.0,0.1,483.0,76.0,0.1573498964803313,20.0,6.0,0.3,178.0,27.0,0.151685393258427,9.0,0.0,0.0
2020-11-01 00:00:00,6404,708,0.1105559025608994,520.0,40.0,0.0769230769230769,14.0,1.0,0.0714285714285714,,,,76.0,12.0,0.1578947368421053,3.0,0.0,0.0,122.0,8.0,0.0655737704918033,,,,17.0,2.0,0.1176470588235294,1.0,1.0,1.0,477.0,57.0,0.119496855345912,58.0,2.0,0.0344827586206897,916.0,71.0,0.0775109170305677,57.0,2.0,0.0350877192982456,95.0,23.0,0.2421052631578948,1.0,0.0,0.0,119.0,17.0,0.1428571428571429,1.0,0.0,0.0,4202.0,470.0,0.1118514992860543,390.0,33.0,0.0846153846153846,2.0,0.0,0.0,,,,4.0,0.0,0.0,,,,13.0,5.0,0.3846153846153847,,,,28.0,4.0,0.1428571428571429,2.0,0.0,0.0,64.0,12.0,0.1875,,,,56.0,5.0,0.0892857142857143,2.0,1.0,0.5
2020-10-31 00:00:00,7404,774,0.1045380875202593,750.0,54.0,0.072,16.0,4.0,0.25,1.0,0.0,0.0,101.0,13.0,0.1287128712871287,2.0,1.0,0.5,107.0,10.0,0.0934579439252336,35.0,0.0,0.0,38.0,5.0,0.1315789473684211,,,,508.0,66.0,0.1299212598425197,98.0,2.0,0.0204081632653061,1063.0,78.0,0.0733772342427093,56.0,2.0,0.0357142857142857,55.0,15.0,0.2727272727272727,1.0,1.0,1.0,141.0,20.0,0.1418439716312057,2.0,1.0,0.5,4799.0,499.0,0.1039799958324651,544.0,45.0,0.0827205882352941,3.0,0.0,0.0,,,,1.0,1.0,1.0,1.0,0.0,0.0,19.0,3.0,0.1578947368421053,1.0,0.0,0.0,34.0,11.0,0.3235294117647059,3.0,0.0,0.0,159.0,10.0,0.0628930817610063,1.0,1.0,1.0,103.0,12.0,0.1165048543689321,4.0,0.0,0.0
2020-10-30 00:00:00,12559,951,0.0757225893781352,1377.0,127.0,0.0922294843863471,66.0,2.0,0.0303030303030303,2.0,0.0,0.0,357.0,50.0,0.1400560224089636,19.0,4.0,0.2105263157894737,296.0,14.0,0.0472972972972973,63.0,1.0,0.0158730158730159,66.0,7.0,0.1060606060606061,3.0,1.0,0.3333333333333333,732.0,72.0,0.0983606557377049,110.0,8.0,0.0727272727272727,2151.0,171.0,0.0794979079497908,168.0,7.0,0.0416666666666667,104.0,8.0,0.0769230769230769,7.0,1.0,0.1428571428571429,267.0,27.0,0.101123595505618,7.0,3.0,0.4285714285714286,7220.0,527.0,0.0729916897506925,943.0,98.0,0.1039236479321315,5.0,0.0,0.0,,,,4.0,2.0,0.5,,,,37.0,5.0,0.1351351351351352,,,,58.0,4.0,0.0689655172413793,16.0,0.0,0.0,332.0,19.0,0.0572289156626506,6.0,2.0,0.3333333333333333,101.0,11.0,0.1089108910891089,23.0,2.0,0.0869565217391304
2020-10-29 00:00:00,14288,1360,0.0951847704367301,1380.0,115.0,0.0833333333333333,107.0,10.0,0.0934579439252336,2.0,0.0,0.0,393.0,59.0,0.1501272264631043,15.0,6.0,0.4,337.0,15.0,0.0445103857566766,21.0,4.0,0.1904761904761905,62.0,13.0,0.2096774193548387,3.0,0.0,0.0,1640.0,375.0,0.2286585365853659,64.0,2.0,0.03125,2030.0,131.0,0.0645320197044335,77.0,7.0,0.0909090909090909,183.0,32.0,0.1748633879781421,7.0,0.0,0.0,243.0,19.0,0.0781893004115226,125.0,7.0,0.056,7675.0,603.0,0.0785667752442997,872.0,80.0,0.0917431192660551,11.0,0.0,0.0,4.0,0.0,0.0,5.0,1.0,0.2,,,,48.0,14.0,0.2916666666666667,2.0,0.0,0.0,102.0,9.0,0.0882352941176471,14.0,0.0,0.0,379.0,26.0,0.0686015831134565,63.0,6.0,0.0952380952380952,192.0,18.0,0.09375,6.0,1.0,0.1666666666666667
2020-10-28 00:00:00,12558,1006,0.0801082974996018,1353.0,129.0,0.0953436807095344,107.0,5.0,0.0467289719626168,1.0,0.0,0.0,291.0,48.0,0.1649484536082474,5.0,1.0,0.2,265.0,14.0,0.0528301886792453,68.0,5.0,0.0735294117647059,80.0,8.0,0.1,,,,664.0,59.0,0.088855421686747,66.0,5.0,0.0757575757575758,1789.0,136.0,0.0760201229737283,69.0,3.0,0.0434782608695652,230.0,21.0,0.091304347826087,31.0,6.0,0.1935483870967742,205.0,22.0,0.1073170731707317,110.0,8.0,0.0727272727272727,7351.0,580.0,0.0789008298190722,847.0,95.0,0.1121605667060213,15.0,1.0,0.0666666666666667,2.0,0.0,0.0,1.0,0.0,0.0,,,,65.0,12.0,0.1846153846153846,3.0,1.0,0.3333333333333333,76.0,10.0,0.1315789473684211,8.0,0.0,0.0,392.0,43.0,0.1096938775510204,7.0,0.0,0.0,120.0,12.0,0.1,11.0,1.0,0.0909090909090909
2020-10-27 00:00:00,12427,908,0.0730667095839704,1679.0,130.0,0.0774270399047052,47.0,8.0,0.1702127659574468,2.0,1.0,0.5,290.0,41.0,0.1413793103448276,9.0,4.0,0.4444444444444444,305.0,15.0,0.0491803278688525,17.0,2.0,0.1176470588235294,58.0,7.0,0.1206896551724138,4.0,1.0,0.25,715.0,63.0,0.0881118881118881,106.0,11.0,0.1037735849056604,1890.0,135.0,0.0714285714285714,102.0,7.0,0.0686274509803922,137.0,12.0,0.0875912408759124,4.0,0.0,0.0,203.0,22.0,0.1083743842364532,128.0,12.0,0.09375,7475.0,527.0,0.0705016722408027,1121.0,84.0,0.0749330954504906,8.0,2.0,0.25,1.0,0.0,0.0,2.0,0.0,0.0,,,,56.0,8.0,0.1428571428571429,1.0,0.0,0.0,63.0,7.0,0.1111111111111111,12.0,1.0,0.0833333333333333,361.0,22.0,0.0609418282548477,42.0,2.0,0.0476190476190476,108.0,6.0,0.0555555555555556,10.0,0.0,0.0
2020-10-26 00:00:00,12847,1028,0.0800186814042189,1373.0,133.0,0.0968681718863802,73.0,11.0,0.1506849315068493,1.0,0.0,0.0,291.0,39.0,0.134020618556701,19.0,5.0,0.2631578947368421,308.0,16.0,0.051948051948052,21.0,0.0,0.0,80.0,14.0,0.175,2.0,0.0,0.0,820.0,69.0,0.0841463414634146,94.0,7.0,0.074468085106383,1744.0,100.0,0.0573394495412844,147.0,15.0,0.1020408163265306,196.0,32.0,0.163265306122449,9.0,2.0,0.2222222222222222,185.0,26.0,0.1405405405405406,28.0,4.0,0.1428571428571429,7640.0,599.0,0.0784031413612566,793.0,92.0,0.116015132408575,15.0,0.0,0.0,2.0,0.0,0.0,6.0,1.0,0.1666666666666667,,,,68.0,12.0,0.1764705882352941,2.0,0.0,0.0,133.0,11.0,0.0827067669172932,116.0,4.0,0.0344827586206897,428.0,49.0,0.1144859813084112,12.0,0.0,0.0,150.0,19.0,0.1266666666666667,6.0,1.0,0.1666666666666667
2020-10-25 00:00:00,4798,452,0.0942059191329721,505.0,35.0,0.0693069306930693,23.0,2.0,0.0869565217391304,1.0,0.0,0.0,68.0,11.0,0.161764705882353,,,,74.0,9.0,0.1216216216216216,,,,22.0,5.0,0.2272727272727273,1.0,1.0,1.0,353.0,35.0,0.0991501416430595,50.0,1.0,0.02,685.0,45.0,0.0656934306569343,65.0,3.0,0.0461538461538462,66.0,11.0,0.1666666666666667,1.0,0.0,0.0,78.0,11.0,0.141025641025641,,,,3113.0,289.0,0.0928364921297784,372.0,30.0,0.0806451612903226,3.0,0.0,0.0,1.0,0.0,0.0,,,,,,,4.0,0.0,0.0,,,,33.0,6.0,0.1818181818181818,5.0,0.0,0.0,56.0,4.0,0.0714285714285714,4.0,0.0,0.0,29.0,2.0,0.0689655172413793,2.0,0.0,0.0
2020-10-24 00:00:00,7533,700,0.0929244656843223,771.0,65.0,0.0843060959792477,21.0,5.0,0.2380952380952381,3.0,1.0,0.3333333333333333,248.0,14.0,0.0564516129032258,2.0,0.0,0.0,98.0,8.0,0.0816326530612245,44.0,0.0,0.0,49.0,3.0,0.0612244897959184,,,,433.0,39.0,0.0900692840646651,79.0,5.0,0.0632911392405063,830.0,74.0,0.0891566265060241,65.0,5.0,0.0769230769230769,72.0,19.0,0.2638888888888889,3.0,1.0,0.3333333333333333,106.0,6.0,0.0566037735849057,,,,5056.0,485.0,0.0959256329113924,563.0,51.0,0.0905861456483126,2.0,0.0,0.0,1.0,0.0,0.0,1.0,0.0,0.0,1.0,0.0,0.0,13.0,0.0,0.0,,,,36.0,4.0,0.1111111111111111,4.0,1.0,0.25,197.0,18.0,0.0913705583756345,2.0,1.0,0.5,62.0,4.0,0.0645161290322581,2.0,0.0,0.0
2020-10-23 00:00:00,11487,777,0.0676416819012797,1504.0,121.0,0.0804521276595745,68.0,8.0,0.1176470588235294,4.0,0.0,0.0,406.0,39.0,0.0960591133004926,18.0,5.0,0.2777777777777778,268.0,16.0,0.0597014925373134,129.0,3.0,0.0232558139534884,179.0,10.0,0.0558659217877095,,,,750.0,46.0,0.0613333333333333,161.0,11.0,0.0683229813664596,1824.0,103.0,0.056469298245614,135.0,8.0,0.0592592592592593,132.0,14.0,0.1060606060606061,2.0,0.0,0.0,207.0,21.0,0.1014492753623189,14.0,1.0,0.0714285714285714,6310.0,435.0,0.0689381933438986,948.0,90.0,0.0949367088607595,7.0,0.0,0.0,1.0,0.0,0.0,9.0,0.0,0.0,,,,212.0,27.0,0.1273584905660377,,,,88.0,4.0,0.0454545454545455,11.0,0.0,0.0,310.0,30.0,0.0967741935483871,7.0,1.0,0.1428571428571429,125.0,9.0,0.072,14.0,0.0,0.0
2020-10-22 00:00:00,12104,887,0.0732815598149372,1208.0,134.0,0.1109271523178808,87.0,3.0,0.0344827586206897,5.0,2.0,0.4,330.0,54.0,0.1636363636363636,9.0,1.0,0.1111111111111111,253.0,11.0,0.0434782608695652,21.0,2.0,0.0952380952380952,49.0,3.0,0.0612244897959184,1.0,0.0,0.0,715.0,67.0,0.0937062937062937,82.0,4.0,0.0487804878048781,1930.0,141.0,0.0730569948186529,106.0,12.0,0.1132075471698113,201.0,14.0,0.0696517412935323,3.0,1.0,0.3333333333333333,212.0,8.0,0.0377358490566038,20.0,4.0,0.2,7048.0,488.0,0.0692395005675369,797.0,101.0,0.1267252195734003,6.0,0.0,0.0,2.0,0.0,0.0,12.0,1.0,0.0833333333333333,,,,39.0,3.0,0.0769230769230769,,,,105.0,15.0,0.1428571428571429,14.0,2.0,0.1428571428571429,437.0,47.0,0.1075514874141876,61.0,3.0,0.0491803278688525,85.0,2.0,0.0235294117647059,6.0,0.0,0.0
2020-10-21 00:00:00,12561,881,0.070137727887907,878.0,75.0,0.0854214123006834,83.0,22.0,0.2650602409638555,3.0,0.0,0.0,366.0,43.0,0.1174863387978142,13.0,4.0,0.3076923076923077,243.0,20.0,0.0823045267489712,62.0,4.0,0.0645161290322581,88.0,3.0,0.0340909090909091,3.0,0.0,0.0,570.0,42.0,0.0736842105263158,41.0,5.0,0.1219512195121951,1666.0,110.0,0.0660264105642257,44.0,5.0,0.1136363636363636,229.0,22.0,0.0960698689956332,1.0,1.0,1.0,178.0,10.0,0.0561797752808989,34.0,0.0,0.0,7681.0,512.0,0.0666579872412446,612.0,53.0,0.0866013071895425,12.0,0.0,0.0,,,,5.0,0.0,0.0,,,,39.0,9.0,0.2307692307692308,2.0,1.0,0.5,70.0,8.0,0.1142857142857143,5.0,0.0,0.0,406.0,40.0,0.0985221674876847,6.0,0.0,0.0,110.0,8.0,0.0727272727272727,7.0,0.0,0.0
2020-10-20 00:00:00,12485,803,0.0643171806167401,1318.0,125.0,0.0948406676783005,94.0,8.0,0.0851063829787234,6.0,1.0,0.1666666666666667,342.0,35.0,0.1023391812865497,18.0,9.0,0.5,265.0,6.0,0.0226415094339623,16.0,1.0,0.0625,68.0,1.0,0.0147058823529412,6.0,1.0,0.1666666666666667,713.0,59.0,0.0827489481065919,86.0,5.0,0.0581395348837209,1720.0,91.0,0.0529069767441861,144.0,7.0,0.0486111111111111,174.0,23.0,0.132183908045977,4.0,3.0,0.75,189.0,7.0,0.037037037037037,22.0,2.0,0.0909090909090909,7698.0,487.0,0.0632631852429202,942.0,92.0,0.0976645435244161,5.0,0.0,0.0,1.0,0.0,0.0,9.0,0.0,0.0,,,,49.0,9.0,0.1836734693877551,,,,96.0,12.0,0.125,11.0,1.0,0.0909090909090909,315.0,34.0,0.1079365079365079,23.0,2.0,0.0869565217391304,101.0,8.0,0.0792079207920792,7.0,0.0,0.0
2020-10-19 00:00:00,12198,855,0.0700934579439252,1252.0,123.0,0.0982428115015974,74.0,6.0,0.0810810810810811,,,,292.0,53.0,0.1815068493150685,9.0,3.0,0.3333333333333333,210.0,17.0,0.080952380952381,18.0,1.0,0.0555555555555556,60.0,7.0,0.1166666666666667,3.0,1.0,0.3333333333333333,760.0,38.0,0.05,133.0,8.0,0.0601503759398496,1568.0,84.0,0.0535714285714286,124.0,12.0,0.0967741935483871,234.0,22.0,0.094017094017094,5.0,0.0,0.0,195.0,10.0,0.0512820512820513,12.0,1.0,0.0833333333333333,7308.0,508.0,0.0695128626163109,836.0,90.0,0.1076555023923445,48.0,0.0,0.0,17.0,0.0,0.0,11.0,5.0,0.4545454545454546,3.0,0.0,0.0,64.0,13.0,0.203125,4.0,0.0,0.0,148.0,12.0,0.0810810810810811,26.0,1.0,0.0384615384615385,365.0,42.0,0.1150684931506849,11.0,0.0,0.0,107.0,7.0,0.0654205607476636,13.0,2.0,0.1538461538461539
2020-10-18 00:00:00,5110,422,0.0825831702544031,538.0,46.0,0.0855018587360595,22.0,2.0,0.0909090909090909,,,,76.0,10.0,0.1315789473684211,,,,82.0,4.0,0.0487804878048781,3.0,0.0,0.0,14.0,1.0,0.0714285714285714,2.0,0.0,0.0,318.0,22.0,0.0691823899371069,61.0,4.0,0.0655737704918033,733.0,45.0,0.0613915416098227,51.0,3.0,0.0588235294117647,80.0,7.0,0.0875,,,,82.0,2.0,0.024390243902439,,,,3370.0,289.0,0.0857566765578635,413.0,39.0,0.0944309927360775,3.0,0.0,0.0,,,,8.0,1.0,0.125,,,,9.0,3.0,0.3333333333333333,,,,80.0,18.0,0.225,5.0,0.0,0.0,33.0,5.0,0.1515151515151515,1.0,0.0,0.0,27.0,0.0,0.0,1.0,0.0,0.0
2020-10-17 00:00:00,6474,454,0.0701266604881063,862.0,57.0,0.0661252900232019,21.0,5.0,0.2380952380952381,3.0,0.0,0.0,467.0,18.0,0.0385438972162741,30.0,2.0,0.0666666666666667,93.0,8.0,0.0860215053763441,55.0,1.0,0.0181818181818182,17.0,3.0,0.1764705882352941,1.0,0.0,0.0,406.0,23.0,0.0566502463054187,108.0,2.0,0.0185185185185185,756.0,44.0,0.0582010582010582,69.0,2.0,0.0289855072463768,94.0,17.0,0.1808510638297873,3.0,1.0,0.3333333333333333,80.0,4.0,0.05,4.0,1.0,0.25,4039.0,284.0,0.0703144342659074,574.0,47.0,0.0818815331010453,3.0,0.0,0.0,1.0,0.0,0.0,3.0,0.0,0.0,,,,9.0,0.0,0.0,,,,37.0,2.0,0.0540540540540541,8.0,0.0,0.0,138.0,22.0,0.1594202898550725,,,,78.0,12.0,0.1538461538461539,5.0,1.0,0.2
2020-10-16 00:00:00,10315,643,0.0623364032961706,1243.0,110.0,0.0884955752212389,74.0,4.0,0.0540540540540541,5.0,0.0,0.0,243.0,29.0,0.1193415637860082,49.0,6.0,0.1224489795918367,224.0,15.0,0.0669642857142857,19.0,2.0,0.1052631578947368,70.0,7.0,0.1,4.0,2.0,0.5,761.0,43.0,0.0565045992115637,81.0,6.0,0.0740740740740741,1347.0,49.0,0.03637713437268,138.0,5.0,0.036231884057971,93.0,20.0,0.2150537634408602,2.0,0.0,0.0,176.0,10.0,0.0568181818181818,13.0,2.0,0.1538461538461539,6250.0,402.0,0.06432,869.0,83.0,0.095512082853855,2.0,0.0,0.0,,,,8.0,0.0,0.0,,,,37.0,6.0,0.1621621621621622,2.0,0.0,0.0,112.0,17.0,0.1517857142857143,18.0,0.0,0.0,256.0,15.0,0.05859375,14.0,2.0,0.1428571428571429,92.0,5.0,0.0543478260869565,16.0,0.0,0.0
2020-10-15 00:00:00,10032,555,0.055322966507177,1191.0,104.0,0.0873215785054576,93.0,3.0,0.032258064516129,,,,441.0,46.0,0.1043083900226757,61.0,6.0,0.0983606557377049,204.0,4.0,0.0196078431372549,38.0,0.0,0.0,55.0,4.0,0.0727272727272727,2.0,0.0,0.0,691.0,44.0,0.0636758321273517,55.0,10.0,0.1818181818181818,1428.0,50.0,0.0350140056022409,107.0,7.0,0.0654205607476636,140.0,9.0,0.0642857142857143,57.0,3.0,0.0526315789473684,198.0,9.0,0.0454545454545455,19.0,2.0,0.1052631578947368,5561.0,314.0,0.0564646646286639,818.0,74.0,0.0904645476772616,12.0,1.0,0.0833333333333333,1.0,0.0,0.0,4.0,1.0,0.25,,,,31.0,7.0,0.2258064516129032,1.0,0.0,0.0,80.0,7.0,0.0875,13.0,1.0,0.0769230769230769,284.0,23.0,0.0809859154929578,4.0,0.0,0.0,95.0,5.0,0.0526315789473684,7.0,1.0,0.1428571428571429
2020-10-14 00:00:00,10749,636,0.0591682947250907,1105.0,114.0,0.1031674208144796,54.0,7.0,0.1296296296296296,8.0,2.0,0.25,266.0,25.0,0.093984962406015,26.0,9.0,0.3461538461538462,226.0,4.0,0.0176991150442478,81.0,2.0,0.0246913580246914,75.0,4.0,0.0533333333333333,3.0,1.0,0.3333333333333333,611.0,45.0,0.0736497545008183,49.0,2.0,0.0408163265306122,1552.0,63.0,0.0405927835051546,105.0,10.0,0.0952380952380952,301.0,13.0,0.0431893687707641,3.0,2.0,0.6666666666666666,273.0,6.0,0.021978021978022,13.0,1.0,0.0769230769230769,6222.0,374.0,0.0601092896174863,799.0,83.0,0.1038798498122653,5.0,0.0,0.0,,,,3.0,0.0,0.0,,,,37.0,9.0,0.2432432432432433,1.0,0.0,0.0,118.0,25.0,0.211864406779661,5.0,0.0,0.0,340.0,25.0,0.0735294117647059,6.0,1.0,0.1666666666666667,91.0,5.0,0.0549450549450549,2.0,0.0,0.0
2020-10-13 00:00:00,10449,617,0.0590487127954828,1347.0,149.0,0.1106161841128434,65.0,6.0,0.0923076923076923,1.0,0.0,0.0,276.0,21.0,0.0760869565217391,33.0,7.0,0.2121212121212121,187.0,7.0,0.0374331550802139,20.0,1.0,0.05,44.0,3.0,0.0681818181818182,5.0,0.0,0.0,581.0,38.0,0.0654044750430293,96.0,10.0,0.1041666666666667,1341.0,44.0,0.0328113348247576,112.0,5.0,0.0446428571428571,143.0,11.0,0.0769230769230769,6.0,1.0,0.1666666666666667,179.0,6.0,0.0335195530726257,15.0,2.0,0.1333333333333333,6346.0,395.0,0.0622439331862591,1011.0,118.0,0.1167161226508408,8.0,0.0,0.0,,,,9.0,2.0,0.2222222222222222,1.0,0.0,0.0,40.0,5.0,0.125,,,,148.0,28.0,0.1891891891891892,10.0,1.0,0.1,276.0,20.0,0.072463768115942,10.0,0.0,0.0,120.0,6.0,0.05,18.0,2.0,0.1111111111111111
2020-10-12 00:00:00,10457,591,0.0565171655350483,1285.0,117.0,0.0910505836575876,31.0,0.0,0.0,5.0,1.0,0.2,254.0,33.0,0.1299212598425197,12.0,2.0,0.1666666666666667,230.0,8.0,0.0347826086956522,23.0,5.0,0.2173913043478261,68.0,8.0,0.1176470588235294,4.0,2.0,0.5,635.0,34.0,0.0535433070866142,130.0,9.0,0.0692307692307692,1984.0,63.0,0.0317540322580645,144.0,12.0,0.0833333333333333,107.0,7.0,0.0654205607476636,5.0,0.0,0.0,192.0,13.0,0.0677083333333333,17.0,2.0,0.1176470588235294,5699.0,331.0,0.0580803649763116,877.0,76.0,0.0866590649942988,16.0,1.0,0.0625,,,,6.0,1.0,0.1666666666666667,,,,48.0,13.0,0.2708333333333333,2.0,0.0,0.0,136.0,16.0,0.1176470588235294,23.0,2.0,0.0869565217391304,358.0,30.0,0.0837988826815642,10.0,1.0,0.1,119.0,16.0,0.134453781512605,18.0,2.0,0.1111111111111111
2020-10-11 00:00:00,4600,319,0.0693478260869565,610.0,38.0,0.0622950819672131,17.0,0.0,0.0,1.0,0.0,0.0,73.0,11.0,0.1506849315068493,1.0,0.0,0.0,84.0,3.0,0.0357142857142857,1.0,0.0,0.0,14.0,3.0,0.2142857142857143,,,,369.0,30.0,0.0813008130081301,63.0,2.0,0.0317460317460317,796.0,50.0,0.0628140703517588,50.0,4.0,0.08,40.0,3.0,0.075,3.0,1.0,0.3333333333333333,87.0,3.0,0.0344827586206897,,,,2788.0,191.0,0.0685078909612626,477.0,30.0,0.0628930817610063,8.0,0.0,0.0,1.0,0.0,0.0,4.0,0.0,0.0,,,,8.0,1.0,0.125,1.0,0.0,0.0,34.0,4.0,0.1176470588235294,4.0,1.0,0.25,56.0,8.0,0.1428571428571429,,,,28.0,3.0,0.1071428571428571,4.0,0.0,0.0
2020-10-10 00:00:00,5675,348,0.0613215859030837,752.0,58.0,0.0771276595744681,9.0,1.0,0.1111111111111111,2.0,0.0,0.0,54.0,10.0,0.1851851851851852,5.0,1.0,0.2,96.0,2.0,0.0208333333333333,1.0,0.0,0.0,15.0,1.0,0.0666666666666667,1.0,0.0,0.0,331.0,16.0,0.0483383685800604,61.0,5.0,0.0819672131147541,872.0,34.0,0.0389908256880734,69.0,0.0,0.0,43.0,1.0,0.0232558139534884,,,,69.0,1.0,0.0144927536231884,20.0,2.0,0.1,3702.0,238.0,0.0642895732036737,576.0,47.0,0.0815972222222222,6.0,0.0,0.0,,,,2.0,0.0,0.0,,,,5.0,1.0,0.2,3.0,2.0,0.6666666666666666,35.0,10.0,0.2857142857142857,3.0,0.0,0.0,179.0,17.0,0.0949720670391061,1.0,0.0,0.0,23.0,3.0,0.1304347826086957,4.0,0.0,0.0
2020-10-09 00:00:00,10163,544,0.0535275017219325,1480.0,137.0,0.0925675675675676,51.0,3.0,0.0588235294117647,9.0,2.0,0.2222222222222222,282.0,33.0,0.1170212765957447,9.0,3.0,0.3333333333333333,221.0,13.0,0.0588235294117647,49.0,1.0,0.0204081632653061,335.0,12.0,0.0358208955223881,4.0,0.0,0.0,546.0,43.0,0.0787545787545788,101.0,8.0,0.0792079207920792,1626.0,46.0,0.028290282902829,181.0,16.0,0.0883977900552486,96.0,8.0,0.0833333333333333,7.0,0.0,0.0,139.0,4.0,0.0287769784172662,102.0,5.0,0.0490196078431373,5404.0,309.0,0.057179866765359,938.0,99.0,0.105543710021322,5.0,0.0,0.0,2.0,0.0,0.0,10.0,3.0,0.3,,,,39.0,6.0,0.1538461538461539,1.0,0.0,0.0,90.0,10.0,0.1111111111111111,11.0,0.0,0.0,510.0,28.0,0.0549019607843137,34.0,1.0,0.0294117647058824,130.0,7.0,0.0538461538461539,11.0,1.0,0.0909090909090909
2020-10-08 00:00:00,10195,489,0.0479646885728298,1022.0,119.0,0.1164383561643836,46.0,0.0,0.0,2.0,1.0,0.5,245.0,17.0,0.0693877551020408,10.0,4.0,0.4,224.0,6.0,0.0267857142857143,25.0,5.0,0.2,323.0,4.0,0.0123839009287926,5.0,0.0,0.0,662.0,47.0,0.0709969788519638,58.0,4.0,0.0689655172413793,1395.0,39.0,0.0279569892473118,117.0,14.0,0.1196581196581197,139.0,6.0,0.0431654676258993,10.0,0.0,0.0,187.0,3.0,0.0160427807486631,80.0,4.0,0.05,5576.0,289.0,0.0518292682926829,678.0,85.0,0.1253687315634218,9.0,1.0,0.1111111111111111,,,,8.0,2.0,0.25,,,,36.0,4.0,0.1111111111111111,2.0,0.0,0.0,93.0,13.0,0.1397849462365591,9.0,0.0,0.0,296.0,30.0,0.1013513513513514,10.0,1.0,0.1,126.0,5.0,0.0396825396825397,5.0,0.0,0.0
2020-10-07 00:00:00,10711,494,0.0461208103818504,1175.0,119.0,0.1012765957446809,69.0,9.0,0.1304347826086957,60.0,8.0,0.1333333333333333,217.0,36.0,0.1658986175115208,10.0,1.0,0.1,254.0,10.0,0.0393700787401575,12.0,0.0,0.0,285.0,3.0,0.0105263157894737,3.0,0.0,0.0,608.0,31.0,0.0509868421052632,52.0,3.0,0.0576923076923077,1729.0,49.0,0.0283400809716599,88.0,8.0,0.0909090909090909,128.0,7.0,0.0546875,5.0,1.0,0.2,219.0,7.0,0.0319634703196347,87.0,7.0,0.0804597701149425,5862.0,276.0,0.0470829068577277,821.0,87.0,0.1059683313032887,11.0,3.0,0.2727272727272727,,,,5.0,0.0,0.0,1.0,0.0,0.0,24.0,6.0,0.25,1.0,0.0,0.0,83.0,9.0,0.108433734939759,3.0,0.0,0.0,350.0,16.0,0.0457142857142857,8.0,1.0,0.125,93.0,4.0,0.043010752688172,9.0,1.0,0.1111111111111111
2020-10-06 00:00:00,11741,528,0.0449706157908185,1535.0,122.0,0.0794788273615635,155.0,16.0,0.1032258064516129,3.0,0.0,0.0,251.0,19.0,0.0756972111553785,8.0,2.0,0.25,289.0,11.0,0.0380622837370242,18.0,0.0,0.0,302.0,7.0,0.0231788079470199,3.0,0.0,0.0,599.0,41.0,0.0684474123539232,87.0,3.0,0.0344827586206897,1666.0,49.0,0.0294117647058824,177.0,10.0,0.0564971751412429,130.0,8.0,0.0615384615384615,80.0,4.0,0.05,206.0,2.0,0.0097087378640777,99.0,5.0,0.0505050505050505,6748.0,320.0,0.04742145820984,1003.0,93.0,0.0927218344965105,4.0,0.0,0.0,1.0,0.0,0.0,2.0,0.0,0.0,1.0,0.0,0.0,41.0,10.0,0.2439024390243903,2.0,0.0,0.0,78.0,3.0,0.0384615384615385,10.0,0.0,0.0,409.0,16.0,0.039119804400978,10.0,2.0,0.2,124.0,6.0,0.0483870967741936,6.0,1.0,0.1666666666666667
2020-10-05 00:00:00,11363,515,0.0453225380621315,1245.0,136.0,0.1092369477911647,101.0,10.0,0.099009900990099,2.0,1.0,0.5,258.0,21.0,0.0813953488372093,8.0,1.0,0.125,327.0,7.0,0.0214067278287462,23.0,1.0,0.0434782608695652,47.0,2.0,0.0425531914893617,,,,565.0,25.0,0.0442477876106195,99.0,4.0,0.0404040404040404,1770.0,71.0,0.0401129943502825,172.0,12.0,0.0697674418604651,149.0,5.0,0.0335570469798658,2.0,0.0,0.0,169.0,2.0,0.0118343195266272,46.0,1.0,0.0217391304347826,6271.0,302.0,0.0481581884866847,832.0,112.0,0.1346153846153846,9.0,1.0,0.1111111111111111,1.0,0.0,0.0,6.0,1.0,0.1666666666666667,,,,42.0,3.0,0.0714285714285714,3.0,1.0,0.3333333333333333,135.0,9.0,0.0666666666666667,16.0,0.0,0.0,453.0,21.0,0.0463576158940397,14.0,2.0,0.1428571428571429,97.0,7.0,0.0721649484536082,11.0,1.0,0.0909090909090909
2020-10-04 00:00:00,4204,247,0.0587535680304472,443.0,38.0,0.0857787810383747,11.0,0.0,0.0,,,,51.0,4.0,0.0784313725490196,1.0,0.0,0.0,96.0,7.0,0.0729166666666667,3.0,0.0,0.0,19.0,1.0,0.0526315789473684,1.0,0.0,0.0,282.0,13.0,0.0460992907801418,61.0,3.0,0.0491803278688525,588.0,27.0,0.0459183673469388,33.0,0.0,0.0,36.0,3.0,0.0833333333333333,1.0,0.0,0.0,91.0,6.0,0.0659340659340659,1.0,1.0,1.0,2687.0,172.0,0.0640119091924079,333.0,34.0,0.1021021021021021,,,,,,,1.0,0.0,0.0,,,,3.0,0.0,0.0,,,,27.0,0.0,0.0,4.0,0.0,0.0,27.0,0.0,0.0,1.0,0.0,0.0,17.0,2.0,0.1176470588235294,,,
2020-10-03 00:00:00,5862,283,0.0482770385533948,713.0,52.0,0.0729312762973352,11.0,0.0,0.0,2.0,1.0,0.5,46.0,7.0,0.1521739130434783,3.0,0.0,0.0,92.0,3.0,0.0326086956521739,49.0,0.0,0.0,20.0,2.0,0.1,,,,382.0,18.0,0.0471204188481675,75.0,6.0,0.08,593.0,27.0,0.045531197301855,64.0,1.0,0.015625,58.0,3.0,0.0517241379310345,1.0,0.0,0.0,97.0,5.0,0.0515463917525773,,,,3975.0,192.0,0.0483018867924528,509.0,43.0,0.0844793713163065,1.0,0.0,0.0,1.0,0.0,0.0,5.0,0.0,0.0,,,,10.0,2.0,0.2,1.0,0.0,0.0,35.0,2.0,0.0571428571428571,4.0,1.0,0.25,183.0,10.0,0.0546448087431694,1.0,0.0,0.0,31.0,0.0,0.0,1.0,0.0,0.0
2020-10-02 00:00:00,9850,415,0.0421319796954315,1309.0,132.0,0.1008403361344538,66.0,4.0,0.0606060606060606,2.0,1.0,0.5,192.0,18.0,0.09375,23.0,5.0,0.2173913043478261,306.0,9.0,0.0294117647058824,38.0,2.0,0.0526315789473684,51.0,2.0,0.0392156862745098,4.0,1.0,0.25,468.0,30.0,0.0641025641025641,91.0,4.0,0.043956043956044,1670.0,51.0,0.0305389221556886,155.0,7.0,0.0451612903225806,129.0,5.0,0.0387596899224806,3.0,0.0,0.0,221.0,6.0,0.0271493212669683,51.0,2.0,0.0392156862745098,5475.0,250.0,0.045662100456621,898.0,106.0,0.1180400890868597,8.0,2.0,0.25,2.0,0.0,0.0,7.0,0.0,0.0,,,,11.0,3.0,0.2727272727272727,1.0,0.0,0.0,97.0,10.0,0.1030927835051546,18.0,1.0,0.0555555555555556,300.0,10.0,0.0333333333333333,5.0,0.0,0.0,89.0,1.0,0.0112359550561798,12.0,2.0,0.1666666666666667
2020-10-01 00:00:00,9217,408,0.0442660301616578,1149.0,129.0,0.1122715404699739,62.0,2.0,0.032258064516129,4.0,1.0,0.25,209.0,14.0,0.0669856459330144,17.0,6.0,0.3529411764705883,272.0,7.0,0.0257352941176471,27.0,1.0,0.037037037037037,57.0,4.0,0.0701754385964912,2.0,0.0,0.0,428.0,25.0,0.058411214953271,63.0,11.0,0.1746031746031746,1770.0,74.0,0.0418079096045198,134.0,8.0,0.0597014925373134,134.0,4.0,0.0298507462686567,6.0,2.0,0.3333333333333333,203.0,6.0,0.0295566502463054,54.0,2.0,0.037037037037037,4874.0,221.0,0.0453426343865408,800.0,94.0,0.1175,29.0,0.0,0.0,1.0,0.0,0.0,2.0,0.0,0.0,,,,40.0,7.0,0.175,1.0,0.0,0.0,83.0,8.0,0.0963855421686747,17.0,1.0,0.0588235294117647,268.0,17.0,0.0634328358208955,5.0,0.0,0.0,95.0,2.0,0.0210526315789474,11.0,2.0,0.1818181818181818
2020-09-30 00:00:00,9011,420,0.0466096992564643,1126.0,114.0,0.1012433392539965,114.0,8.0,0.0701754385964912,1.0,0.0,0.0,179.0,13.0,0.0726256983240224,8.0,3.0,0.375,247.0,15.0,0.0607287449392713,55.0,2.0,0.0363636363636364,57.0,3.0,0.0526315789473684,3.0,0.0,0.0,391.0,20.0,0.051150895140665,61.0,6.0,0.0983606557377049,1359.0,43.0,0.0316409124356144,85.0,5.0,0.0588235294117647,187.0,4.0,0.0213903743315508,5.0,1.0,0.2,154.0,6.0,0.038961038961039,38.0,5.0,0.1315789473684211,5068.0,241.0,0.0475532754538279,849.0,90.0,0.1060070671378092,5.0,0.0,0.0,,,,6.0,0.0,0.0,,,,33.0,2.0,0.0606060606060606,,,,59.0,9.0,0.152542372881356,4.0,2.0,0.5,337.0,30.0,0.0890207715133531,7.0,0.0,0.0,127.0,1.0,0.0078740157480315,5.0,0.0,0.0
2020-09-29 00:00:00,8848,370,0.0418173598553345,1415.0,160.0,0.1130742049469965,55.0,8.0,0.1454545454545455,1.0,0.0,0.0,261.0,18.0,0.0689655172413793,12.0,3.0,0.25,222.0,13.0,0.0585585585585586,45.0,1.0,0.0222222222222222,39.0,3.0,0.0769230769230769,8.0,1.0,0.125,404.0,20.0,0.0495049504950495,87.0,12.0,0.1379310344827586,1357.0,37.0,0.0272660280029477,154.0,17.0,0.1103896103896104,126.0,5.0,0.0396825396825397,12.0,3.0,0.25,116.0,9.0,0.0775862068965517,57.0,7.0,0.1228070175438597,4860.0,189.0,0.0388888888888889,974.0,110.0,0.1129363449691992,15.0,0.0,0.0,,,,2.0,0.0,0.0,,,,55.0,6.0,0.1090909090909091,3.0,0.0,0.0,103.0,16.0,0.1553398058252427,16.0,1.0,0.0625,344.0,17.0,0.0494186046511628,28.0,4.0,0.1428571428571429,105.0,3.0,0.0285714285714286,12.0,1.0,0.0833333333333333
2020-09-28 00:00:00,9047,432,0.0477506355698021,1399.0,149.0,0.1065046461758399,84.0,3.0,0.0357142857142857,2.0,0.0,0.0,242.0,35.0,0.1446280991735537,18.0,5.0,0.2777777777777778,203.0,10.0,0.0492610837438424,51.0,2.0,0.0392156862745098,40.0,3.0,0.075,4.0,0.0,0.0,534.0,36.0,0.0674157303370787,129.0,11.0,0.0852713178294574,1484.0,62.0,0.0417789757412399,184.0,17.0,0.0923913043478261,103.0,3.0,0.029126213592233,5.0,2.0,0.4,136.0,8.0,0.0588235294117647,103.0,7.0,0.0679611650485437,4450.0,193.0,0.0433707865168539,843.0,101.0,0.1198102016607355,6.0,1.0,0.1666666666666667,,,,5.0,0.0,0.0,1.0,0.0,0.0,86.0,12.0,0.1395348837209302,,,,86.0,11.0,0.1279069767441861,13.0,0.0,0.0,479.0,22.0,0.0459290187891441,10.0,1.0,0.1,99.0,2.0,0.0202020202020202,21.0,1.0,0.0476190476190476
2020-09-27 00:00:00,3656,182,0.049781181619256,492.0,42.0,0.0853658536585366,9.0,0.0,0.0,1.0,0.0,0.0,35.0,5.0,0.1428571428571429,1.0,1.0,1.0,100.0,3.0,0.03,3.0,1.0,0.3333333333333333,11.0,3.0,0.2727272727272727,1.0,0.0,0.0,229.0,15.0,0.0655021834061135,48.0,3.0,0.0625,495.0,13.0,0.0262626262626263,64.0,5.0,0.078125,34.0,1.0,0.0294117647058824,,,,76.0,2.0,0.0263157894736842,1.0,0.0,0.0,2242.0,111.0,0.0495093666369313,361.0,31.0,0.0858725761772853,2.0,1.0,0.5,,,,5.0,0.0,0.0,,,,11.0,1.0,0.0909090909090909,1.0,0.0,0.0,31.0,9.0,0.2903225806451613,3.0,0.0,0.0,52.0,1.0,0.0192307692307692,3.0,1.0,0.3333333333333333,33.0,0.0,0.0,3.0,0.0,0.0
2020-09-26 00:00:00,5099,283,0.0555010786428712,716.0,49.0,0.0684357541899441,15.0,1.0,0.0666666666666667,2.0,1.0,0.5,37.0,1.0,0.027027027027027,1.0,0.0,0.0,97.0,6.0,0.0618556701030928,23.0,0.0,0.0,19.0,2.0,0.1052631578947368,3.0,0.0,0.0,311.0,16.0,0.0514469453376206,114.0,8.0,0.0701754385964912,491.0,19.0,0.0386965376782077,59.0,3.0,0.0508474576271187,32.0,2.0,0.0625,2.0,0.0,0.0,59.0,6.0,0.1016949152542373,2.0,0.0,0.0,3274.0,176.0,0.0537568723274282,474.0,36.0,0.0759493670886076,1.0,0.0,0.0,,,,3.0,0.0,0.0,,,,94.0,5.0,0.0531914893617021,,,,47.0,12.0,0.2553191489361702,15.0,0.0,0.0,200.0,17.0,0.085,9.0,1.0,0.1111111111111111,42.0,0.0,0.0,5.0,0.0,0.0
2020-09-25 00:00:00,8726,375,0.0429750171900069,1468.0,129.0,0.087874659400545,85.0,6.0,0.0705882352941177,5.0,1.0,0.2,162.0,18.0,0.1111111111111111,48.0,7.0,0.1458333333333334,238.0,2.0,0.0084033613445378,47.0,7.0,0.148936170212766,131.0,4.0,0.0305343511450382,3.0,0.0,0.0,430.0,29.0,0.0674418604651163,98.0,7.0,0.0714285714285714,1631.0,43.0,0.026364193746168,207.0,8.0,0.0386473429951691,116.0,3.0,0.0258620689655172,25.0,1.0,0.04,130.0,5.0,0.0384615384615385,11.0,0.0,0.0,4497.0,196.0,0.0435846119635312,964.0,94.0,0.0975103734439834,7.0,0.0,0.0,,,,9.0,0.0,0.0,1.0,0.0,0.0,19.0,1.0,0.0526315789473684,5.0,1.0,0.2,56.0,8.0,0.1428571428571429,11.0,0.0,0.0,325.0,31.0,0.0953846153846154,18.0,1.0,0.0555555555555556,116.0,1.0,0.0086206896551724,14.0,2.0,0.1428571428571429
2020-09-24 00:00:00,8691,349,0.0401564837187896,1297.0,104.0,0.0801850424055513,80.0,1.0,0.0125,39.0,5.0,0.1282051282051282,256.0,11.0,0.04296875,14.0,5.0,0.3571428571428572,259.0,2.0,0.0077220077220077,75.0,1.0,0.0133333333333333,58.0,5.0,0.0862068965517241,7.0,1.0,0.1428571428571429,469.0,18.0,0.0383795309168444,56.0,4.0,0.0714285714285714,1420.0,42.0,0.0295774647887324,141.0,6.0,0.0425531914893617,178.0,5.0,0.0280898876404494,18.0,0.0,0.0,163.0,4.0,0.0245398773006135,28.0,0.0,0.0,4457.0,188.0,0.0421808391294593,860.0,78.0,0.0906976744186047,11.0,0.0,0.0,,,,7.0,0.0,0.0,2.0,0.0,0.0,27.0,1.0,0.037037037037037,4.0,0.0,0.0,68.0,2.0,0.0294117647058824,14.0,2.0,0.1428571428571429,358.0,40.0,0.111731843575419,12.0,2.0,0.1666666666666667,78.0,1.0,0.0128205128205128,10.0,0.0,0.0
2020-09-23 00:00:00,9446,412,0.043616345543087,1174.0,105.0,0.0894378194207837,80.0,3.0,0.0375,6.0,1.0,0.1666666666666667,178.0,11.0,0.0617977528089888,7.0,2.0,0.2857142857142857,179.0,7.0,0.0391061452513967,40.0,1.0,0.025,64.0,4.0,0.0625,15.0,2.0,0.1333333333333333,516.0,31.0,0.060077519379845,63.0,2.0,0.0317460317460317,1573.0,61.0,0.0387794024157661,135.0,8.0,0.0592592592592593,165.0,3.0,0.0181818181818182,5.0,2.0,0.4,136.0,6.0,0.0441176470588235,38.0,2.0,0.0526315789473684,5206.0,213.0,0.0409143296196696,827.0,83.0,0.1003627569528416,3.0,0.0,0.0,1.0,0.0,0.0,3.0,0.0,0.0,,,,20.0,3.0,0.15,1.0,0.0,0.0,52.0,1.0,0.0192307692307692,3.0,0.0,0.0,435.0,40.0,0.0919540229885058,12.0,0.0,0.0,80.0,2.0,0.025,8.0,1.0,0.125
2020-09-22 00:00:00,9528,445,0.0467044500419815,1493.0,131.0,0.0877427997320831,49.0,2.0,0.0408163265306122,2.0,0.0,0.0,213.0,15.0,0.0704225352112676,22.0,4.0,0.1818181818181818,243.0,6.0,0.0246913580246914,55.0,1.0,0.0181818181818182,34.0,1.0,0.0294117647058824,6.0,1.0,0.1666666666666667,538.0,32.0,0.0594795539033457,112.0,7.0,0.0625,1732.0,66.0,0.0381062355658199,167.0,11.0,0.0658682634730539,94.0,4.0,0.0425531914893617,4.0,1.0,0.25,128.0,5.0,0.0390625,37.0,1.0,0.027027027027027,5209.0,232.0,0.0445382990977155,1009.0,97.0,0.0961347869177403,2.0,0.0,0.0,1.0,0.0,0.0,3.0,0.0,0.0,,,,21.0,3.0,0.1428571428571429,2.0,0.0,0.0,100.0,8.0,0.08,11.0,1.0,0.0909090909090909,392.0,38.0,0.0969387755102041,39.0,5.0,0.1282051282051282,59.0,2.0,0.0338983050847458,20.0,2.0,0.1
2020-09-21 00:00:00,9291,459,0.0494026477236035,1299.0,140.0,0.1077752117013087,67.0,11.0,0.164179104477612,1.0,0.0,0.0,227.0,13.0,0.0572687224669604,10.0,1.0,0.1,195.0,5.0,0.0256410256410256,26.0,4.0,0.1538461538461539,37.0,2.0,0.0540540540540541,4.0,0.0,0.0,434.0,21.0,0.0483870967741936,96.0,9.0,0.09375,1946.0,128.0,0.065775950668037,229.0,12.0,0.0524017467248908,102.0,3.0,0.0294117647058824,5.0,2.0,0.4,180.0,8.0,0.0444444444444444,32.0,4.0,0.125,4599.0,190.0,0.0413133289845619,856.0,104.0,0.1214953271028038,7.0,0.0,0.0,1.0,0.0,0.0,6.0,1.0,0.1666666666666667,1.0,0.0,0.0,30.0,4.0,0.1333333333333333,2.0,0.0,0.0,91.0,5.0,0.0549450549450549,16.0,3.0,0.1875,403.0,30.0,0.0744416873449132,9.0,1.0,0.1111111111111111,79.0,4.0,0.0506329113924051,5.0,0.0,0.0
2020-09-20 00:00:00,3536,190,0.0537330316742082,394.0,30.0,0.0761421319796954,5.0,1.0,0.2,,,,50.0,5.0,0.1,1.0,0.0,0.0,70.0,2.0,0.0285714285714286,,,,7.0,0.0,0.0,,,,315.0,16.0,0.0507936507936508,47.0,4.0,0.0851063829787234,486.0,26.0,0.0534979423868313,48.0,4.0,0.0833333333333333,29.0,0.0,0.0,,,,57.0,4.0,0.0701754385964912,2.0,0.0,0.0,2195.0,114.0,0.0519362186788155,283.0,22.0,0.0777385159010601,4.0,0.0,0.0,,,,1.0,0.0,0.0,,,,4.0,1.0,0.25,,,,29.0,2.0,0.0689655172413793,3.0,0.0,0.0,28.0,3.0,0.1071428571428571,1.0,0.0,0.0,46.0,0.0,0.0,4.0,0.0,0.0
2020-09-19 00:00:00,4739,249,0.0525427305338679,530.0,58.0,0.109433962264151,7.0,0.0,0.0,,,,10.0,0.0,0.0,1.0,0.0,0.0,82.0,4.0,0.0487804878048781,2.0,0.0,0.0,6.0,1.0,0.1666666666666667,2.0,0.0,0.0,400.0,29.0,0.0725,68.0,9.0,0.1323529411764706,434.0,12.0,0.0276497695852535,46.0,5.0,0.108695652173913,33.0,3.0,0.0909090909090909,1.0,0.0,0.0,99.0,6.0,0.0606060606060606,3.0,0.0,0.0,3009.0,144.0,0.0478564307078764,390.0,43.0,0.1102564102564103,2.0,0.0,0.0,,,,8.0,0.0,0.0,,,,115.0,5.0,0.0434782608695652,2.0,1.0,0.5,32.0,9.0,0.28125,3.0,0.0,0.0,234.0,13.0,0.0555555555555556,,,,32.0,2.0,0.0625,7.0,0.0,0.0
2020-09-18 00:00:00,8394,389,0.0463426256850131,1274.0,124.0,0.0973312401883831,49.0,1.0,0.0204081632653061,1.0,0.0,0.0,248.0,17.0,0.0685483870967742,7.0,0.0,0.0,230.0,6.0,0.0260869565217391,41.0,1.0,0.024390243902439,37.0,3.0,0.0810810810810811,5.0,2.0,0.4,430.0,10.0,0.0232558139534884,91.0,7.0,0.0769230769230769,1720.0,103.0,0.0598837209302326,198.0,12.0,0.0606060606060606,91.0,4.0,0.043956043956044,13.0,4.0,0.3076923076923077,131.0,2.0,0.0152671755725191,21.0,2.0,0.0952380952380952,4335.0,200.0,0.0461361014994233,852.0,95.0,0.1115023474178404,6.0,0.0,0.0,3.0,0.0,0.0,3.0,0.0,0.0,,,,18.0,2.0,0.1111111111111111,2.0,0.0,0.0,60.0,3.0,0.05,14.0,0.0,0.0,371.0,20.0,0.0539083557951483,7.0,0.0,0.0,92.0,2.0,0.0217391304347826,12.0,1.0,0.0833333333333333
2020-09-17 00:00:00,7583,396,0.052222075695635,836.0,107.0,0.1279904306220096,33.0,5.0,0.1515151515151515,1.0,0.0,0.0,268.0,19.0,0.0708955223880597,13.0,4.0,0.3076923076923077,269.0,6.0,0.0223048327137546,26.0,3.0,0.1153846153846154,54.0,1.0,0.0185185185185185,7.0,0.0,0.0,408.0,19.0,0.0465686274509804,40.0,6.0,0.15,1151.0,66.0,0.0573414422241529,136.0,13.0,0.0955882352941176,97.0,5.0,0.0515463917525773,6.0,2.0,0.3333333333333333,168.0,1.0,0.005952380952381,17.0,4.0,0.2352941176470588,3876.0,201.0,0.0518575851393189,563.0,72.0,0.127886323268206,9.0,1.0,0.1111111111111111,,,,3.0,0.0,0.0,,,,18.0,1.0,0.0555555555555556,1.0,0.0,0.0,97.0,1.0,0.0103092783505155,11.0,0.0,0.0,323.0,39.0,0.1207430340557276,6.0,1.0,0.1666666666666667,81.0,0.0,0.0,4.0,0.0,0.0
2020-09-16 00:00:00,7861,443,0.056354153415596,862.0,122.0,0.1415313225058005,55.0,0.0,0.0,,,,184.0,19.0,0.1032608695652174,14.0,3.0,0.2142857142857143,199.0,5.0,0.0251256281407035,7.0,0.0,0.0,165.0,0.0,0.0,2.0,1.0,0.5,363.0,16.0,0.0440771349862259,48.0,3.0,0.0625,1367.0,113.0,0.0826627651792246,110.0,11.0,0.1,159.0,4.0,0.0251572327044025,6.0,2.0,0.3333333333333333,120.0,3.0,0.025,21.0,3.0,0.1428571428571429,4095.0,197.0,0.0481074481074481,620.0,93.0,0.15,10.0,1.0,0.1,,,,4.0,0.0,0.0,,,,14.0,1.0,0.0714285714285714,2.0,0.0,0.0,74.0,4.0,0.0540540540540541,6.0,2.0,0.3333333333333333,322.0,37.0,0.1149068322981367,8.0,0.0,0.0,103.0,1.0,0.0097087378640777,4.0,0.0,0.0
2020-09-15 00:00:00,7850,422,0.0537579617834395,1102.0,111.0,0.1007259528130672,59.0,2.0,0.0338983050847458,1.0,0.0,0.0,400.0,18.0,0.045,15.0,4.0,0.2666666666666667,296.0,2.0,0.0067567567567568,17.0,1.0,0.0588235294117647,27.0,1.0,0.037037037037037,2.0,1.0,0.5,379.0,26.0,0.0686015831134565,92.0,6.0,0.0652173913043478,1415.0,105.0,0.0742049469964664,141.0,9.0,0.0638297872340426,107.0,4.0,0.0373831775700935,13.0,3.0,0.2307692307692308,127.0,9.0,0.0708661417322835,9.0,1.0,0.1111111111111111,3801.0,166.0,0.0436727177058669,748.0,82.0,0.1096256684491979,5.0,0.0,0.0,,,,6.0,0.0,0.0,,,,10.0,0.0,0.0,,,,50.0,2.0,0.04,20.0,0.0,0.0,350.0,49.0,0.14,15.0,2.0,0.1333333333333333,89.0,1.0,0.0112359550561798,15.0,0.0,0.0
2020-09-14 00:00:00,7943,358,0.045071131814176,1165.0,107.0,0.0918454935622318,48.0,6.0,0.125,5.0,0.0,0.0,187.0,18.0,0.0962566844919786,5.0,1.0,0.2,579.0,4.0,0.0069084628670121,24.0,2.0,0.0833333333333333,35.0,4.0,0.1142857142857143,5.0,0.0,0.0,368.0,16.0,0.0434782608695652,91.0,7.0,0.0769230769230769,1496.0,73.0,0.0487967914438503,173.0,6.0,0.0346820809248555,120.0,3.0,0.025,5.0,2.0,0.4,170.0,5.0,0.0294117647058824,15.0,2.0,0.1333333333333333,3785.0,164.0,0.04332892998679,785.0,81.0,0.1031847133757962,17.0,0.0,0.0,3.0,0.0,0.0,7.0,0.0,0.0,,,,16.0,1.0,0.0625,3.0,0.0,0.0,81.0,2.0,0.0246913580246914,22.0,4.0,0.1818181818181818,248.0,30.0,0.1209677419354839,10.0,0.0,0.0,49.0,2.0,0.0408163265306122,15.0,2.0,0.1333333333333333
2020-09-13 00:00:00,2672,115,0.0430389221556886,414.0,30.0,0.072463768115942,11.0,0.0,0.0,3.0,0.0,0.0,30.0,5.0,0.1666666666666667,,,,125.0,3.0,0.024,2.0,0.0,0.0,17.0,4.0,0.2352941176470588,3.0,2.0,0.6666666666666666,160.0,8.0,0.05,44.0,0.0,0.0,439.0,20.0,0.0455580865603645,41.0,1.0,0.024390243902439,29.0,0.0,0.0,2.0,0.0,0.0,168.0,2.0,0.0119047619047619,,,,1405.0,55.0,0.0391459074733096,309.0,27.0,0.087378640776699,4.0,0.0,0.0,,,,4.0,0.0,0.0,,,,4.0,0.0,0.0,1.0,0.0,0.0,25.0,1.0,0.04,3.0,0.0,0.0,43.0,6.0,0.1395348837209302,,,,64.0,0.0,0.0,2.0,0.0,0.0
2020-09-12 00:00:00,3702,224,0.0605078336034576,542.0,37.0,0.0682656826568266,15.0,6.0,0.4,1.0,0.0,0.0,35.0,4.0,0.1142857142857143,,,,155.0,4.0,0.0258064516129032,3.0,0.0,0.0,13.0,1.0,0.0769230769230769,2.0,0.0,0.0,180.0,6.0,0.0333333333333333,72.0,3.0,0.0416666666666667,609.0,66.0,0.1083743842364532,64.0,3.0,0.046875,34.0,1.0,0.0294117647058824,1.0,0.0,0.0,185.0,6.0,0.0324324324324324,,,,2147.0,113.0,0.0526315789473684,378.0,31.0,0.082010582010582,2.0,0.0,0.0,1.0,0.0,0.0,68.0,0.0,0.0,,,,11.0,0.0,0.0,,,,19.0,2.0,0.1052631578947368,6.0,0.0,0.0,65.0,6.0,0.0923076923076923,2.0,0.0,0.0,22.0,0.0,0.0,8.0,0.0,0.0
2020-09-11 00:00:00,6814,288,0.042265923099501,1341.0,119.0,0.0887397464578673,36.0,3.0,0.0833333333333333,,,,308.0,18.0,0.0584415584415584,17.0,2.0,0.1176470588235294,222.0,2.0,0.009009009009009,38.0,1.0,0.0263157894736842,38.0,0.0,0.0,3.0,1.0,0.3333333333333333,324.0,11.0,0.0339506172839506,99.0,5.0,0.0505050505050505,1066.0,58.0,0.0544090056285178,199.0,8.0,0.0402010050251256,57.0,3.0,0.0526315789473684,6.0,1.0,0.1666666666666667,151.0,2.0,0.0132450331125828,16.0,2.0,0.125,3691.0,150.0,0.0406393931183961,905.0,94.0,0.1038674033149171,3.0,0.0,0.0,1.0,0.0,0.0,3.0,0.0,0.0,,,,17.0,1.0,0.0588235294117647,1.0,0.0,0.0,28.0,1.0,0.0357142857142857,17.0,2.0,0.1176470588235294,177.0,13.0,0.0734463276836158,10.0,0.0,0.0,106.0,3.0,0.0283018867924528,21.0,2.0,0.0952380952380952
2020-09-10 00:00:00,6552,291,0.0444139194139194,874.0,99.0,0.1132723112128147,28.0,0.0,0.0,2.0,1.0,0.5,274.0,11.0,0.0401459854014599,13.0,4.0,0.3076923076923077,237.0,4.0,0.0168776371308017,28.0,3.0,0.1071428571428571,68.0,0.0,0.0,2.0,0.0,0.0,291.0,12.0,0.0412371134020619,47.0,7.0,0.148936170212766,1292.0,74.0,0.0572755417956656,159.0,12.0,0.0754716981132076,108.0,1.0,0.0092592592592593,2.0,0.0,0.0,203.0,5.0,0.0246305418719212,12.0,0.0,0.0,3018.0,140.0,0.046388336646786,575.0,68.0,0.1182608695652174,7.0,0.0,0.0,2.0,0.0,0.0,4.0,0.0,0.0,,,,34.0,0.0,0.0,1.0,0.0,0.0,56.0,2.0,0.0357142857142857,5.0,1.0,0.2,170.0,18.0,0.1058823529411765,3.0,0.0,0.0,156.0,0.0,0.0,12.0,0.0,0.0
2020-09-09 00:00:00,6789,327,0.0481661511268228,867.0,108.0,0.1245674740484429,38.0,0.0,0.0,1.0,0.0,0.0,180.0,9.0,0.05,14.0,5.0,0.3571428571428572,205.0,5.0,0.024390243902439,19.0,0.0,0.0,37.0,2.0,0.0540540540540541,3.0,1.0,0.3333333333333333,302.0,14.0,0.0463576158940397,40.0,6.0,0.15,1344.0,89.0,0.0662202380952381,140.0,17.0,0.1214285714285714,143.0,1.0,0.006993006993007,6.0,1.0,0.1666666666666667,93.0,2.0,0.021505376344086,15.0,2.0,0.1333333333333333,3517.0,164.0,0.0466306511231163,588.0,75.0,0.1275510204081633,10.0,0.0,0.0,1.0,0.0,0.0,6.0,0.0,0.0,,,,20.0,1.0,0.05,1.0,0.0,0.0,63.0,5.0,0.0793650793650794,13.0,0.0,0.0,190.0,13.0,0.068421052631579,8.0,0.0,0.0,67.0,2.0,0.0298507462686567,12.0,1.0,0.0833333333333333
2020-09-08 00:00:00,7406,384,0.0518498514717796,1115.0,139.0,0.1246636771300448,37.0,0.0,0.0,1.0,0.0,0.0,277.0,19.0,0.0685920577617329,18.0,6.0,0.3333333333333333,244.0,3.0,0.0122950819672131,20.0,3.0,0.15,41.0,2.0,0.0487804878048781,5.0,0.0,0.0,324.0,9.0,0.0277777777777778,66.0,11.0,0.1666666666666667,1552.0,142.0,0.0914948453608247,189.0,11.0,0.0582010582010582,80.0,8.0,0.1,11.0,1.0,0.0909090909090909,87.0,3.0,0.0344827586206897,15.0,2.0,0.1333333333333333,3792.0,149.0,0.0392932489451477,737.0,105.0,0.1424694708276798,7.0,0.0,0.0,1.0,0.0,0.0,10.0,0.0,0.0,,,,22.0,4.0,0.1818181818181818,3.0,0.0,0.0,58.0,2.0,0.0344827586206897,19.0,0.0,0.0,217.0,23.0,0.1059907834101383,12.0,0.0,0.0,67.0,0.0,0.0,14.0,0.0,0.0
2020-09-07 00:00:00,1907,75,0.0393287886733089,414.0,19.0,0.0458937198067633,22.0,0.0,0.0,2.0,1.0,0.5,35.0,3.0,0.0857142857142857,2.0,0.0,0.0,58.0,5.0,0.0862068965517241,2.0,1.0,0.5,3.0,1.0,0.3333333333333333,3.0,0.0,0.0,175.0,5.0,0.0285714285714286,61.0,2.0,0.0327868852459016,309.0,13.0,0.0420711974110032,64.0,1.0,0.015625,31.0,3.0,0.0967741935483871,2.0,0.0,0.0,17.0,0.0,0.0,1.0,0.0,0.0,1101.0,37.0,0.033605812897366,267.0,14.0,0.052434456928839,1.0,0.0,0.0,,,,,,,,,,4.0,0.0,0.0,,,,42.0,2.0,0.0476190476190476,2.0,0.0,0.0,23.0,1.0,0.0434782608695652,,,,19.0,1.0,0.0526315789473684,2.0,0.0,0.0
2020-09-06 00:00:00,2066,97,0.0469506292352372,462.0,28.0,0.0606060606060606,8.0,0.0,0.0,2.0,0.0,0.0,30.0,3.0,0.1,1.0,0.0,0.0,48.0,2.0,0.0416666666666667,3.0,0.0,0.0,1.0,0.0,0.0,,,,152.0,6.0,0.0394736842105263,72.0,1.0,0.0138888888888889,374.0,16.0,0.0427807486631016,48.0,5.0,0.1041666666666667,18.0,2.0,0.1111111111111111,3.0,0.0,0.0,30.0,2.0,0.0666666666666667,1.0,1.0,1.0,1230.0,54.0,0.0439024390243902,318.0,19.0,0.059748427672956,1.0,0.0,0.0,,,,1.0,0.0,0.0,,,,3.0,0.0,0.0,1.0,1.0,1.0,51.0,7.0,0.1372549019607843,5.0,0.0,0.0,31.0,1.0,0.032258064516129,1.0,1.0,1.0,19.0,0.0,0.0,2.0,0.0,0.0
2020-09-05 00:00:00,2584,119,0.0460526315789474,504.0,41.0,0.0813492063492064,11.0,1.0,0.0909090909090909,2.0,1.0,0.5,51.0,0.0,0.0,14.0,1.0,0.0714285714285714,66.0,3.0,0.0454545454545455,3.0,1.0,0.3333333333333333,7.0,0.0,0.0,2.0,0.0,0.0,153.0,4.0,0.0261437908496732,57.0,1.0,0.0175438596491228,359.0,21.0,0.0584958217270195,72.0,2.0,0.0277777777777778,29.0,1.0,0.0344827586206897,1.0,0.0,0.0,37.0,2.0,0.0540540540540541,1.0,0.0,0.0,1697.0,75.0,0.0441956393635828,342.0,35.0,0.1023391812865497,3.0,0.0,0.0,,,,2.0,0.0,0.0,,,,6.0,1.0,0.1666666666666667,,,,17.0,2.0,0.1176470588235294,3.0,0.0,0.0,32.0,2.0,0.0625,,,,41.0,2.0,0.0487804878048781,3.0,0.0,0.0
2020-09-04 00:00:00,6128,238,0.0388381201044386,1077.0,126.0,0.116991643454039,26.0,0.0,0.0,,,,154.0,6.0,0.038961038961039,22.0,8.0,0.3636363636363637,222.0,2.0,0.009009009009009,25.0,1.0,0.04,45.0,0.0,0.0,3.0,0.0,0.0,274.0,8.0,0.0291970802919708,61.0,7.0,0.1147540983606558,1375.0,59.0,0.0429090909090909,219.0,11.0,0.0502283105022831,80.0,5.0,0.0625,8.0,1.0,0.125,108.0,0.0,0.0,13.0,2.0,0.1538461538461539,3131.0,129.0,0.0412008942829767,662.0,87.0,0.1314199395770393,6.0,0.0,0.0,2.0,0.0,0.0,2.0,0.0,0.0,,,,17.0,0.0,0.0,1.0,0.0,0.0,60.0,2.0,0.0333333333333333,11.0,1.0,0.0909090909090909,223.0,12.0,0.0538116591928251,10.0,0.0,0.0,72.0,2.0,0.0277777777777778,30.0,7.0,0.2333333333333334
2020-09-03 00:00:00,6242,292,0.0467798782441525,861.0,121.0,0.140534262485482,31.0,1.0,0.032258064516129,,,,198.0,16.0,0.0808080808080808,17.0,5.0,0.2941176470588236,250.0,9.0,0.036,26.0,3.0,0.1153846153846154,27.0,2.0,0.0740740740740741,3.0,0.0,0.0,305.0,11.0,0.0360655737704918,38.0,2.0,0.0526315789473684,1405.0,84.0,0.0597864768683274,131.0,10.0,0.0763358778625954,94.0,3.0,0.0319148936170213,,,,130.0,2.0,0.0153846153846154,24.0,1.0,0.0416666666666667,2937.0,135.0,0.0459652706843718,591.0,94.0,0.1590524534686971,5.0,0.0,0.0,1.0,0.0,0.0,5.0,0.0,0.0,1.0,0.0,0.0,26.0,2.0,0.0769230769230769,,,,27.0,1.0,0.037037037037037,4.0,1.0,0.25,162.0,3.0,0.0185185185185185,7.0,0.0,0.0,112.0,1.0,0.0089285714285714,12.0,4.0,0.3333333333333333
2020-09-02 00:00:00,6588,342,0.0519125683060109,858.0,120.0,0.1398601398601399,42.0,2.0,0.0476190476190476,2.0,0.0,0.0,138.0,14.0,0.1014492753623189,15.0,4.0,0.2666666666666667,193.0,1.0,0.0051813471502591,21.0,0.0,0.0,45.0,0.0,0.0,3.0,0.0,0.0,306.0,6.0,0.0196078431372549,60.0,10.0,0.1666666666666667,1484.0,114.0,0.0768194070080863,87.0,8.0,0.0919540229885058,146.0,2.0,0.0136986301369863,27.0,2.0,0.0740740740740741,94.0,3.0,0.0319148936170213,10.0,0.0,0.0,3164.0,160.0,0.0505689001264223,598.0,92.0,0.1538461538461539,67.0,0.0,0.0,,,,8.0,0.0,0.0,,,,23.0,5.0,0.2173913043478261,1.0,0.0,0.0,57.0,2.0,0.0350877192982456,6.0,2.0,0.3333333333333333,230.0,14.0,0.0608695652173913,5.0,1.0,0.2,148.0,2.0,0.0135135135135135,10.0,0.0,0.0
2020-09-01 00:00:00,7823,339,0.0433337594273297,1107.0,156.0,0.1409214092140921,41.0,0.0,0.0,,,,246.0,11.0,0.0447154471544715,15.0,5.0,0.3333333333333333,193.0,5.0,0.0259067357512953,14.0,0.0,0.0,32.0,7.0,0.21875,7.0,1.0,0.1428571428571429,353.0,10.0,0.028328611898017,90.0,11.0,0.1222222222222222,1322.0,80.0,0.0605143721633888,136.0,11.0,0.0808823529411765,87.0,3.0,0.0344827586206897,5.0,0.0,0.0,467.0,4.0,0.0085653104925054,30.0,12.0,0.4,4236.0,173.0,0.0408404154863078,769.0,111.0,0.1443433029908973,91.0,0.0,0.0,1.0,0.0,0.0,4.0,0.0,0.0,,,,34.0,2.0,0.0588235294117647,1.0,0.0,0.0,50.0,7.0,0.14,19.0,2.0,0.1052631578947368,214.0,10.0,0.0467289719626168,7.0,1.0,0.1428571428571429,82.0,1.0,0.0121951219512195,6.0,1.0,0.1666666666666667
2020-08-31 00:00:00,8235,440,0.0534304796599879,1232.0,137.0,0.1112012987012987,53.0,3.0,0.0566037735849057,2.0,1.0,0.5,166.0,21.0,0.1265060240963855,13.0,3.0,0.2307692307692308,169.0,7.0,0.0414201183431953,21.0,1.0,0.0476190476190476,26.0,1.0,0.0384615384615385,7.0,1.0,0.1428571428571429,293.0,9.0,0.0307167235494881,157.0,11.0,0.0700636942675159,1332.0,75.0,0.0563063063063063,153.0,12.0,0.0784313725490196,135.0,4.0,0.0296296296296296,7.0,0.0,0.0,273.0,10.0,0.0366300366300366,14.0,1.0,0.0714285714285714,5010.0,272.0,0.0542914171656687,801.0,106.0,0.132334581772784,15.0,0.0,0.0,,,,9.0,0.0,0.0,,,,52.0,3.0,0.0576923076923077,1.0,0.0,0.0,50.0,3.0,0.06,18.0,1.0,0.0555555555555556,237.0,10.0,0.0421940928270042,8.0,0.0,0.0,56.0,4.0,0.0714285714285714,20.0,0.0,0.0
2020-08-30 00:00:00,2300,102,0.0443478260869565,375.0,27.0,0.072,6.0,0.0,0.0,1.0,0.0,0.0,60.0,5.0,0.0833333333333333,1.0,0.0,0.0,57.0,3.0,0.0526315789473684,4.0,0.0,0.0,23.0,4.0,0.1739130434782609,3.0,0.0,0.0,175.0,9.0,0.0514285714285714,64.0,3.0,0.046875,435.0,16.0,0.0367816091954023,54.0,2.0,0.037037037037037,26.0,2.0,0.0769230769230769,1.0,0.0,0.0,49.0,6.0,0.1224489795918367,1.0,0.0,0.0,1167.0,48.0,0.0411311053984576,237.0,21.0,0.0886075949367089,1.0,0.0,0.0,,,,1.0,0.0,0.0,,,,7.0,1.0,0.1428571428571429,,,,16.0,1.0,0.0625,4.0,0.0,0.0,136.0,1.0,0.0073529411764706,1.0,1.0,1.0,13.0,0.0,0.0,2.0,0.0,0.0
2020-08-29 00:00:00,2931,170,0.058000682360969,507.0,48.0,0.0946745562130178,7.0,0.0,0.0,,,,41.0,2.0,0.0487804878048781,3.0,0.0,0.0,234.0,8.0,0.0341880341880342,6.0,1.0,0.1666666666666667,16.0,1.0,0.0625,6.0,2.0,0.3333333333333333,155.0,6.0,0.0387096774193548,74.0,8.0,0.1081081081081081,475.0,26.0,0.0547368421052632,64.0,3.0,0.046875,29.0,2.0,0.0689655172413793,4.0,1.0,0.25,51.0,5.0,0.0980392156862745,7.0,0.0,0.0,1749.0,110.0,0.0628930817610063,334.0,33.0,0.0988023952095808,4.0,0.0,0.0,1.0,0.0,0.0,3.0,0.0,0.0,1.0,0.0,0.0,8.0,1.0,0.125,,,,12.0,1.0,0.0833333333333333,2.0,0.0,0.0,45.0,1.0,0.0222222222222222,,,,25.0,0.0,0.0,2.0,0.0,0.0
2020-08-28 00:00:00,6043,309,0.0511335429422472,1380.0,151.0,0.1094202898550725,21.0,3.0,0.1428571428571429,2.0,0.0,0.0,175.0,22.0,0.1257142857142857,16.0,3.0,0.1875,191.0,5.0,0.0261780104712042,22.0,2.0,0.0909090909090909,76.0,2.0,0.0263157894736842,7.0,1.0,0.1428571428571429,340.0,11.0,0.0323529411764706,92.0,15.0,0.1630434782608696,1301.0,61.0,0.0468870099923136,173.0,12.0,0.069364161849711,78.0,1.0,0.0128205128205128,8.0,0.0,0.0,128.0,5.0,0.0390625,20.0,0.0,0.0,2955.0,155.0,0.0524534686971235,961.0,114.0,0.1186264308012487,4.0,0.0,0.0,1.0,0.0,0.0,3.0,0.0,0.0,,,,15.0,1.0,0.0666666666666667,1.0,0.0,0.0,39.0,3.0,0.0769230769230769,21.0,1.0,0.0476190476190476,314.0,12.0,0.0382165605095541,17.0,3.0,0.1764705882352941,90.0,3.0,0.0333333333333333,19.0,0.0,0.0
2020-08-27 00:00:00,5923,315,0.0531825088637515,1109.0,161.0,0.145175834084761,28.0,2.0,0.0714285714285714,2.0,2.0,1.0,200.0,18.0,0.09,22.0,11.0,0.5,183.0,5.0,0.0273224043715847,25.0,2.0,0.08,95.0,2.0,0.0210526315789474,1.0,0.0,0.0,389.0,20.0,0.051413881748072,55.0,13.0,0.2363636363636364,1202.0,47.0,0.0391014975041597,118.0,13.0,0.1101694915254237,67.0,2.0,0.0298507462686567,34.0,3.0,0.0882352941176471,141.0,6.0,0.0425531914893617,80.0,3.0,0.0375,2765.0,194.0,0.0701627486437613,710.0,108.0,0.152112676056338,7.0,0.0,0.0,,,,7.0,0.0,0.0,1.0,0.0,0.0,24.0,1.0,0.0416666666666667,,,,31.0,0.0,0.0,9.0,1.0,0.1111111111111111,289.0,4.0,0.013840830449827,18.0,2.0,0.1111111111111111,93.0,1.0,0.010752688172043,15.0,1.0,0.0666666666666667
2020-08-26 00:00:00,7939,435,0.0547927950623504,1061.0,151.0,0.1423185673892554,45.0,1.0,0.0222222222222222,5.0,0.0,0.0,264.0,36.0,0.1363636363636364,19.0,5.0,0.2631578947368421,169.0,4.0,0.0236686390532544,11.0,1.0,0.0909090909090909,47.0,2.0,0.0425531914893617,2.0,0.0,0.0,1366.0,13.0,0.0095168374816984,70.0,4.0,0.0571428571428571,1717.0,67.0,0.0390215492137449,112.0,10.0,0.0892857142857143,107.0,4.0,0.0373831775700935,36.0,5.0,0.1388888888888889,192.0,14.0,0.0729166666666667,18.0,2.0,0.1111111111111111,3054.0,213.0,0.0697445972495088,748.0,119.0,0.1590909090909091,3.0,0.0,0.0,,,,6.0,0.0,0.0,,,,30.0,4.0,0.1333333333333333,1.0,1.0,1.0,40.0,2.0,0.05,6.0,1.0,0.1666666666666667,336.0,12.0,0.0357142857142857,16.0,1.0,0.0625,82.0,2.0,0.024390243902439,13.0,2.0,0.1538461538461539
2020-08-25 00:00:00,7408,316,0.0426565874730022,1541.0,187.0,0.1213497728747567,24.0,0.0,0.0,5.0,0.0,0.0,178.0,22.0,0.1235955056179775,57.0,5.0,0.087719298245614,174.0,5.0,0.028735632183908,21.0,3.0,0.1428571428571429,30.0,4.0,0.1333333333333333,4.0,0.0,0.0,1421.0,20.0,0.0140745953553835,104.0,10.0,0.0961538461538462,1348.0,63.0,0.0467359050445104,147.0,13.0,0.0884353741496599,108.0,7.0,0.0648148148148148,114.0,11.0,0.0964912280701754,108.0,8.0,0.0740740740740741,172.0,14.0,0.0813953488372093,3197.0,157.0,0.0491085392555521,855.0,125.0,0.1461988304093567,4.0,0.0,0.0,2.0,1.0,0.5,6.0,0.0,0.0,1.0,0.0,0.0,62.0,0.0,0.0,,,,54.0,0.0,0.0,9.0,1.0,0.1111111111111111,235.0,5.0,0.0212765957446809,21.0,2.0,0.0952380952380952,62.0,3.0,0.0483870967741936,17.0,0.0,0.0
2020-08-24 00:00:00,8785,544,0.0619237336368811,1317.0,169.0,0.1283219438116932,44.0,2.0,0.0454545454545455,1.0,0.0,0.0,291.0,30.0,0.1030927835051546,15.0,7.0,0.4666666666666668,190.0,8.0,0.0421052631578947,35.0,2.0,0.0571428571428571,33.0,1.0,0.0303030303030303,4.0,0.0,0.0,1900.0,182.0,0.0957894736842105,94.0,8.0,0.0851063829787234,1602.0,63.0,0.0393258426966292,148.0,16.0,0.1081081081081081,136.0,9.0,0.0661764705882353,7.0,2.0,0.2857142857142857,114.0,9.0,0.0789473684210526,30.0,4.0,0.1333333333333333,3591.0,211.0,0.0587580061264272,907.0,127.0,0.1400220507166483,2.0,0.0,0.0,,,,13.0,0.0,0.0,1.0,0.0,0.0,41.0,2.0,0.0487804878048781,2.0,0.0,0.0,60.0,3.0,0.05,22.0,1.0,0.0454545454545455,319.0,12.0,0.0376175548589342,18.0,1.0,0.0555555555555556,62.0,0.0,0.0,13.0,0.0,0.0
2020-08-23 00:00:00,3402,159,0.0467372134038801,383.0,33.0,0.0861618798955614,6.0,0.0,0.0,,,,56.0,7.0,0.125,5.0,0.0,0.0,56.0,0.0,0.0,,,,7.0,1.0,0.1428571428571429,,,,296.0,9.0,0.0304054054054054,50.0,3.0,0.06,512.0,23.0,0.044921875,53.0,5.0,0.0943396226415094,28.0,4.0,0.1428571428571429,1.0,0.0,0.0,49.0,2.0,0.0408163265306122,2.0,1.0,0.5,2048.0,95.0,0.04638671875,261.0,23.0,0.0881226053639847,2.0,0.0,0.0,,,,1.0,0.0,0.0,,,,12.0,3.0,0.25,2.0,0.0,0.0,37.0,4.0,0.1081081081081081,5.0,0.0,0.0,127.0,5.0,0.0393700787401575,,,,15.0,1.0,0.0666666666666667,3.0,1.0,0.3333333333333333
2020-08-22 00:00:00,4187,226,0.0539765942202054,543.0,54.0,0.0994475138121547,11.0,0.0,0.0,1.0,0.0,0.0,36.0,1.0,0.0277777777777778,2.0,1.0,0.5,194.0,5.0,0.0257731958762887,4.0,0.0,0.0,19.0,1.0,0.0526315789473684,1.0,0.0,0.0,219.0,7.0,0.0319634703196347,81.0,7.0,0.0864197530864198,979.0,27.0,0.0275791624106231,66.0,8.0,0.1212121212121212,24.0,0.0,0.0,1.0,0.0,0.0,76.0,5.0,0.0657894736842105,,,,2291.0,163.0,0.0711479703186382,364.0,36.0,0.0989010989010989,4.0,0.0,0.0,,,,2.0,0.0,0.0,,,,18.0,3.0,0.1666666666666667,1.0,0.0,0.0,39.0,2.0,0.0512820512820513,4.0,1.0,0.25,167.0,3.0,0.0179640718562874,2.0,0.0,0.0,34.0,0.0,0.0,14.0,0.0,0.0
2020-08-21 00:00:00,7924,349,0.0440434124179707,1491.0,219.0,0.1468812877263582,52.0,1.0,0.0192307692307692,4.0,2.0,0.5,211.0,15.0,0.0710900473933649,43.0,26.0,0.6046511627906976,226.0,9.0,0.0398230088495575,75.0,8.0,0.1066666666666667,84.0,8.0,0.0952380952380952,7.0,2.0,0.2857142857142857,1054.0,21.0,0.0199240986717268,115.0,10.0,0.0869565217391304,2238.0,54.0,0.0241286863270777,193.0,8.0,0.0414507772020725,108.0,15.0,0.1388888888888889,4.0,0.0,0.0,159.0,7.0,0.0440251572327044,20.0,3.0,0.15,3139.0,184.0,0.058617394074546,959.0,155.0,0.1616266944734098,6.0,0.0,0.0,1.0,0.0,0.0,2.0,0.0,0.0,1.0,0.0,0.0,41.0,8.0,0.1951219512195122,3.0,0.0,0.0,50.0,5.0,0.1,15.0,0.0,0.0,215.0,13.0,0.0604651162790698,17.0,3.0,0.1764705882352941,88.0,3.0,0.0340909090909091,14.0,1.0,0.0714285714285714
2020-08-20 00:00:00,7162,311,0.0434236246858419,1376.0,192.0,0.1395348837209302,49.0,1.0,0.0204081632653061,3.0,0.0,0.0,307.0,19.0,0.0618892508143323,30.0,10.0,0.3333333333333333,161.0,1.0,0.0062111801242236,26.0,6.0,0.2307692307692308,115.0,2.0,0.0173913043478261,1.0,0.0,0.0,533.0,17.0,0.0318949343339587,62.0,7.0,0.1129032258064516,2135.0,43.0,0.0201405152224824,172.0,17.0,0.0988372093023256,80.0,1.0,0.0125,6.0,1.0,0.1666666666666667,168.0,13.0,0.0773809523809524,27.0,4.0,0.1481481481481482,2988.0,188.0,0.0629183400267738,870.0,126.0,0.1448275862068966,8.0,0.0,0.0,2.0,0.0,0.0,3.0,0.0,0.0,,,,28.0,7.0,0.25,1.0,0.0,0.0,51.0,5.0,0.0980392156862745,10.0,2.0,0.2,198.0,6.0,0.0303030303030303,9.0,0.0,0.0,74.0,1.0,0.0135135135135135,126.0,14.0,0.1111111111111111
2020-08-19 00:00:00,9192,647,0.0703872932985205,1184.0,148.0,0.125,42.0,1.0,0.0238095238095238,,,,311.0,18.0,0.0578778135048232,26.0,6.0,0.2307692307692308,168.0,10.0,0.0595238095238095,40.0,3.0,0.075,50.0,2.0,0.04,6.0,0.0,0.0,2126.0,301.0,0.1415804327375353,53.0,7.0,0.1320754716981132,2117.0,79.0,0.0373169579593765,135.0,8.0,0.0592592592592593,70.0,1.0,0.0142857142857143,9.0,3.0,0.3333333333333333,112.0,5.0,0.0446428571428571,32.0,2.0,0.0625,3431.0,193.0,0.056251821626348,781.0,116.0,0.148527528809219,9.0,0.0,0.0,1.0,0.0,0.0,5.0,0.0,0.0,2.0,0.0,0.0,32.0,8.0,0.25,45.0,0.0,0.0,62.0,3.0,0.0483870967741936,,,,269.0,14.0,0.0520446096654275,23.0,1.0,0.0434782608695652,84.0,4.0,0.0476190476190476,21.0,0.0,0.0
2020-08-18 00:00:00,8331,387,0.0464530068419157,1759.0,214.0,0.12166003411029,54.0,3.0,0.0555555555555556,2.0,0.0,0.0,1811.0,31.0,0.0171176145775814,28.0,11.0,0.3928571428571429,189.0,7.0,0.037037037037037,35.0,8.0,0.2285714285714286,70.0,5.0,0.0714285714285714,3.0,0.0,0.0,362.0,24.0,0.0662983425414365,88.0,7.0,0.0795454545454546,1641.0,72.0,0.0438756855575868,198.0,20.0,0.101010101010101,88.0,4.0,0.0454545454545455,17.0,2.0,0.1176470588235294,148.0,16.0,0.1081081081081081,19.0,4.0,0.2105263157894737,3218.0,199.0,0.0618396519577377,997.0,130.0,0.1303911735205617,3.0,0.0,0.0,1.0,0.0,0.0,7.0,0.0,0.0,1.0,0.0,0.0,38.0,9.0,0.2368421052631579,3.0,0.0,0.0,69.0,3.0,0.0434782608695652,19.0,1.0,0.0526315789473684,216.0,5.0,0.0231481481481481,18.0,0.0,0.0,46.0,2.0,0.0434782608695652,320.0,31.0,0.096875
2020-08-17 00:00:00,9248,454,0.0490916955017301,1631.0,231.0,0.1416309012875537,44.0,1.0,0.0227272727272727,,,,1562.0,44.0,0.028169014084507,24.0,6.0,0.25,245.0,12.0,0.0489795918367347,34.0,5.0,0.1470588235294118,74.0,2.0,0.027027027027027,5.0,0.0,0.0,456.0,32.0,0.0701754385964912,97.0,13.0,0.134020618556701,1892.0,71.0,0.0375264270613108,221.0,28.0,0.1266968325791855,76.0,6.0,0.0789473684210526,6.0,1.0,0.1666666666666667,110.0,15.0,0.1363636363636364,24.0,4.0,0.1666666666666667,3898.0,238.0,0.0610569522832222,1075.0,164.0,0.1525581395348837,4.0,0.0,0.0,2.0,1.0,0.5,4.0,0.0,0.0,3.0,0.0,0.0,37.0,5.0,0.1351351351351352,68.0,4.0,0.0588235294117647,83.0,11.0,0.1325301204819277,14.0,0.0,0.0,331.0,12.0,0.0362537764350453,22.0,1.0,0.0454545454545455,69.0,2.0,0.0289855072463768,26.0,3.0,0.1153846153846154
2020-08-16 00:00:00,4013,173,0.0431098928482432,457.0,45.0,0.0984682713347921,4.0,0.0,0.0,,,,38.0,5.0,0.1315789473684211,4.0,1.0,0.25,66.0,2.0,0.0303030303030303,3.0,0.0,0.0,10.0,1.0,0.1,1.0,1.0,1.0,314.0,13.0,0.0414012738853503,44.0,5.0,0.1136363636363636,1131.0,23.0,0.0203359858532272,66.0,1.0,0.0151515151515152,16.0,1.0,0.0625,1.0,0.0,0.0,41.0,3.0,0.0731707317073171,1.0,0.0,0.0,1989.0,113.0,0.0568124685771745,326.0,37.0,0.1134969325153374,,,,,,,,,,,,,16.0,2.0,0.125,1.0,0.0,0.0,28.0,3.0,0.1071428571428571,3.0,0.0,0.0,200.0,1.0,0.005,1.0,0.0,0.0,16.0,0.0,0.0,2.0,0.0,0.0
2020-08-15 00:00:00,5320,348,0.0654135338345865,553.0,68.0,0.1229656419529837,30.0,0.0,0.0,2.0,1.0,0.5,227.0,6.0,0.026431718061674,,,,188.0,6.0,0.0319148936170213,2.0,0.0,0.0,10.0,1.0,0.1,4.0,1.0,0.25,297.0,21.0,0.0707070707070707,64.0,7.0,0.109375,1138.0,49.0,0.0430579964850615,84.0,5.0,0.0595238095238095,43.0,5.0,0.1162790697674419,1.0,0.0,0.0,47.0,2.0,0.0425531914893617,1.0,0.0,0.0,2955.0,249.0,0.0842639593908629,372.0,50.0,0.1344086021505376,2.0,0.0,0.0,,,,,,,,,,6.0,2.0,0.3333333333333333,1.0,0.0,0.0,18.0,2.0,0.1111111111111111,9.0,1.0,0.1111111111111111,209.0,1.0,0.0047846889952153,,,,63.0,1.0,0.0158730158730159,9.0,2.0,0.2222222222222222
2020-08-14 00:00:00,8847,434,0.049056177235221,1670.0,219.0,0.1311377245508982,206.0,11.0,0.0533980582524272,1.0,0.0,0.0,457.0,24.0,0.0525164113785558,71.0,22.0,0.3098591549295775,224.0,10.0,0.0446428571428571,85.0,7.0,0.0823529411764706,62.0,3.0,0.0483870967741936,2.0,0.0,0.0,415.0,20.0,0.0481927710843374,111.0,12.0,0.1081081081081081,2236.0,65.0,0.0290697674418605,253.0,17.0,0.0671936758893281,94.0,11.0,0.1170212765957447,5.0,0.0,0.0,149.0,9.0,0.0604026845637584,22.0,6.0,0.2727272727272727,4205.0,260.0,0.0618311533888228,1063.0,150.0,0.1411100658513641,2.0,0.0,0.0,,,,3.0,0.0,0.0,,,,20.0,2.0,0.1,4.0,0.0,0.0,77.0,7.0,0.0909090909090909,15.0,1.0,0.0666666666666667,242.0,4.0,0.0165289256198347,15.0,2.0,0.1333333333333333,174.0,1.0,0.0057471264367816,15.0,1.0,0.0666666666666667
2020-08-13 00:00:00,6866,450,0.0655403437226915,1512.0,239.0,0.1580687830687831,42.0,0.0,0.0,3.0,0.0,0.0,441.0,23.0,0.0521541950113379,87.0,16.0,0.1839080459770115,173.0,13.0,0.0751445086705202,37.0,6.0,0.1621621621621622,36.0,2.0,0.0555555555555556,2.0,0.0,0.0,286.0,31.0,0.1083916083916084,73.0,12.0,0.1643835616438356,1432.0,82.0,0.0572625698324022,180.0,19.0,0.1055555555555556,77.0,2.0,0.025974025974026,5.0,1.0,0.2,160.0,15.0,0.09375,27.0,4.0,0.1481481481481482,3313.0,259.0,0.0781768789616662,1050.0,175.0,0.1666666666666667,19.0,0.0,0.0,1.0,0.0,0.0,2.0,0.0,0.0,,,,29.0,3.0,0.103448275862069,,,,34.0,5.0,0.1470588235294118,6.0,1.0,0.1666666666666667,255.0,7.0,0.0274509803921569,23.0,2.0,0.0869565217391304,85.0,2.0,0.0235294117647059,12.0,2.0,0.1666666666666667
2020-08-12 00:00:00,8851,476,0.0537792339848605,1501.0,201.0,0.133910726182545,30.0,0.0,0.0,2.0,2.0,1.0,471.0,29.0,0.0615711252653928,120.0,23.0,0.1916666666666667,183.0,9.0,0.0491803278688525,24.0,0.0,0.0,50.0,6.0,0.12,7.0,1.0,0.1428571428571429,343.0,24.0,0.0699708454810496,71.0,11.0,0.1549295774647887,1354.0,88.0,0.0649926144756278,148.0,8.0,0.0540540540540541,103.0,8.0,0.0776699029126214,5.0,0.0,0.0,137.0,4.0,0.0291970802919708,25.0,8.0,0.32,5173.0,275.0,0.05316064179393,1047.0,145.0,0.1384909264565425,2.0,0.0,0.0,,,,7.0,0.0,0.0,,,,45.0,6.0,0.1333333333333333,3.0,1.0,0.3333333333333333,74.0,13.0,0.1756756756756757,2.0,0.0,0.0,254.0,6.0,0.0236220472440945,23.0,1.0,0.0434782608695652,89.0,5.0,0.0561797752808989,8.0,0.0,0.0
2020-08-11 00:00:00,9060,559,0.0616997792494481,1946.0,294.0,0.1510791366906475,44.0,1.0,0.0227272727272727,3.0,1.0,0.3333333333333333,502.0,59.0,0.1175298804780877,283.0,56.0,0.1978798586572438,173.0,13.0,0.0751445086705202,49.0,6.0,0.1224489795918367,42.0,2.0,0.0476190476190476,6.0,0.0,0.0,346.0,17.0,0.0491329479768786,105.0,18.0,0.1714285714285714,1671.0,98.0,0.0586475164572113,204.0,17.0,0.0833333333333333,81.0,4.0,0.0493827160493827,3.0,1.0,0.3333333333333333,137.0,15.0,0.1094890510948905,21.0,7.0,0.3333333333333333,4984.0,319.0,0.0640048154093098,1195.0,183.0,0.1531380753138075,7.0,0.0,0.0,3.0,0.0,0.0,8.0,0.0,0.0,,,,29.0,13.0,0.4482758620689655,2.0,0.0,0.0,66.0,2.0,0.0303030303030303,24.0,2.0,0.0833333333333333,302.0,7.0,0.0231788079470199,17.0,0.0,0.0,76.0,1.0,0.0131578947368421,17.0,2.0,0.1176470588235294
2020-08-10 00:00:00,9272,603,0.0650345125107852,1622.0,202.0,0.124537607891492,98.0,2.0,0.0204081632653061,2.0,0.0,0.0,360.0,46.0,0.1277777777777778,34.0,10.0,0.2941176470588236,185.0,19.0,0.1027027027027027,23.0,3.0,0.1304347826086957,52.0,7.0,0.1346153846153846,3.0,0.0,0.0,365.0,28.0,0.0767123287671233,119.0,14.0,0.1176470588235294,1851.0,118.0,0.0637493246893571,245.0,17.0,0.0693877551020408,140.0,7.0,0.05,10.0,1.0,0.1,127.0,15.0,0.1181102362204725,28.0,6.0,0.2142857142857143,4942.0,320.0,0.0647511129097531,1094.0,146.0,0.13345521023766,7.0,0.0,0.0,,,,6.0,0.0,0.0,2.0,0.0,0.0,31.0,6.0,0.1935483870967742,4.0,1.0,0.25,83.0,10.0,0.1204819277108434,17.0,1.0,0.0588235294117647,461.0,14.0,0.0303687635574837,16.0,1.0,0.0625,84.0,2.0,0.0238095238095238,16.0,0.0,0.0
2020-08-09 00:00:00,4375,267,0.0610285714285714,403.0,33.0,0.0818858560794045,10.0,0.0,0.0,1.0,0.0,0.0,38.0,6.0,0.1578947368421053,5.0,2.0,0.4,66.0,5.0,0.0757575757575758,2.0,0.0,0.0,14.0,1.0,0.0714285714285714,1.0,0.0,0.0,256.0,14.0,0.0546875,49.0,1.0,0.0204081632653061,824.0,46.0,0.0558252427184466,62.0,7.0,0.1129032258064516,27.0,3.0,0.1111111111111111,1.0,0.0,0.0,43.0,6.0,0.1395348837209302,1.0,0.0,0.0,2791.0,182.0,0.0652096022930849,265.0,20.0,0.0754716981132076,3.0,0.0,0.0,,,,6.0,0.0,0.0,,,,13.0,0.0,0.0,1.0,1.0,1.0,21.0,0.0,0.0,7.0,0.0,0.0,62.0,1.0,0.0161290322580645,1.0,0.0,0.0,18.0,0.0,0.0,2.0,0.0,0.0
2020-08-08 00:00:00,5111,383,0.0749364116611231,533.0,56.0,0.1050656660412758,6.0,0.0,0.0,4.0,0.0,0.0,38.0,6.0,0.1578947368421053,4.0,2.0,0.5,265.0,9.0,0.0339622641509434,,,,22.0,1.0,0.0454545454545455,,,,259.0,23.0,0.0888030888030888,44.0,4.0,0.0909090909090909,781.0,65.0,0.0832266325224072,78.0,3.0,0.0384615384615385,42.0,5.0,0.1190476190476191,3.0,2.0,0.6666666666666666,41.0,2.0,0.0487804878048781,,,,3326.0,250.0,0.0751653638003608,372.0,45.0,0.1209677419354839,1.0,0.0,0.0,,,,1.0,0.0,0.0,,,,15.0,2.0,0.1333333333333333,1.0,0.0,0.0,38.0,2.0,0.0526315789473684,13.0,0.0,0.0,100.0,7.0,0.07,3.0,0.0,0.0,103.0,4.0,0.0388349514563107,11.0,0.0,0.0
2020-08-07 00:00:00,7164,545,0.0760748185371301,1784.0,230.0,0.1289237668161435,46.0,4.0,0.0869565217391304,2.0,1.0,0.5,264.0,57.0,0.2159090909090909,20.0,7.0,0.35,236.0,11.0,0.0466101694915254,28.0,4.0,0.1428571428571429,57.0,8.0,0.1403508771929825,6.0,1.0,0.1666666666666667,349.0,35.0,0.1002865329512894,112.0,15.0,0.1339285714285714,1335.0,57.0,0.0426966292134832,280.0,21.0,0.075,121.0,11.0,0.0909090909090909,4.0,1.0,0.25,161.0,15.0,0.093167701863354,30.0,5.0,0.1666666666666667,3964.0,309.0,0.0779515640766902,1215.0,162.0,0.1333333333333333,6.0,0.0,0.0,6.0,4.0,0.6666666666666666,7.0,0.0,0.0,,,,20.0,4.0,0.2,2.0,0.0,0.0,73.0,8.0,0.1095890410958904,12.0,1.0,0.0833333333333333,117.0,8.0,0.0683760683760684,23.0,1.0,0.0434782608695652,108.0,6.0,0.0555555555555556,27.0,3.0,0.1111111111111111
2020-08-06 00:00:00,6998,593,0.0847384967133467,1716.0,239.0,0.1392773892773893,70.0,3.0,0.0428571428571429,1.0,1.0,1.0,249.0,26.0,0.1044176706827309,25.0,10.0,0.4,219.0,20.0,0.091324200913242,35.0,6.0,0.1714285714285714,42.0,8.0,0.1904761904761905,20.0,1.0,0.05,320.0,26.0,0.08125,93.0,17.0,0.1827956989247312,1290.0,100.0,0.0775193798449612,453.0,30.0,0.0662251655629139,81.0,2.0,0.0246913580246914,6.0,3.0,0.5,196.0,12.0,0.0612244897959184,25.0,4.0,0.16,3721.0,363.0,0.097554420854609,996.0,165.0,0.1656626506024097,10.0,2.0,0.2,4.0,1.0,0.25,4.0,0.0,0.0,1.0,0.0,0.0,27.0,3.0,0.1111111111111111,2.0,0.0,0.0,45.0,1.0,0.0222222222222222,4.0,1.0,0.25,86.0,11.0,0.1279069767441861,23.0,0.0,0.0,101.0,10.0,0.099009900990099,17.0,0.0,0.0
2020-08-05 00:00:00,7148,630,0.0881365416899832,1474.0,257.0,0.1743554952510177,75.0,2.0,0.0266666666666667,2.0,1.0,0.5,259.0,37.0,0.1428571428571429,28.0,9.0,0.3214285714285715,222.0,14.0,0.0630630630630631,28.0,4.0,0.1428571428571429,39.0,6.0,0.1538461538461539,5.0,0.0,0.0,326.0,33.0,0.1012269938650307,69.0,10.0,0.1449275362318841,1341.0,96.0,0.0715883668903803,295.0,20.0,0.0677966101694915,84.0,4.0,0.0476190476190476,6.0,2.0,0.3333333333333333,143.0,17.0,0.1188811188811189,20.0,5.0,0.25,3687.0,387.0,0.1049633848657445,974.0,203.0,0.2084188911704312,10.0,0.0,0.0,,,,5.0,0.0,0.0,2.0,0.0,0.0,43.0,6.0,0.1395348837209302,2.0,2.0,1.0,77.0,9.0,0.1168831168831169,6.0,1.0,0.1666666666666667,147.0,7.0,0.0476190476190476,15.0,0.0,0.0,101.0,2.0,0.0198019801980198,13.0,0.0,0.0
2020-08-04 00:00:00,7096,641,0.0903325817361894,1823.0,241.0,0.1321996708721887,73.0,3.0,0.0410958904109589,7.0,2.0,0.2857142857142857,315.0,52.0,0.1650793650793651,30.0,9.0,0.3,199.0,11.0,0.0552763819095477,25.0,2.0,0.08,37.0,4.0,0.1081081081081081,9.0,2.0,0.2222222222222222,386.0,33.0,0.0854922279792746,131.0,8.0,0.0610687022900763,1312.0,85.0,0.0647865853658537,307.0,17.0,0.0553745928338762,80.0,6.0,0.075,10.0,1.0,0.1,131.0,12.0,0.0916030534351145,43.0,6.0,0.1395348837209302,3775.0,389.0,0.103046357615894,1189.0,189.0,0.1589571068124474,8.0,0.0,0.0,1.0,0.0,0.0,4.0,0.0,0.0,1.0,0.0,0.0,26.0,5.0,0.1923076923076923,,,,70.0,14.0,0.2,16.0,0.0,0.0,89.0,5.0,0.0561797752808989,24.0,1.0,0.0416666666666667,96.0,10.0,0.1041666666666667,14.0,2.0,0.1428571428571429
2020-08-03 00:00:00,7957,812,0.1020485107452558,1837.0,245.0,0.1333696243875885,110.0,7.0,0.0636363636363636,5.0,1.0,0.2,377.0,69.0,0.1830238726790451,21.0,8.0,0.380952380952381,208.0,17.0,0.0817307692307692,62.0,2.0,0.032258064516129,34.0,3.0,0.0882352941176471,5.0,2.0,0.4,357.0,42.0,0.1176470588235294,120.0,7.0,0.0583333333333333,1418.0,130.0,0.0916784203102962,282.0,16.0,0.0567375886524823,126.0,14.0,0.1111111111111111,8.0,1.0,0.125,147.0,22.0,0.1496598639455782,33.0,7.0,0.2121212121212121,4360.0,466.0,0.1068807339449541,1232.0,193.0,0.1566558441558442,10.0,0.0,0.0,1.0,0.0,0.0,3.0,0.0,0.0,,,,56.0,9.0,0.1607142857142857,1.0,0.0,0.0,106.0,2.0,0.0188679245283019,11.0,0.0,0.0,135.0,14.0,0.1037037037037037,25.0,2.0,0.08,106.0,5.0,0.0471698113207547,17.0,3.0,0.1764705882352941
2020-08-02 00:00:00,3667,361,0.0984455958549223,401.0,40.0,0.0997506234413965,9.0,2.0,0.2222222222222222,1.0,0.0,0.0,44.0,4.0,0.0909090909090909,3.0,0.0,0.0,77.0,6.0,0.0779220779220779,3.0,2.0,0.6666666666666666,16.0,3.0,0.1875,3.0,0.0,0.0,241.0,22.0,0.0912863070539419,51.0,2.0,0.0392156862745098,480.0,35.0,0.0729166666666667,49.0,3.0,0.0612244897959184,20.0,6.0,0.3,1.0,0.0,0.0,43.0,6.0,0.1395348837209302,1.0,1.0,1.0,2553.0,257.0,0.1006658832745789,275.0,31.0,0.1127272727272727,2.0,0.0,0.0,2.0,0.0,0.0,8.0,0.0,0.0,,,,14.0,8.0,0.5714285714285714,,,,20.0,4.0,0.2,5.0,0.0,0.0,26.0,1.0,0.0384615384615385,,,,22.0,0.0,0.0,3.0,0.0,0.0
2020-08-01 00:00:00,5659,512,0.0904753490015904,536.0,63.0,0.1175373134328358,14.0,3.0,0.2142857142857143,1.0,0.0,0.0,36.0,9.0,0.25,2.0,0.0,0.0,233.0,9.0,0.0386266094420601,2.0,1.0,0.5,222.0,7.0,0.0315315315315315,2.0,2.0,1.0,236.0,25.0,0.1059322033898305,53.0,4.0,0.0754716981132076,919.0,85.0,0.0924918389553863,88.0,2.0,0.0227272727272727,32.0,6.0,0.1875,1.0,0.0,0.0,60.0,6.0,0.1,2.0,0.0,0.0,3748.0,352.0,0.0939167556029883,363.0,53.0,0.1460055096418733,4.0,0.0,0.0,1.0,0.0,0.0,,,,,,,8.0,3.0,0.375,,,,27.0,3.0,0.1111111111111111,15.0,0.0,0.0,23.0,0.0,0.0,,,,28.0,1.0,0.0357142857142857,5.0,1.0,0.2
2020-07-31 00:00:00,8094,690,0.0852483320978503,1912.0,259.0,0.1354602510460251,229.0,15.0,0.0655021834061135,1.0,1.0,1.0,276.0,33.0,0.1195652173913044,32.0,7.0,0.21875,255.0,21.0,0.0823529411764706,40.0,4.0,0.1,287.0,6.0,0.0209059233449477,7.0,0.0,0.0,381.0,33.0,0.0866141732283465,158.0,21.0,0.1329113924050633,1411.0,101.0,0.0715804394046775,381.0,35.0,0.0918635170603675,112.0,12.0,0.1071428571428571,10.0,2.0,0.2,131.0,11.0,0.083969465648855,24.0,4.0,0.1666666666666667,4325.0,420.0,0.0971098265895954,1190.0,178.0,0.1495798319327731,6.0,2.0,0.3333333333333333,3.0,2.0,0.6666666666666666,7.0,0.0,0.0,,,,13.0,2.0,0.1538461538461539,1.0,0.0,0.0,124.0,5.0,0.0403225806451613,13.0,0.0,0.0,107.0,9.0,0.0841121495327103,28.0,3.0,0.1071428571428571,120.0,9.0,0.075,16.0,1.0,0.0625
2020-07-30 00:00:00,6877,792,0.115166497019049,1788.0,270.0,0.151006711409396,80.0,6.0,0.075,2.0,2.0,1.0,330.0,63.0,0.1909090909090909,25.0,9.0,0.36,244.0,19.0,0.0778688524590164,62.0,2.0,0.032258064516129,36.0,7.0,0.1944444444444445,8.0,3.0,0.375,299.0,47.0,0.157190635451505,105.0,11.0,0.1047619047619048,1248.0,147.0,0.1177884615384615,358.0,17.0,0.0474860335195531,254.0,8.0,0.031496062992126,8.0,0.0,0.0,199.0,21.0,0.1055276381909548,25.0,6.0,0.24,3474.0,431.0,0.1240644789867588,1128.0,209.0,0.1852836879432624,9.0,1.0,0.1111111111111111,2.0,1.0,0.5,5.0,1.0,0.2,1.0,0.0,0.0,30.0,5.0,0.1666666666666667,1.0,0.0,0.0,88.0,12.0,0.1363636363636364,10.0,3.0,0.3,169.0,10.0,0.0591715976331361,24.0,0.0,0.0,105.0,6.0,0.0571428571428571,16.0,5.0,0.3125
2020-07-29 00:00:00,7253,774,0.1067144629808355,1854.0,244.0,0.1316073354908307,93.0,3.0,0.032258064516129,2.0,0.0,0.0,287.0,52.0,0.1811846689895471,32.0,16.0,0.5,260.0,27.0,0.1038461538461539,80.0,4.0,0.05,42.0,5.0,0.1190476190476191,9.0,3.0,0.3333333333333333,332.0,31.0,0.0933734939759036,119.0,14.0,0.1176470588235294,1331.0,125.0,0.0939143501126972,335.0,18.0,0.0537313432835821,98.0,9.0,0.0918367346938776,6.0,0.0,0.0,130.0,7.0,0.0538461538461539,31.0,3.0,0.0967741935483871,3938.0,470.0,0.1193499238191976,1161.0,179.0,0.1541774332472007,9.0,2.0,0.2222222222222222,3.0,1.0,0.3333333333333333,12.0,0.0,0.0,3.0,0.0,0.0,31.0,3.0,0.0967741935483871,2.0,0.0,0.0,82.0,14.0,0.1707317073170732,10.0,0.0,0.0,138.0,8.0,0.0579710144927536,28.0,2.0,0.0714285714285714,114.0,6.0,0.0526315789473684,23.0,4.0,0.1739130434782609
2020-07-28 00:00:00,7607,915,0.1202839489943473,2351.0,296.0,0.125903870693322,84.0,8.0,0.0952380952380952,1.0,1.0,1.0,413.0,92.0,0.2227602905569007,52.0,10.0,0.1923076923076923,207.0,10.0,0.0483091787439614,40.0,2.0,0.05,35.0,5.0,0.1428571428571429,7.0,1.0,0.1428571428571429,409.0,52.0,0.1271393643031785,115.0,13.0,0.1130434782608696,1263.0,124.0,0.0981789390340459,457.0,33.0,0.0722100656455142,101.0,4.0,0.0396039603960396,8.0,1.0,0.125,128.0,19.0,0.1484375,44.0,4.0,0.0909090909090909,4347.0,561.0,0.1290545203588682,1538.0,223.0,0.1449934980494148,4.0,0.0,0.0,4.0,1.0,0.25,16.0,0.0,0.0,3.0,0.0,0.0,20.0,5.0,0.25,4.0,3.0,0.75,100.0,24.0,0.24,13.0,0.0,0.0,96.0,4.0,0.0416666666666667,21.0,1.0,0.0476190476190476,98.0,5.0,0.0510204081632653,26.0,2.0,0.0769230769230769
2020-07-27 00:00:00,8775,1081,0.1231908831908832,2122.0,245.0,0.1154571159283695,95.0,8.0,0.0842105263157895,2.0,0.0,0.0,348.0,63.0,0.1810344827586207,39.0,17.0,0.4358974358974359,233.0,16.0,0.0686695278969957,39.0,1.0,0.0256410256410256,41.0,4.0,0.0975609756097561,8.0,5.0,0.625,455.0,58.0,0.1274725274725275,147.0,15.0,0.1020408163265306,1407.0,143.0,0.101634683724236,487.0,20.0,0.0410677618069815,176.0,23.0,0.1306818181818182,19.0,1.0,0.0526315789473684,166.0,22.0,0.1325301204819277,41.0,5.0,0.1219512195121951,5168.0,687.0,0.1329334365325078,1255.0,175.0,0.1394422310756972,16.0,0.0,0.0,6.0,0.0,0.0,7.0,0.0,0.0,1.0,0.0,0.0,76.0,12.0,0.1578947368421053,6.0,0.0,0.0,91.0,14.0,0.1538461538461539,22.0,1.0,0.0454545454545455,163.0,12.0,0.0736196319018405,17.0,2.0,0.1176470588235294,86.0,11.0,0.1279069767441861,20.0,1.0,0.05
2020-07-26 00:00:00,4194,533,0.1270863137815928,343.0,33.0,0.0962099125364432,21.0,0.0,0.0,1.0,0.0,0.0,60.0,17.0,0.2833333333333334,,,,70.0,4.0,0.0571428571428571,4.0,0.0,0.0,164.0,10.0,0.0609756097560976,,,,243.0,28.0,0.1152263374485597,42.0,4.0,0.0952380952380952,529.0,49.0,0.0926275992438563,43.0,1.0,0.0232558139534884,16.0,2.0,0.125,,,,47.0,4.0,0.0851063829787234,,,,2858.0,402.0,0.1406578026592023,244.0,28.0,0.1147540983606558,2.0,0.0,0.0,,,,3.0,2.0,0.6666666666666666,1.0,0.0,0.0,12.0,2.0,0.1666666666666667,,,,48.0,7.0,0.1458333333333334,4.0,0.0,0.0,31.0,0.0,0.0,2.0,0.0,0.0,17.0,2.0,0.1176470588235294,1.0,0.0,0.0
2020-07-25 00:00:00,6457,815,0.1262196066284652,511.0,60.0,0.1174168297455969,24.0,2.0,0.0833333333333333,,,,140.0,39.0,0.2785714285714286,2.0,2.0,1.0,108.0,10.0,0.0925925925925926,3.0,0.0,0.0,293.0,19.0,0.0648464163822526,6.0,1.0,0.1666666666666667,411.0,40.0,0.097323600973236,51.0,4.0,0.0784313725490196,939.0,120.0,0.1277955271565495,77.0,2.0,0.025974025974026,68.0,9.0,0.1323529411764706,3.0,0.0,0.0,59.0,11.0,0.1864406779661017,6.0,1.0,0.1666666666666667,4002.0,534.0,0.1334332833583208,338.0,48.0,0.1420118343195266,5.0,0.0,0.0,1.0,0.0,0.0,76.0,1.0,0.0131578947368421,,,,32.0,4.0,0.125,1.0,0.0,0.0,40.0,4.0,0.1,5.0,0.0,0.0,37.0,8.0,0.2162162162162162,3.0,0.0,0.0,147.0,7.0,0.0476190476190476,12.0,1.0,0.0833333333333333
2020-07-24 00:00:00,9374,1107,0.1180925965436313,2250.0,315.0,0.14,85.0,5.0,0.0588235294117647,2.0,0.0,0.0,328.0,57.0,0.173780487804878,53.0,21.0,0.3962264150943397,252.0,22.0,0.0873015873015873,36.0,4.0,0.1111111111111111,39.0,4.0,0.1025641025641026,11.0,2.0,0.1818181818181818,477.0,50.0,0.1048218029350105,147.0,14.0,0.0952380952380952,1364.0,127.0,0.093108504398827,489.0,21.0,0.0429447852760736,153.0,16.0,0.1045751633986928,11.0,2.0,0.1818181818181818,174.0,18.0,0.103448275862069,35.0,3.0,0.0857142857142857,5905.0,749.0,0.1268416596104996,1390.0,245.0,0.1762589928057554,33.0,0.0,0.0,4.0,0.0,0.0,2.0,1.0,0.5,1.0,0.0,0.0,30.0,13.0,0.4333333333333334,7.0,0.0,0.0,68.0,18.0,0.2647058823529412,17.0,0.0,0.0,113.0,9.0,0.079646017699115,13.0,1.0,0.0769230769230769,102.0,12.0,0.1176470588235294,18.0,2.0,0.1111111111111111
2020-07-23 00:00:00,8938,1138,0.1273215484448423,1909.0,245.0,0.1283394447354636,88.0,11.0,0.125,1.0,0.0,0.0,392.0,76.0,0.1938775510204082,25.0,9.0,0.36,269.0,14.0,0.0520446096654275,32.0,3.0,0.09375,36.0,7.0,0.1944444444444445,10.0,1.0,0.1,369.0,47.0,0.1273712737127371,130.0,5.0,0.0384615384615385,1316.0,151.0,0.114741641337386,400.0,24.0,0.06,118.0,9.0,0.076271186440678,6.0,1.0,0.1666666666666667,318.0,47.0,0.1477987421383648,38.0,7.0,0.1842105263157895,5447.0,721.0,0.1323664402423352,1202.0,190.0,0.1580698835274543,7.0,1.0,0.1428571428571429,2.0,0.0,0.0,8.0,1.0,0.125,2.0,0.0,0.0,48.0,15.0,0.3125,3.0,0.0,0.0,55.0,15.0,0.2727272727272727,10.0,1.0,0.1,91.0,7.0,0.0769230769230769,19.0,2.0,0.1052631578947368,133.0,12.0,0.0902255639097744,14.0,0.0,0.0
2020-07-22 00:00:00,10231,1270,0.1241325383637963,1760.0,226.0,0.1284090909090909,63.0,5.0,0.0793650793650794,2.0,1.0,0.5,405.0,84.0,0.2074074074074074,41.0,12.0,0.2926829268292683,251.0,16.0,0.0637450199203187,28.0,2.0,0.0714285714285714,53.0,9.0,0.169811320754717,6.0,2.0,0.3333333333333333,487.0,47.0,0.0965092402464066,84.0,6.0,0.0714285714285714,1658.0,139.0,0.0838359469240048,402.0,29.0,0.0721393034825871,113.0,14.0,0.1238938053097345,13.0,3.0,0.2307692307692308,190.0,17.0,0.0894736842105263,34.0,3.0,0.0882352941176471,6322.0,881.0,0.1393546346093009,1105.0,164.0,0.1484162895927602,12.0,0.0,0.0,1.0,1.0,1.0,12.0,1.0,0.0833333333333333,,,,53.0,6.0,0.1132075471698113,,,,65.0,14.0,0.2153846153846154,6.0,1.0,0.1666666666666667,132.0,11.0,0.0833333333333333,16.0,0.0,0.0,168.0,18.0,0.1071428571428571,12.0,1.0,0.0833333333333333
2020-07-21 00:00:00,10746,1410,0.1312116136236739,2462.0,289.0,0.1173842404549147,113.0,4.0,0.0353982300884956,1.0,0.0,0.0,416.0,78.0,0.1875,49.0,24.0,0.489795918367347,296.0,29.0,0.097972972972973,26.0,1.0,0.0384615384615385,56.0,11.0,0.1964285714285714,8.0,3.0,0.375,479.0,54.0,0.1127348643006263,153.0,19.0,0.1241830065359477,1635.0,191.0,0.1168195718654434,495.0,21.0,0.0424242424242424,177.0,18.0,0.1016949152542373,11.0,0.0,0.0,174.0,20.0,0.1149425287356322,40.0,6.0,0.15,6658.0,925.0,0.1389306097927306,1591.0,200.0,0.1257071024512885,13.0,2.0,0.1538461538461539,4.0,0.0,0.0,11.0,7.0,0.6363636363636364,3.0,0.0,0.0,51.0,9.0,0.1764705882352941,1.0,0.0,0.0,117.0,12.0,0.1025641025641026,24.0,3.0,0.125,173.0,19.0,0.1098265895953757,13.0,5.0,0.3846153846153847,131.0,18.0,0.1374045801526718,25.0,5.0,0.2
2020-07-20 00:00:00,10655,1563,0.1466916940403567,2385.0,320.0,0.1341719077568134,100.0,19.0,0.19,1.0,0.0,0.0,489.0,93.0,0.1901840490797546,55.0,12.0,0.2181818181818182,327.0,25.0,0.0764525993883792,34.0,4.0,0.1176470588235294,63.0,13.0,0.2063492063492064,8.0,1.0,0.125,486.0,53.0,0.1090534979423868,150.0,20.0,0.1333333333333333,1568.0,173.0,0.1103316326530612,484.0,31.0,0.0640495867768595,169.0,15.0,0.0887573964497041,12.0,3.0,0.25,184.0,33.0,0.1793478260869565,44.0,7.0,0.1590909090909091,6511.0,1060.0,0.1628014129933958,1510.0,235.0,0.1556291390728477,30.0,3.0,0.1,1.0,1.0,1.0,8.0,1.0,0.125,,,,31.0,8.0,0.2580645161290323,2.0,0.0,0.0,156.0,26.0,0.1666666666666667,21.0,1.0,0.0476190476190476,160.0,12.0,0.075,22.0,1.0,0.0454545454545455,141.0,17.0,0.1205673758865248,23.0,2.0,0.0869565217391304
2020-07-19 00:00:00,5015,671,0.1337986041874377,381.0,45.0,0.1181102362204725,9.0,1.0,0.1111111111111111,1.0,0.0,0.0,70.0,11.0,0.1571428571428572,2.0,2.0,1.0,74.0,5.0,0.0675675675675676,1.0,0.0,0.0,9.0,2.0,0.2222222222222222,1.0,1.0,1.0,219.0,24.0,0.1095890410958904,50.0,1.0,0.02,583.0,65.0,0.1114922813036021,47.0,4.0,0.0851063829787234,49.0,6.0,0.1224489795918367,2.0,1.0,0.5,58.0,5.0,0.0862068965517241,,,,3766.0,525.0,0.1394052044609666,265.0,35.0,0.1320754716981132,1.0,0.0,0.0,,,,2.0,1.0,0.5,,,,2.0,0.0,0.0,2.0,0.0,0.0,38.0,12.0,0.3157894736842105,5.0,0.0,0.0,46.0,9.0,0.1956521739130435,,,,36.0,3.0,0.0833333333333333,2.0,0.0,0.0
2020-07-18 00:00:00,8831,1237,0.1400747367229079,545.0,53.0,0.0972477064220184,16.0,2.0,0.125,1.0,1.0,1.0,52.0,7.0,0.1346153846153846,1.0,1.0,1.0,112.0,8.0,0.0714285714285714,14.0,2.0,0.1428571428571429,27.0,7.0,0.2592592592592593,,,,520.0,63.0,0.1211538461538462,79.0,4.0,0.0506329113924051,1057.0,119.0,0.1125827814569537,64.0,3.0,0.046875,67.0,18.0,0.2686567164179105,,,,74.0,15.0,0.2027027027027027,1.0,0.0,0.0,6600.0,961.0,0.1456060606060606,361.0,39.0,0.1080332409972299,11.0,0.0,0.0,,,,2.0,0.0,0.0,,,,5.0,3.0,0.6,,,,37.0,6.0,0.1621621621621622,9.0,0.0,0.0,30.0,4.0,0.1333333333333333,4.0,2.0,0.5,146.0,17.0,0.1164383561643836,4.0,0.0,0.0
2020-07-17 00:00:00,14083,1934,0.1373286941702762,2252.0,278.0,0.1234458259325045,58.0,5.0,0.0862068965517241,2.0,1.0,0.5,369.0,63.0,0.1707317073170732,31.0,10.0,0.3225806451612903,369.0,35.0,0.0948509485094851,28.0,1.0,0.0357142857142857,55.0,7.0,0.1272727272727273,10.0,0.0,0.0,693.0,100.0,0.1443001443001443,148.0,14.0,0.0945945945945946,1650.0,169.0,0.1024242424242424,244.0,19.0,0.0778688524590164,340.0,28.0,0.0823529411764706,11.0,1.0,0.0909090909090909,213.0,32.0,0.1502347417840376,45.0,2.0,0.0444444444444444,9591.0,1424.0,0.1484725263267647,1651.0,227.0,0.1374924288310115,38.0,1.0,0.0263157894736842,1.0,0.0,0.0,8.0,0.0,0.0,1.0,0.0,0.0,16.0,3.0,0.1875,3.0,0.0,0.0,134.0,15.0,0.1119402985074627,16.0,1.0,0.0625,202.0,24.0,0.1188118811881188,25.0,2.0,0.08,187.0,15.0,0.0802139037433155,25.0,0.0,0.0
2020-07-16 00:00:00,12406,1977,0.1593583749798485,1834.0,252.0,0.1374045801526718,37.0,8.0,0.2162162162162162,2.0,0.0,0.0,555.0,140.0,0.2522522522522523,44.0,15.0,0.3409090909090909,290.0,30.0,0.103448275862069,30.0,1.0,0.0333333333333333,56.0,14.0,0.25,5.0,3.0,0.6,737.0,77.0,0.1044776119402985,118.0,12.0,0.1016949152542373,1770.0,194.0,0.1096045197740113,185.0,23.0,0.1243243243243243,128.0,18.0,0.140625,17.0,1.0,0.0588235294117647,217.0,30.0,0.1382488479262673,39.0,6.0,0.1538461538461539,7949.0,1388.0,0.1746131588879104,1320.0,186.0,0.1409090909090909,22.0,0.0,0.0,5.0,0.0,0.0,8.0,0.0,0.0,1.0,0.0,0.0,21.0,4.0,0.1904761904761905,2.0,0.0,0.0,111.0,19.0,0.1711711711711712,8.0,0.0,0.0,170.0,17.0,0.1,28.0,5.0,0.1785714285714286,157.0,22.0,0.1401273885350319,21.0,0.0,0.0
2020-07-15 00:00:00,14166,2351,0.1659607510941691,1823.0,241.0,0.1321996708721887,112.0,15.0,0.1339285714285714,3.0,0.0,0.0,497.0,132.0,0.2655935613682093,32.0,15.0,0.46875,313.0,29.0,0.0926517571884984,28.0,3.0,0.1071428571428571,49.0,9.0,0.1836734693877551,5.0,1.0,0.2,760.0,93.0,0.1223684210526316,93.0,12.0,0.1290322580645161,1862.0,209.0,0.1122448979591837,171.0,24.0,0.1403508771929825,165.0,20.0,0.1212121212121212,14.0,4.0,0.2857142857142857,205.0,35.0,0.1707317073170732,35.0,5.0,0.1428571428571429,9395.0,1725.0,0.1836083022884513,1359.0,170.0,0.1250919793966152,22.0,1.0,0.0454545454545455,2.0,0.0,0.0,17.0,1.0,0.0588235294117647,3.0,0.0,0.0,42.0,8.0,0.1904761904761905,7.0,2.0,0.2857142857142857,157.0,15.0,0.0955414012738854,14.0,2.0,0.1428571428571429,127.0,14.0,0.1102362204724409,25.0,1.0,0.04,166.0,24.0,0.1445783132530121,21.0,0.0,0.0
2020-07-14 00:00:00,14483,2594,0.1791065387005455,2346.0,280.0,0.1193520886615516,133.0,13.0,0.0977443609022556,1.0,0.0,0.0,545.0,139.0,0.2550458715596331,43.0,14.0,0.3255813953488373,254.0,30.0,0.1181102362204725,31.0,1.0,0.032258064516129,60.0,7.0,0.1166666666666667,9.0,1.0,0.1111111111111111,903.0,127.0,0.1406423034330011,163.0,15.0,0.0920245398773006,1996.0,287.0,0.1437875751503006,216.0,24.0,0.1111111111111111,219.0,27.0,0.1232876712328767,10.0,1.0,0.1,263.0,37.0,0.1406844106463879,41.0,2.0,0.0487804878048781,9349.0,1848.0,0.197668199807466,1752.0,216.0,0.1232876712328767,23.0,3.0,0.1304347826086957,7.0,1.0,0.1428571428571429,6.0,0.0,0.0,1.0,0.0,0.0,46.0,3.0,0.0652173913043478,3.0,1.0,0.3333333333333333,117.0,17.0,0.1452991452991453,17.0,2.0,0.1176470588235294,145.0,11.0,0.0758620689655172,26.0,1.0,0.0384615384615385,219.0,35.0,0.1598173515981735,16.0,0.0,0.0
2020-07-13 00:00:00,12971,2506,0.193200215866163,2359.0,267.0,0.1131835523526918,107.0,16.0,0.1495327102803738,5.0,1.0,0.2,600.0,143.0,0.2383333333333334,47.0,13.0,0.2765957446808511,265.0,27.0,0.1018867924528302,43.0,1.0,0.0232558139534884,95.0,20.0,0.2105263157894737,9.0,3.0,0.3333333333333333,658.0,118.0,0.1793313069908815,149.0,6.0,0.0402684563758389,1810.0,229.0,0.1265193370165746,233.0,15.0,0.0643776824034335,220.0,40.0,0.1818181818181818,15.0,2.0,0.1333333333333333,265.0,57.0,0.2150943396226415,54.0,13.0,0.2407407407407408,8206.0,1760.0,0.2144772117962467,1709.0,207.0,0.1211234640140433,20.0,0.0,0.0,,,,10.0,0.0,0.0,,,,71.0,8.0,0.1126760563380282,4.0,2.0,0.5,99.0,16.0,0.1616161616161616,18.0,0.0,0.0,272.0,27.0,0.0992647058823529,31.0,2.0,0.0645161290322581,127.0,28.0,0.2204724409448819,25.0,1.0,0.04
2020-07-12 00:00:00,5790,1222,0.2110535405872194,458.0,51.0,0.111353711790393,10.0,3.0,0.3,2.0,1.0,0.5,91.0,26.0,0.2857142857142857,4.0,2.0,0.5,89.0,11.0,0.1235955056179775,3.0,0.0,0.0,22.0,2.0,0.0909090909090909,2.0,0.0,0.0,326.0,62.0,0.1901840490797546,49.0,3.0,0.0612244897959184,705.0,95.0,0.1347517730496454,78.0,6.0,0.0769230769230769,71.0,26.0,0.3661971830985916,1.0,0.0,0.0,43.0,10.0,0.2325581395348837,2.0,0.0,0.0,4289.0,975.0,0.2273257169503381,303.0,37.0,0.1221122112211221,1.0,0.0,0.0,,,,1.0,0.0,0.0,,,,3.0,0.0,0.0,1.0,0.0,0.0,26.0,3.0,0.1153846153846154,6.0,0.0,0.0,40.0,4.0,0.1,,,,39.0,2.0,0.0512820512820513,2.0,0.0,0.0
2020-07-11 00:00:00,8593,1737,0.202141277784243,683.0,89.0,0.130307467057101,14.0,1.0,0.0714285714285714,1.0,0.0,0.0,62.0,16.0,0.2580645161290323,3.0,1.0,0.3333333333333333,112.0,16.0,0.1428571428571429,2.0,0.0,0.0,36.0,7.0,0.1944444444444445,2.0,1.0,0.5,558.0,91.0,0.1630824372759857,104.0,7.0,0.0673076923076923,1154.0,166.0,0.1438474870017331,68.0,4.0,0.0588235294117647,68.0,21.0,0.3088235294117647,3.0,1.0,0.3333333333333333,89.0,19.0,0.2134831460674157,1.0,0.0,0.0,6203.0,1372.0,0.2211832984039981,470.0,73.0,0.1553191489361702,2.0,1.0,0.5,,,,48.0,3.0,0.0625,,,,8.0,0.0,0.0,,,,30.0,1.0,0.0333333333333333,14.0,0.0,0.0,43.0,3.0,0.0697674418604651,1.0,1.0,1.0,95.0,9.0,0.0947368421052632,7.0,1.0,0.1428571428571429
2020-07-10 00:00:00,14836,2821,0.1901455918037207,2411.0,207.0,0.0858564910825384,92.0,9.0,0.0978260869565217,1.0,0.0,0.0,474.0,117.0,0.2468354430379747,40.0,6.0,0.15,347.0,40.0,0.1152737752161383,45.0,4.0,0.0888888888888889,88.0,29.0,0.3295454545454546,17.0,4.0,0.2352941176470588,808.0,122.0,0.150990099009901,146.0,9.0,0.0616438356164384,2041.0,275.0,0.1347378735913768,261.0,20.0,0.0766283524904215,223.0,37.0,0.1659192825112108,9.0,1.0,0.1111111111111111,238.0,40.0,0.1680672268907563,58.0,2.0,0.0344827586206897,9696.0,2070.0,0.213490099009901,1743.0,158.0,0.0906483075157774,77.0,0.0,0.0,,,,20.0,0.0,0.0,,,,17.0,4.0,0.2352941176470588,6.0,0.0,0.0,84.0,9.0,0.1071428571428571,17.0,0.0,0.0,221.0,22.0,0.0995475113122172,19.0,1.0,0.0526315789473684,226.0,22.0,0.0973451327433628,30.0,1.0,0.0333333333333333
2020-07-09 00:00:00,16298,3084,0.1892256718615781,2227.0,205.0,0.0920520880107768,141.0,16.0,0.1134751773049645,,,,577.0,135.0,0.2339688041594454,89.0,23.0,0.2584269662921349,375.0,25.0,0.0666666666666667,46.0,2.0,0.0434782608695652,78.0,12.0,0.1538461538461539,9.0,3.0,0.3333333333333333,850.0,154.0,0.1811764705882353,115.0,6.0,0.0521739130434783,2099.0,257.0,0.1224392567889471,176.0,16.0,0.0909090909090909,189.0,30.0,0.1587301587301587,9.0,1.0,0.1111111111111111,295.0,47.0,0.1593220338983051,48.0,3.0,0.0625,10853.0,2313.0,0.2131207960932461,1664.0,146.0,0.0877403846153846,24.0,3.0,0.125,2.0,0.0,0.0,29.0,4.0,0.1379310344827586,1.0,0.0,0.0,32.0,6.0,0.1875,1.0,0.0,0.0,97.0,15.0,0.154639175257732,10.0,1.0,0.1,208.0,17.0,0.0817307692307692,14.0,2.0,0.1428571428571429,254.0,26.0,0.1023622047244095,31.0,1.0,0.032258064516129
2020-07-08 00:00:00,15913,3283,0.2063093068560297,2152.0,214.0,0.0994423791821561,101.0,13.0,0.1287128712871287,4.0,1.0,0.25,837.0,181.0,0.2162485065710872,45.0,13.0,0.2888888888888889,354.0,24.0,0.0677966101694915,51.0,2.0,0.0392156862745098,97.0,25.0,0.2577319587628866,7.0,1.0,0.1428571428571429,873.0,182.0,0.2084765177548683,128.0,7.0,0.0546875,2312.0,294.0,0.1271626297577855,174.0,15.0,0.0862068965517241,166.0,26.0,0.1566265060240964,9.0,4.0,0.4444444444444444,268.0,55.0,0.2052238805970149,34.0,0.0,0.0,10183.0,2393.0,0.2349995089855642,1613.0,166.0,0.1029138251704898,41.0,4.0,0.0975609756097561,1.0,0.0,0.0,7.0,0.0,0.0,2.0,0.0,0.0,30.0,6.0,0.2,6.0,0.0,0.0,81.0,10.0,0.1234567901234568,13.0,0.0,0.0,220.0,32.0,0.1454545454545455,17.0,2.0,0.1176470588235294,173.0,25.0,0.1445086705202312,37.0,0.0,0.0
2020-07-07 00:00:00,16503,3363,0.2037811307035085,2721.0,202.0,0.0742374127159133,229.0,5.0,0.0218340611353712,2.0,1.0,0.5,798.0,181.0,0.2268170426065163,56.0,13.0,0.2321428571428572,498.0,59.0,0.1184738955823293,48.0,1.0,0.0208333333333333,114.0,31.0,0.2719298245614035,15.0,4.0,0.2666666666666667,1137.0,158.0,0.13896218117854,171.0,12.0,0.0701754385964912,2372.0,339.0,0.1429173693086003,238.0,12.0,0.0504201680672269,192.0,43.0,0.2239583333333334,7.0,1.0,0.1428571428571429,333.0,56.0,0.1681681681681682,49.0,5.0,0.1020408163265306,9828.0,2351.0,0.2392144892144892,2043.0,147.0,0.0719530102790015,47.0,7.0,0.148936170212766,10.0,1.0,0.1,1.0,0.0,0.0,1.0,0.0,0.0,44.0,6.0,0.1363636363636364,2.0,0.0,0.0,162.0,13.0,0.0802469135802469,24.0,0.0,0.0,306.0,46.0,0.1503267973856209,19.0,2.0,0.1052631578947368,232.0,35.0,0.1508620689655173,17.0,0.0,0.0
2020-07-06 00:00:00,16071,3410,0.2121834360027379,2227.0,175.0,0.078581050740907,127.0,11.0,0.0866141732283465,2.0,0.0,0.0,564.0,157.0,0.2783687943262411,53.0,13.0,0.2452830188679246,411.0,47.0,0.1143552311435523,39.0,2.0,0.0512820512820513,117.0,38.0,0.3247863247863248,7.0,0.0,0.0,721.0,156.0,0.2163661581137309,155.0,5.0,0.032258064516129,2338.0,344.0,0.1471343028229256,222.0,11.0,0.0495495495495496,232.0,33.0,0.1422413793103448,4.0,1.0,0.25,291.0,49.0,0.1683848797250859,44.0,3.0,0.0681818181818182,10277.0,2431.0,0.2365476306315073,1604.0,140.0,0.087281795511222,40.0,2.0,0.05,1.0,0.0,0.0,14.0,2.0,0.1428571428571429,1.0,0.0,0.0,74.0,15.0,0.2027027027027027,3.0,0.0,0.0,132.0,19.0,0.143939393939394,17.0,0.0,0.0,375.0,46.0,0.1226666666666667,23.0,0.0,0.0,201.0,38.0,0.1890547263681592,28.0,0.0,0.0
2020-07-05 00:00:00,5790,1488,0.2569948186528498,395.0,24.0,0.0607594936708861,15.0,4.0,0.2666666666666667,,,,81.0,26.0,0.3209876543209877,1.0,1.0,1.0,99.0,10.0,0.101010101010101,1.0,0.0,0.0,25.0,7.0,0.2800000000000001,2.0,0.0,0.0,285.0,69.0,0.2421052631578948,27.0,0.0,0.0,906.0,163.0,0.1799116997792495,71.0,3.0,0.0422535211267606,47.0,13.0,0.2765957446808511,1.0,0.0,0.0,59.0,14.0,0.2372881355932204,,,,4057.0,1139.0,0.280749322159231,272.0,19.0,0.0698529411764706,4.0,1.0,0.25,,,,1.0,0.0,0.0,,,,4.0,1.0,0.25,1.0,0.0,0.0,37.0,6.0,0.1621621621621622,8.0,0.0,0.0,71.0,11.0,0.1549295774647887,1.0,1.0,1.0,44.0,9.0,0.2045454545454546,5.0,0.0,0.0
2020-07-04 00:00:00,5563,1280,0.2300916771526155,509.0,38.0,0.0746561886051081,24.0,6.0,0.25,4.0,0.0,0.0,71.0,23.0,0.323943661971831,1.0,1.0,1.0,66.0,5.0,0.0757575757575758,2.0,0.0,0.0,16.0,6.0,0.375,2.0,0.0,0.0,310.0,78.0,0.2516129032258065,43.0,1.0,0.0232558139534884,638.0,132.0,0.2068965517241379,66.0,4.0,0.0606060606060606,70.0,29.0,0.4142857142857143,1.0,0.0,0.0,35.0,11.0,0.3142857142857143,,,,4165.0,961.0,0.2307322929171669,360.0,31.0,0.0861111111111111,3.0,3.0,1.0,1.0,0.0,0.0,6.0,2.0,0.3333333333333333,,,,,,,,,,61.0,8.0,0.1311475409836066,20.0,0.0,0.0,25.0,4.0,0.16,,,,39.0,4.0,0.1025641025641026,4.0,0.0,0.0
2020-07-03 00:00:00,11850,2490,0.210126582278481,833.0,44.0,0.0528211284513806,46.0,2.0,0.0434782608695652,,,,130.0,43.0,0.3307692307692308,3.0,0.0,0.0,228.0,25.0,0.1096491228070175,5.0,1.0,0.2,58.0,14.0,0.2413793103448276,2.0,0.0,0.0,731.0,148.0,0.2024623803009576,68.0,1.0,0.0147058823529412,1440.0,208.0,0.1444444444444444,79.0,2.0,0.0253164556962025,138.0,27.0,0.1956521739130435,3.0,1.0,0.3333333333333333,208.0,40.0,0.1923076923076923,11.0,1.0,0.0909090909090909,8501.0,1943.0,0.2285613457240325,635.0,36.0,0.0566929133858268,2.0,0.0,0.0,,,,5.0,0.0,0.0,,,,3.0,1.0,0.3333333333333333,,,,109.0,10.0,0.0917431192660551,11.0,1.0,0.0909090909090909,103.0,5.0,0.0485436893203884,1.0,0.0,0.0,70.0,8.0,0.1142857142857143,10.0,0.0,0.0
2020-07-02 00:00:00,17728,3577,0.2017712093862816,2560.0,216.0,0.084375,194.0,13.0,0.0670103092783505,7.0,1.0,0.1428571428571429,611.0,145.0,0.237315875613748,61.0,13.0,0.2131147540983607,495.0,43.0,0.0868686868686869,40.0,2.0,0.05,133.0,39.0,0.2932330827067669,7.0,0.0,0.0,1302.0,215.0,0.1651305683563748,152.0,13.0,0.0855263157894737,2460.0,372.0,0.151219512195122,250.0,18.0,0.072,248.0,47.0,0.1895161290322581,17.0,2.0,0.1176470588235294,323.0,60.0,0.1857585139318886,59.0,3.0,0.0508474576271187,11097.0,2553.0,0.2300621789672885,1855.0,159.0,0.0857142857142857,49.0,6.0,0.1224489795918367,7.0,0.0,0.0,7.0,0.0,0.0,2.0,0.0,0.0,25.0,5.0,0.2,5.0,0.0,0.0,184.0,13.0,0.0706521739130435,24.0,4.0,0.1666666666666667,204.0,21.0,0.1029411764705882,21.0,0.0,0.0,217.0,27.0,0.1244239631336406,26.0,1.0,0.0384615384615385
2020-07-01 00:00:00,17269,3704,0.214488389599861,2660.0,196.0,0.0736842105263158,122.0,11.0,0.0901639344262295,2.0,0.0,0.0,546.0,129.0,0.2362637362637363,46.0,8.0,0.1739130434782609,428.0,47.0,0.1098130841121495,51.0,1.0,0.0196078431372549,115.0,36.0,0.3130434782608696,4.0,0.0,0.0,983.0,176.0,0.1790437436419125,156.0,4.0,0.0256410256410256,2535.0,377.0,0.1487179487179487,232.0,14.0,0.0603448275862069,237.0,44.0,0.1856540084388186,28.0,3.0,0.1071428571428571,272.0,45.0,0.1654411764705882,34.0,3.0,0.0882352941176471,10854.0,2699.0,0.2486640869725447,2014.0,159.0,0.0789473684210526,63.0,7.0,0.1111111111111111,,,,7.0,2.0,0.2857142857142857,,,,62.0,16.0,0.2580645161290323,,,,185.0,16.0,0.0864864864864865,19.0,1.0,0.0526315789473684,264.0,19.0,0.071969696969697,28.0,0.0,0.0,411.0,57.0,0.1386861313868613,28.0,2.0,0.0714285714285714
2020-06-30 00:00:00,17485,3902,0.2231627108950529,2661.0,166.0,0.0623825629462608,169.0,11.0,0.0650887573964497,21.0,5.0,0.2380952380952381,822.0,202.0,0.245742092457421,66.0,9.0,0.1363636363636364,437.0,45.0,0.102974828375286,60.0,0.0,0.0,130.0,51.0,0.3923076923076923,11.0,1.0,0.0909090909090909,1057.0,197.0,0.1863765373699149,151.0,5.0,0.033112582781457,2162.0,360.0,0.1665124884366328,280.0,16.0,0.0571428571428571,244.0,40.0,0.1639344262295082,30.0,3.0,0.1,343.0,74.0,0.2157434402332362,66.0,5.0,0.0757575757575758,11048.0,2788.0,0.2523533671252716,1892.0,118.0,0.0623678646934461,66.0,2.0,0.0303030303030303,1.0,0.0,0.0,11.0,1.0,0.0909090909090909,3.0,0.0,0.0,50.0,8.0,0.16,2.0,0.0,0.0,171.0,16.0,0.0935672514619883,16.0,0.0,0.0,268.0,41.0,0.1529850746268657,25.0,1.0,0.04,277.0,33.0,0.1191335740072202,23.0,2.0,0.0869565217391304
2020-06-29 00:00:00,17151,4030,0.2349717217654947,3368.0,258.0,0.076603325415677,145.0,16.0,0.1103448275862069,6.0,0.0,0.0,953.0,266.0,0.2791185729275971,68.0,10.0,0.1470588235294118,373.0,56.0,0.1501340482573727,33.0,0.0,0.0,158.0,49.0,0.310126582278481,16.0,3.0,0.1875,809.0,185.0,0.2286773794808406,216.0,11.0,0.0509259259259259,2176.0,344.0,0.1580882352941177,308.0,11.0,0.0357142857142857,299.0,51.0,0.1705685618729097,22.0,1.0,0.0454545454545455,268.0,48.0,0.1791044776119403,69.0,3.0,0.0434782608695652,11005.0,2857.0,0.2596092685143117,2492.0,209.0,0.083868378812199,113.0,13.0,0.1150442477876106,1.0,0.0,0.0,18.0,2.0,0.1111111111111111,,,,58.0,14.0,0.2413793103448276,1.0,0.0,0.0,156.0,25.0,0.1602564102564103,29.0,1.0,0.0344827586206897,249.0,35.0,0.1405622489959839,31.0,6.0,0.1935483870967742,202.0,35.0,0.1732673267326733,45.0,0.0,0.0
2020-06-28 00:00:00,6410,1621,0.2528861154446178,499.0,23.0,0.0460921843687375,21.0,2.0,0.0952380952380952,,,,88.0,23.0,0.2613636363636364,6.0,1.0,0.1666666666666667,90.0,10.0,0.1111111111111111,2.0,0.0,0.0,19.0,7.0,0.368421052631579,3.0,0.0,0.0,328.0,68.0,0.2073170731707317,65.0,1.0,0.0153846153846154,848.0,143.0,0.1686320754716981,68.0,5.0,0.0735294117647059,48.0,9.0,0.1875,2.0,0.0,0.0,82.0,11.0,0.1341463414634147,1.0,0.0,0.0,4669.0,1314.0,0.2814307132148212,338.0,16.0,0.0473372781065089,6.0,1.0,0.1666666666666667,,,,1.0,0.0,0.0,,,,1.0,0.0,0.0,,,,30.0,3.0,0.1,7.0,0.0,0.0,49.0,12.0,0.2448979591836735,1.0,0.0,0.0,45.0,7.0,0.1555555555555556,2.0,0.0,0.0
2020-06-27 00:00:00,9603,2379,0.2477350827866292,816.0,29.0,0.0355392156862745,12.0,1.0,0.0833333333333333,1.0,0.0,0.0,77.0,27.0,0.3506493506493507,8.0,0.0,0.0,176.0,22.0,0.125,4.0,0.0,0.0,57.0,26.0,0.456140350877193,2.0,0.0,0.0,483.0,104.0,0.2153209109730849,83.0,3.0,0.036144578313253,1260.0,232.0,0.1841269841269842,109.0,4.0,0.036697247706422,59.0,14.0,0.2372881355932204,1.0,1.0,1.0,81.0,18.0,0.2222222222222222,1.0,0.0,0.0,7119.0,1894.0,0.2660486023317882,579.0,19.0,0.0328151986183074,9.0,2.0,0.2222222222222222,,,,1.0,0.0,0.0,,,,4.0,2.0,0.5,,,,29.0,5.0,0.1724137931034483,10.0,0.0,0.0,72.0,7.0,0.0972222222222222,4.0,2.0,0.5,55.0,8.0,0.1454545454545455,8.0,0.0,0.0
2020-06-26 00:00:00,15870,3384,0.2132325141776938,3488.0,214.0,0.0613532110091743,146.0,15.0,0.1027397260273973,6.0,0.0,0.0,987.0,220.0,0.2228976697061804,65.0,16.0,0.2461538461538462,351.0,31.0,0.0883190883190883,96.0,3.0,0.03125,133.0,47.0,0.3533834586466165,8.0,1.0,0.125,718.0,108.0,0.1504178272980502,224.0,7.0,0.03125,1718.0,247.0,0.1437718277066356,322.0,11.0,0.0341614906832298,304.0,31.0,0.1019736842105263,24.0,0.0,0.0,298.0,71.0,0.238255033557047,38.0,1.0,0.0263157894736842,10607.0,2526.0,0.2381446214763835,2580.0,171.0,0.0662790697674419,28.0,4.0,0.1428571428571429,1.0,0.0,0.0,12.0,1.0,0.0833333333333333,,,,18.0,3.0,0.1666666666666667,5.0,0.0,0.0,112.0,15.0,0.1339285714285714,29.0,1.0,0.0344827586206897,184.0,27.0,0.1467391304347826,33.0,1.0,0.0303030303030303,161.0,16.0,0.0993788819875776,28.0,1.0,0.0357142857142857
2020-06-25 00:00:00,15357,3353,0.2183369147619978,3305.0,188.0,0.0568835098335855,126.0,5.0,0.0396825396825397,12.0,0.0,0.0,808.0,205.0,0.2537128712871287,46.0,7.0,0.1521739130434783,278.0,23.0,0.0827338129496403,51.0,1.0,0.0196078431372549,163.0,60.0,0.3680981595092025,8.0,2.0,0.25,681.0,134.0,0.196769456681351,167.0,6.0,0.0359281437125749,2217.0,309.0,0.1393775372124493,242.0,12.0,0.0495867768595041,186.0,23.0,0.1236559139784946,17.0,3.0,0.1764705882352941,297.0,51.0,0.1717171717171717,58.0,4.0,0.0689655172413793,9866.0,2432.0,0.2465031421041962,2551.0,152.0,0.0595844766758134,54.0,2.0,0.037037037037037,18.0,0.0,0.0,11.0,0.0,0.0,1.0,0.0,0.0,29.0,12.0,0.4137931034482759,30.0,0.0,0.0,120.0,16.0,0.1333333333333333,8.0,0.0,0.0,158.0,26.0,0.1645569620253165,36.0,0.0,0.0,227.0,36.0,0.1585903083700441,41.0,0.0,0.0
2020-06-24 00:00:00,15086,3280,0.2174201246188519,3300.0,174.0,0.0527272727272727,135.0,7.0,0.0518518518518519,13.0,0.0,0.0,1113.0,260.0,0.2336028751123091,49.0,6.0,0.1224489795918367,247.0,31.0,0.1255060728744939,41.0,0.0,0.0,137.0,33.0,0.2408759124087592,9.0,1.0,0.1111111111111111,868.0,144.0,0.1658986175115208,174.0,6.0,0.0344827586206897,1901.0,250.0,0.1315097317201473,235.0,10.0,0.0425531914893617,308.0,38.0,0.1233766233766234,27.0,0.0,0.0,218.0,38.0,0.1743119266055046,68.0,3.0,0.0441176470588235,9530.0,2394.0,0.2512067156348374,2523.0,142.0,0.0562822037257233,43.0,5.0,0.1162790697674419,49.0,1.0,0.0204081632653061,12.0,0.0,0.0,2.0,0.0,0.0,17.0,2.0,0.1176470588235294,1.0,0.0,0.0,142.0,18.0,0.1267605633802817,25.0,0.0,0.0,170.0,18.0,0.1058823529411765,33.0,1.0,0.0303030303030303,148.0,26.0,0.1756756756756757,16.0,0.0,0.0
2020-06-23 00:00:00,14643,2985,0.2038516697398074,3431.0,206.0,0.0600408044301953,178.0,14.0,0.0786516853932584,11.0,3.0,0.2727272727272727,576.0,157.0,0.2725694444444444,116.0,19.0,0.1637931034482759,270.0,22.0,0.0814814814814815,37.0,1.0,0.027027027027027,107.0,32.0,0.2990654205607477,10.0,2.0,0.2,1005.0,144.0,0.1432835820895523,218.0,13.0,0.0596330275229358,2079.0,324.0,0.1558441558441559,405.0,64.0,0.1580246913580247,257.0,30.0,0.1167315175097276,23.0,2.0,0.0869565217391304,211.0,42.0,0.1990521327014218,54.0,2.0,0.037037037037037,9328.0,2135.0,0.2288807890222985,2396.0,96.0,0.0400667779632721,48.0,5.0,0.1041666666666667,60.0,2.0,0.0333333333333333,13.0,0.0,0.0,,,,26.0,3.0,0.1153846153846154,4.0,0.0,0.0,116.0,20.0,0.1724137931034483,21.0,0.0,0.0,191.0,22.0,0.1151832460732984,30.0,1.0,0.0333333333333333,133.0,18.0,0.1353383458646617,25.0,0.0,0.0
2020-06-22 00:00:00,13901,3031,0.2180418674915474,2733.0,115.0,0.0420783022319795,222.0,25.0,0.1126126126126126,8.0,2.0,0.25,795.0,240.0,0.3018867924528302,38.0,6.0,0.1578947368421053,358.0,32.0,0.0893854748603352,44.0,1.0,0.0227272727272727,143.0,47.0,0.3286713286713287,21.0,6.0,0.2857142857142857,779.0,148.0,0.189987163029525,193.0,2.0,0.0103626943005181,1944.0,275.0,0.1414609053497943,278.0,8.0,0.0287769784172662,270.0,56.0,0.2074074074074074,34.0,1.0,0.0294117647058824,173.0,23.0,0.1329479768786127,44.0,4.0,0.0909090909090909,8531.0,2077.0,0.243465009963662,1884.0,81.0,0.0429936305732484,66.0,15.0,0.2272727272727273,45.0,1.0,0.0222222222222222,10.0,0.0,0.0,,,,22.0,4.0,0.1818181818181818,3.0,1.0,0.3333333333333333,151.0,12.0,0.0794701986754967,19.0,1.0,0.0526315789473684,195.0,34.0,0.1743589743589744,45.0,1.0,0.0222222222222222,166.0,29.0,0.1746987951807229,37.0,0.0,0.0
2020-06-21 00:00:00,5343,1326,0.2481751824817519,633.0,30.0,0.04739336492891,5.0,2.0,0.4,2.0,0.0,0.0,48.0,19.0,0.3958333333333333,4.0,3.0,0.75,92.0,8.0,0.0869565217391304,3.0,0.0,0.0,36.0,17.0,0.4722222222222222,3.0,0.0,0.0,321.0,62.0,0.1931464174454829,76.0,0.0,0.0,1051.0,176.0,0.1674595623215985,75.0,0.0,0.0,51.0,14.0,0.2745098039215687,3.0,1.0,0.3333333333333333,38.0,10.0,0.2631578947368421,,,,3555.0,990.0,0.2784810126582279,448.0,25.0,0.0558035714285714,3.0,1.0,0.3333333333333333,,,,5.0,0.0,0.0,,,,1.0,0.0,0.0,,,,45.0,9.0,0.2,6.0,0.0,0.0,29.0,6.0,0.2068965517241379,,,,31.0,6.0,0.1935483870967742,6.0,0.0,0.0
2020-06-20 00:00:00,8700,1941,0.2231034482758621,776.0,28.0,0.0360824742268041,40.0,9.0,0.225,1.0,0.0,0.0,352.0,95.0,0.2698863636363637,2.0,0.0,0.0,175.0,31.0,0.1771428571428571,9.0,1.0,0.1111111111111111,82.0,20.0,0.2439024390243903,5.0,0.0,0.0,450.0,73.0,0.1622222222222222,78.0,4.0,0.0512820512820513,1336.0,239.0,0.1788922155688623,83.0,4.0,0.0481927710843374,103.0,12.0,0.1165048543689321,1.0,0.0,0.0,59.0,11.0,0.1864406779661017,,,,5754.0,1404.0,0.2440041710114703,576.0,17.0,0.0295138888888889,5.0,0.0,0.0,,,,4.0,1.0,0.25,,,,5.0,1.0,0.2,,,,74.0,16.0,0.2162162162162162,8.0,0.0,0.0,99.0,7.0,0.0707070707070707,4.0,1.0,0.25,93.0,8.0,0.0860215053763441,8.0,1.0,0.125
2020-06-19 00:00:00,14221,2665,0.1873989170944378,3247.0,123.0,0.0378811210348014,58.0,2.0,0.0344827586206897,2.0,0.0,0.0,843.0,177.0,0.2099644128113879,56.0,3.0,0.0535714285714286,315.0,26.0,0.0825396825396825,119.0,1.0,0.0084033613445378,169.0,41.0,0.242603550295858,20.0,3.0,0.15,892.0,135.0,0.1513452914798206,205.0,10.0,0.0487804878048781,1974.0,283.0,0.1433637284701115,351.0,15.0,0.0427350427350427,103.0,26.0,0.2524271844660194,39.0,1.0,0.0256410256410256,166.0,24.0,0.1445783132530121,54.0,1.0,0.0185185185185185,8871.0,1870.0,0.2107992334573329,2259.0,85.0,0.0376272687029659,37.0,4.0,0.1081081081081081,2.0,0.0,0.0,4.0,0.0,0.0,2.0,0.0,0.0,9.0,0.0,0.0,3.0,0.0,0.0,127.0,5.0,0.0393700787401575,29.0,0.0,0.0,146.0,18.0,0.1232876712328767,42.0,2.0,0.0476190476190476,411.0,38.0,0.0924574209245742,35.0,2.0,0.0571428571428571
2020-06-18 00:00:00,13408,2562,0.1910799522673031,2914.0,104.0,0.0356897735072066,128.0,15.0,0.1171875,4.0,0.0,0.0,1345.0,233.0,0.1732342007434945,204.0,6.0,0.0294117647058824,220.0,20.0,0.0909090909090909,42.0,0.0,0.0,151.0,42.0,0.2781456953642384,16.0,2.0,0.125,667.0,119.0,0.1784107946026987,138.0,5.0,0.036231884057971,1805.0,259.0,0.1434903047091413,244.0,11.0,0.0450819672131148,264.0,34.0,0.1287878787878788,24.0,0.0,0.0,221.0,29.0,0.1312217194570136,47.0,1.0,0.0212765957446809,7923.0,1719.0,0.2169632714880727,2088.0,76.0,0.0363984674329502,70.0,4.0,0.0571428571428571,1.0,0.0,0.0,9.0,2.0,0.2222222222222222,,,,10.0,0.0,0.0,1.0,0.0,0.0,189.0,18.0,0.0952380952380952,12.0,0.0,0.0,157.0,24.0,0.1528662420382166,34.0,2.0,0.0588235294117647,164.0,25.0,0.1524390243902439,39.0,0.0,0.0
2020-06-17 00:00:00,11814,2415,0.2044184865413916,2608.0,110.0,0.0421779141104295,90.0,2.0,0.0222222222222222,4.0,1.0,0.25,1198.0,247.0,0.2061769616026711,209.0,8.0,0.0382775119617225,163.0,17.0,0.1042944785276074,51.0,0.0,0.0,152.0,52.0,0.3421052631578948,16.0,1.0,0.0625,630.0,126.0,0.2,135.0,4.0,0.0296296296296296,1575.0,242.0,0.1536507936507937,214.0,10.0,0.0467289719626168,181.0,35.0,0.1933701657458564,28.0,1.0,0.0357142857142857,137.0,20.0,0.145985401459854,51.0,0.0,0.0,7107.0,1600.0,0.225130153369917,1751.0,82.0,0.0468303826384923,60.0,11.0,0.1833333333333333,2.0,0.0,0.0,11.0,0.0,0.0,2.0,0.0,0.0,18.0,1.0,0.0555555555555556,5.0,0.0,0.0,174.0,19.0,0.1091954022988506,14.0,0.0,0.0,137.0,9.0,0.0656934306569343,58.0,1.0,0.0172413793103448,111.0,25.0,0.2252252252252253,28.0,1.0,0.0357142857142857
2020-06-16 00:00:00,11753,2135,0.1816557474687314,3434.0,110.0,0.0320326150262085,93.0,8.0,0.0860215053763441,4.0,0.0,0.0,367.0,56.0,0.1525885558583106,80.0,2.0,0.025,221.0,23.0,0.1040723981900453,96.0,2.0,0.0208333333333333,193.0,60.0,0.3108808290155441,20.0,0.0,0.0,831.0,128.0,0.1540312876052948,274.0,5.0,0.0182481751824818,1723.0,208.0,0.1207196749854904,299.0,5.0,0.0167224080267559,169.0,29.0,0.1715976331360947,17.0,0.0,0.0,150.0,11.0,0.0733333333333333,49.0,3.0,0.0612244897959184,7278.0,1531.0,0.2103599890079692,2436.0,87.0,0.0357142857142857,53.0,6.0,0.1132075471698113,8.0,2.0,0.25,11.0,1.0,0.0909090909090909,1.0,0.0,0.0,16.0,1.0,0.0625,7.0,1.0,0.1428571428571429,207.0,21.0,0.1014492753623189,25.0,0.0,0.0,101.0,10.0,0.099009900990099,53.0,2.0,0.0377358490566038,252.0,19.0,0.0753968253968254,32.0,0.0,0.0
2020-06-15 00:00:00,11434,2075,0.1814762987580899,2606.0,88.0,0.0337682271680737,118.0,19.0,0.1610169491525424,5.0,0.0,0.0,1085.0,214.0,0.1972350230414747,28.0,0.0,0.0,215.0,11.0,0.0511627906976744,43.0,0.0,0.0,185.0,61.0,0.3297297297297298,21.0,1.0,0.0476190476190476,485.0,105.0,0.2164948453608248,195.0,3.0,0.0153846153846154,1749.0,232.0,0.1326472269868496,417.0,12.0,0.0287769784172662,260.0,51.0,0.1961538461538462,17.0,1.0,0.0588235294117647,131.0,17.0,0.1297709923664122,32.0,0.0,0.0,6693.0,1307.0,0.1952786493351263,1735.0,66.0,0.0380403458213257,48.0,5.0,0.1041666666666667,8.0,0.0,0.0,5.0,0.0,0.0,,,,16.0,0.0,0.0,3.0,0.0,0.0,77.0,7.0,0.0909090909090909,15.0,1.0,0.0666666666666667,142.0,13.0,0.0915492957746479,35.0,1.0,0.0285714285714286,133.0,20.0,0.1503759398496241,25.0,3.0,0.12
2020-06-14 00:00:00,4158,777,0.1868686868686869,611.0,14.0,0.0229132569558101,38.0,7.0,0.1842105263157895,1.0,0.0,0.0,49.0,14.0,0.2857142857142857,2.0,0.0,0.0,54.0,1.0,0.0185185185185185,6.0,0.0,0.0,41.0,8.0,0.1951219512195122,3.0,0.0,0.0,256.0,47.0,0.18359375,53.0,2.0,0.0377358490566038,741.0,97.0,0.1309041835357625,95.0,1.0,0.0105263157894737,36.0,10.0,0.2777777777777778,,,,37.0,7.0,0.1891891891891892,2.0,0.0,0.0,2741.0,572.0,0.2086829624224736,423.0,11.0,0.0260047281323877,3.0,0.0,0.0,1.0,0.0,0.0,3.0,0.0,0.0,,,,2.0,0.0,0.0,,,,71.0,1.0,0.0140845070422535,12.0,0.0,0.0,21.0,4.0,0.1904761904761905,1.0,0.0,0.0,29.0,4.0,0.1379310344827586,4.0,0.0,0.0
2020-06-13 00:00:00,6560,1205,0.1836890243902439,807.0,20.0,0.0247831474597274,41.0,8.0,0.1951219512195122,,,,1216.0,217.0,0.1784539473684211,,,,91.0,2.0,0.021978021978022,3.0,0.0,0.0,99.0,33.0,0.3333333333333333,,,,273.0,46.0,0.1684981684981685,86.0,1.0,0.0116279069767442,855.0,154.0,0.1801169590643275,122.0,3.0,0.0245901639344262,39.0,11.0,0.2820512820512821,3.0,1.0,0.3333333333333333,28.0,1.0,0.0357142857142857,,,,3554.0,708.0,0.1992121553179516,563.0,15.0,0.0266429840142096,2.0,2.0,1.0,,,,7.0,0.0,0.0,,,,136.0,1.0,0.0073529411764706,1.0,0.0,0.0,107.0,9.0,0.0841121495327103,7.0,0.0,0.0,30.0,1.0,0.0333333333333333,4.0,0.0,0.0,41.0,5.0,0.1219512195121951,7.0,0.0,0.0
2020-06-12 00:00:00,11194,1684,0.1504377345006253,2838.0,90.0,0.0317124735729387,205.0,9.0,0.0439024390243902,9.0,0.0,0.0,967.0,157.0,0.1623578076525336,47.0,5.0,0.1063829787234043,234.0,4.0,0.0170940170940171,88.0,1.0,0.0113636363636364,196.0,57.0,0.2908163265306123,32.0,0.0,0.0,590.0,111.0,0.188135593220339,196.0,6.0,0.0306122448979592,1259.0,159.0,0.1262907069102462,317.0,8.0,0.0252365930599369,190.0,33.0,0.1736842105263158,23.0,0.0,0.0,164.0,24.0,0.1463414634146342,68.0,2.0,0.0294117647058824,6628.0,1056.0,0.1593240796620398,1919.0,60.0,0.0312662845231892,52.0,7.0,0.1346153846153846,8.0,0.0,0.0,4.0,0.0,0.0,1.0,0.0,0.0,9.0,0.0,0.0,5.0,0.0,0.0,46.0,0.0,0.0,21.0,3.0,0.1428571428571429,109.0,11.0,0.1009174311926606,30.0,2.0,0.0666666666666667,466.0,47.0,0.1008583690987125,43.0,1.0,0.0232558139534884
2020-06-11 00:00:00,9863,1489,0.1509682652337017,3258.0,107.0,0.0328422344996931,109.0,6.0,0.055045871559633,8.0,2.0,0.25,968.0,142.0,0.1466942148760331,65.0,4.0,0.0615384615384615,216.0,7.0,0.0324074074074074,37.0,1.0,0.027027027027027,196.0,43.0,0.2193877551020408,32.0,5.0,0.15625,454.0,69.0,0.1519823788546256,187.0,7.0,0.0374331550802139,1117.0,121.0,0.108325872873769,255.0,5.0,0.0196078431372549,359.0,38.0,0.105849582172702,40.0,1.0,0.025,120.0,12.0,0.1,78.0,1.0,0.0128205128205128,5878.0,1014.0,0.1725076556651923,1950.0,71.0,0.0364102564102564,107.0,1.0,0.0093457943925234,231.0,6.0,0.025974025974026,1.0,0.0,0.0,3.0,0.0,0.0,10.0,1.0,0.1,74.0,0.0,0.0,53.0,10.0,0.1886792452830189,118.0,0.0,0.0,102.0,7.0,0.0686274509803922,109.0,1.0,0.0091743119266055,85.0,11.0,0.1294117647058824,30.0,1.0,0.0333333333333333
2020-06-10 00:00:00,9952,1448,0.1454983922829582,3169.0,96.0,0.0302934679709688,134.0,10.0,0.0746268656716418,7.0,1.0,0.1428571428571429,847.0,168.0,0.1983471074380165,48.0,8.0,0.1666666666666667,158.0,6.0,0.0379746835443038,45.0,0.0,0.0,224.0,80.0,0.3571428571428572,26.0,1.0,0.0384615384615385,891.0,67.0,0.0751964085297419,387.0,11.0,0.0284237726098191,1238.0,152.0,0.1227786752827141,448.0,21.0,0.046875,187.0,27.0,0.1443850267379679,16.0,1.0,0.0625,127.0,7.0,0.0551181102362205,58.0,3.0,0.0517241379310345,5578.0,895.0,0.1604517748296881,1700.0,44.0,0.0258823529411765,189.0,10.0,0.0529100529100529,199.0,3.0,0.0150753768844221,11.0,0.0,0.0,1.0,0.0,0.0,16.0,0.0,0.0,5.0,0.0,0.0,50.0,5.0,0.1,43.0,0.0,0.0,99.0,6.0,0.0606060606060606,19.0,0.0,0.0,137.0,12.0,0.0875912408759124,127.0,1.0,0.0078740157480315
2020-06-09 00:00:00,10399,1466,0.1409750937590153,3116.0,112.0,0.0359435173299101,144.0,16.0,0.1111111111111111,9.0,0.0,0.0,842.0,177.0,0.2102137767220903,109.0,1.0,0.0091743119266055,219.0,4.0,0.0182648401826484,84.0,0.0,0.0,221.0,73.0,0.330316742081448,38.0,4.0,0.1052631578947368,1486.0,151.0,0.1016150740242261,162.0,4.0,0.0246913580246914,1248.0,158.0,0.1266025641025641,340.0,11.0,0.0323529411764706,155.0,30.0,0.1935483870967742,20.0,2.0,0.1,120.0,7.0,0.0583333333333333,55.0,1.0,0.0181818181818182,5416.0,802.0,0.1480797636632201,1981.0,81.0,0.0408884401817264,20.0,1.0,0.05,5.0,0.0,0.0,3.0,0.0,0.0,4.0,0.0,0.0,34.0,0.0,0.0,108.0,1.0,0.0092592592592593,54.0,3.0,0.0555555555555556,105.0,3.0,0.0285714285714286,78.0,5.0,0.0641025641025641,30.0,3.0,0.1,276.0,24.0,0.0869565217391304,25.0,0.0,0.0
2020-06-08 00:00:00,9398,1357,0.144392423919983,3083.0,122.0,0.0395718456049303,117.0,8.0,0.0683760683760684,10.0,2.0,0.2,946.0,176.0,0.186046511627907,93.0,5.0,0.0537634408602151,243.0,12.0,0.0493827160493827,37.0,1.0,0.027027027027027,211.0,72.0,0.3412322274881517,25.0,2.0,0.08,534.0,74.0,0.1385767790262172,177.0,8.0,0.0451977401129944,1249.0,120.0,0.0960768614891914,469.0,36.0,0.0767590618336887,185.0,33.0,0.1783783783783784,90.0,2.0,0.0222222222222222,196.0,7.0,0.0357142857142857,43.0,1.0,0.0232558139534884,5330.0,824.0,0.1545966228893058,1921.0,60.0,0.0312337324310255,25.0,8.0,0.32,6.0,0.0,0.0,15.0,0.0,0.0,3.0,0.0,0.0,19.0,1.0,0.0526315789473684,2.0,0.0,0.0,52.0,2.0,0.0384615384615385,108.0,3.0,0.0277777777777778,98.0,8.0,0.0816326530612245,33.0,1.0,0.0303030303030303,87.0,6.0,0.0689655172413793,31.0,0.0,0.0
2020-06-07 00:00:00,3160,532,0.1683544303797469,586.0,13.0,0.0221843003412969,27.0,5.0,0.1851851851851852,,,,36.0,14.0,0.3888888888888889,3.0,0.0,0.0,45.0,3.0,0.0666666666666667,3.0,0.0,0.0,75.0,27.0,0.36,2.0,0.0,0.0,147.0,12.0,0.0816326530612245,59.0,1.0,0.0169491525423729,496.0,67.0,0.1350806451612903,78.0,1.0,0.0128205128205128,31.0,13.0,0.4193548387096775,,,,19.0,4.0,0.2105263157894737,1.0,0.0,0.0,2171.0,382.0,0.1759557807461999,366.0,10.0,0.0273224043715847,3.0,0.0,0.0,1.0,0.0,0.0,11.0,0.0,0.0,,,,5.0,0.0,0.0,2.0,0.0,0.0,21.0,0.0,0.0,10.0,0.0,0.0,24.0,1.0,0.0416666666666667,50.0,1.0,0.02,19.0,2.0,0.1052631578947368,4.0,0.0,0.0
2020-06-06 00:00:00,4056,614,0.1513806706114399,973.0,54.0,0.0554984583761562,43.0,3.0,0.0697674418604651,1.0,0.0,0.0,84.0,25.0,0.2976190476190476,2.0,2.0,1.0,43.0,1.0,0.0232558139534884,1.0,0.0,0.0,98.0,36.0,0.3673469387755102,6.0,0.0,0.0,202.0,18.0,0.0891089108910891,85.0,3.0,0.0352941176470588,634.0,87.0,0.137223974763407,266.0,7.0,0.0263157894736842,47.0,12.0,0.2553191489361702,1.0,0.0,0.0,63.0,17.0,0.2698412698412699,27.0,12.0,0.4444444444444444,2723.0,406.0,0.1491002570694088,547.0,30.0,0.0548446069469835,1.0,0.0,0.0,1.0,0.0,0.0,,,,,,,1.0,1.0,1.0,,,,27.0,1.0,0.037037037037037,16.0,0.0,0.0,31.0,4.0,0.1290322580645161,3.0,0.0,0.0,24.0,1.0,0.0416666666666667,10.0,0.0,0.0
2020-06-05 00:00:00,8891,1020,0.1147227533460803,3155.0,108.0,0.0342313787638669,99.0,12.0,0.1212121212121212,11.0,1.0,0.0909090909090909,768.0,150.0,0.1953125,71.0,0.0,0.0,255.0,9.0,0.0352941176470588,111.0,1.0,0.009009009009009,171.0,44.0,0.2573099415204678,29.0,0.0,0.0,496.0,53.0,0.1068548387096774,181.0,14.0,0.0773480662983425,1354.0,106.0,0.0782865583456425,306.0,5.0,0.0163398692810458,131.0,29.0,0.2213740458015267,21.0,1.0,0.0476190476190476,228.0,8.0,0.0350877192982456,183.0,10.0,0.0546448087431694,4830.0,574.0,0.1188405797101449,2116.0,74.0,0.0349716446124764,136.0,10.0,0.0735294117647059,10.0,0.0,0.0,13.0,0.0,0.0,3.0,0.0,0.0,11.0,0.0,0.0,4.0,0.0,0.0,31.0,3.0,0.0967741935483871,16.0,0.0,0.0,99.0,8.0,0.0808080808080808,32.0,1.0,0.03125,192.0,10.0,0.0520833333333333,31.0,1.0,0.032258064516129
2020-06-04 00:00:00,7317,940,0.1284679513461801,3087.0,180.0,0.0583090379008746,90.0,18.0,0.2,7.0,0.0,0.0,712.0,141.0,0.1980337078651686,102.0,1.0,0.0098039215686275,169.0,4.0,0.0236686390532544,39.0,2.0,0.0512820512820513,137.0,47.0,0.343065693430657,13.0,0.0,0.0,404.0,34.0,0.0841584158415842,134.0,4.0,0.0298507462686567,1214.0,111.0,0.0914332784184514,415.0,41.0,0.0987951807228916,123.0,25.0,0.2032520325203252,24.0,0.0,0.0,104.0,9.0,0.0865384615384615,52.0,2.0,0.0384615384615385,3966.0,523.0,0.1318709026727181,2101.0,126.0,0.0599714421703951,29.0,7.0,0.2413793103448276,3.0,0.0,0.0,8.0,0.0,0.0,2.0,0.0,0.0,14.0,0.0,0.0,36.0,0.0,0.0,62.0,1.0,0.0161290322580645,9.0,0.0,0.0,64.0,6.0,0.09375,103.0,1.0,0.0097087378640777,152.0,8.0,0.0526315789473684,29.0,1.0,0.0344827586206897
2020-06-03 00:00:00,7144,982,0.137458006718925,3039.0,97.0,0.0319183942086213,89.0,15.0,0.1685393258426966,11.0,0.0,0.0,888.0,155.0,0.1745495495495496,193.0,5.0,0.0259067357512953,108.0,1.0,0.0092592592592593,68.0,1.0,0.0147058823529412,116.0,36.0,0.3103448275862069,12.0,0.0,0.0,324.0,34.0,0.1049382716049383,146.0,5.0,0.0342465753424658,1055.0,98.0,0.0928909952606635,443.0,12.0,0.0270880361173815,112.0,22.0,0.1964285714285714,35.0,5.0,0.1428571428571429,242.0,8.0,0.0330578512396694,41.0,3.0,0.0731707317073171,3878.0,588.0,0.1516245487364621,1845.0,63.0,0.0341463414634146,20.0,3.0,0.15,5.0,0.0,0.0,14.0,1.0,0.0714285714285714,,,,3.0,0.0,0.0,1.0,0.0,0.0,36.0,2.0,0.0555555555555556,39.0,1.0,0.0256410256410256,81.0,5.0,0.0617283950617284,80.0,2.0,0.025,93.0,7.0,0.0752688172043011,89.0,0.0,0.0
2020-06-02 00:00:00,7338,938,0.127827745979831,3555.0,94.0,0.0264416315049226,123.0,14.0,0.1138211382113821,5.0,1.0,0.2,899.0,152.0,0.1690767519466074,171.0,6.0,0.0350877192982456,168.0,4.0,0.0238095238095238,87.0,0.0,0.0,96.0,44.0,0.4583333333333334,17.0,0.0,0.0,344.0,52.0,0.1511627906976744,198.0,4.0,0.0202020202020202,949.0,82.0,0.0864067439409905,314.0,5.0,0.0159235668789809,149.0,34.0,0.2281879194630873,26.0,2.0,0.0769230769230769,225.0,22.0,0.0977777777777778,48.0,0.0,0.0,3991.0,494.0,0.1237785016286645,2415.0,71.0,0.0293995859213251,114.0,20.0,0.1754385964912281,5.0,0.0,0.0,4.0,0.0,0.0,3.0,0.0,0.0,13.0,0.0,0.0,41.0,0.0,0.0,34.0,1.0,0.0294117647058824,22.0,1.0,0.0454545454545455,60.0,7.0,0.1166666666666667,88.0,2.0,0.0227272727272727,75.0,6.0,0.08,45.0,0.0,0.0
2020-06-01 00:00:00,7172,824,0.1148912437255996,3843.0,106.0,0.0275826177465522,132.0,19.0,0.143939393939394,8.0,2.0,0.25,811.0,152.0,0.187422934648582,53.0,0.0,0.0,154.0,2.0,0.012987012987013,199.0,5.0,0.0251256281407035,98.0,37.0,0.3775510204081633,11.0,0.0,0.0,367.0,29.0,0.0790190735694823,200.0,4.0,0.02,1124.0,67.0,0.0596085409252669,446.0,8.0,0.0179372197309417,150.0,21.0,0.14,41.0,0.0,0.0,112.0,20.0,0.1785714285714286,52.0,1.0,0.0192307692307692,3866.0,445.0,0.1151060527677186,2678.0,85.0,0.0317401045556385,51.0,8.0,0.1568627450980392,15.0,0.0,0.0,9.0,0.0,0.0,4.0,0.0,0.0,13.0,0.0,0.0,4.0,0.0,0.0,44.0,1.0,0.0227272727272727,16.0,0.0,0.0,97.0,13.0,0.134020618556701,37.0,1.0,0.027027027027027,70.0,4.0,0.0571428571428571,28.0,0.0,0.0
2020-05-31 00:00:00,2209,274,0.1240380262562245,698.0,10.0,0.0143266475644699,27.0,6.0,0.2222222222222222,,,,19.0,8.0,0.4210526315789474,2.0,0.0,0.0,34.0,0.0,0.0,2.0,0.0,0.0,25.0,5.0,0.2,2.0,0.0,0.0,152.0,16.0,0.1052631578947368,69.0,2.0,0.0289855072463768,424.0,34.0,0.080188679245283,77.0,1.0,0.012987012987013,36.0,14.0,0.3888888888888889,2.0,1.0,0.5,48.0,5.0,0.1041666666666667,1.0,0.0,0.0,1369.0,181.0,0.1322132943754565,526.0,5.0,0.0095057034220532,1.0,0.0,0.0,,,,4.0,0.0,0.0,,,,6.0,1.0,0.1666666666666667,,,,18.0,1.0,0.0555555555555556,11.0,0.0,0.0,13.0,0.0,0.0,,,,12.0,0.0,0.0,3.0,0.0,0.0
2020-05-30 00:00:00,6617,566,0.0855372525313586,1782.0,40.0,0.0224466891133558,50.0,7.0,0.14,,,,466.0,92.0,0.1974248927038627,190.0,4.0,0.0210526315789474,300.0,2.0,0.0066666666666667,1.0,0.0,0.0,46.0,10.0,0.2173913043478261,8.0,0.0,0.0,263.0,14.0,0.0532319391634981,141.0,0.0,0.0,1286.0,106.0,0.0824261275272162,113.0,2.0,0.0176991150442478,49.0,8.0,0.163265306122449,3.0,1.0,0.3333333333333333,45.0,3.0,0.0666666666666667,,,,3272.0,302.0,0.0922982885085575,1212.0,32.0,0.0264026402640264,62.0,0.0,0.0,2.0,0.0,0.0,1.0,0.0,0.0,,,,3.0,0.0,0.0,,,,170.0,6.0,0.0352941176470588,14.0,0.0,0.0,25.0,3.0,0.12,5.0,1.0,0.2,526.0,12.0,0.0228136882129278,80.0,0.0,0.0
2020-05-29 00:00:00,7621,653,0.0856842933998163,3512.0,128.0,0.0364464692482916,88.0,15.0,0.1704545454545455,10.0,0.0,0.0,599.0,109.0,0.1819699499165276,62.0,1.0,0.0161290322580645,169.0,2.0,0.0118343195266272,38.0,1.0,0.0263157894736842,73.0,13.0,0.1780821917808219,11.0,0.0,0.0,378.0,27.0,0.0714285714285714,300.0,29.0,0.0966666666666667,1028.0,62.0,0.0603112840466926,421.0,17.0,0.0403800475059382,183.0,17.0,0.092896174863388,46.0,0.0,0.0,134.0,6.0,0.0447761194029851,74.0,0.0,0.0,3866.0,351.0,0.0907915157785825,2327.0,76.0,0.0326600773528148,259.0,15.0,0.0579150579150579,7.0,0.0,0.0,28.0,2.0,0.0714285714285714,2.0,0.0,0.0,14.0,0.0,0.0,7.0,0.0,0.0,109.0,1.0,0.0091743119266055,98.0,1.0,0.0102040816326531,512.0,24.0,0.046875,29.0,0.0,0.0,110.0,5.0,0.0454545454545455,23.0,0.0,0.0
2020-05-28 00:00:00,6398,574,0.0897155361050328,3518.0,111.0,0.0315520181921546,130.0,13.0,0.1,11.0,0.0,0.0,632.0,92.0,0.1455696202531646,373.0,13.0,0.0348525469168901,117.0,2.0,0.0170940170940171,52.0,1.0,0.0192307692307692,79.0,23.0,0.2911392405063291,19.0,0.0,0.0,311.0,20.0,0.0643086816720257,152.0,6.0,0.0394736842105263,955.0,59.0,0.0617801047120419,345.0,14.0,0.0405797101449275,299.0,25.0,0.0836120401337793,42.0,2.0,0.0476190476190476,111.0,15.0,0.1351351351351352,52.0,0.0,0.0,3254.0,300.0,0.0921942224953903,2047.0,62.0,0.0302882266731803,71.0,4.0,0.0563380281690141,9.0,0.0,0.0,5.0,1.0,0.2,2.0,0.0,0.0,18.0,3.0,0.1666666666666667,3.0,0.0,0.0,85.0,2.0,0.0235294117647059,77.0,0.0,0.0,77.0,6.0,0.0779220779220779,44.0,4.0,0.0909090909090909,201.0,4.0,0.0199004975124378,176.0,5.0,0.0284090909090909
2020-05-27 00:00:00,5366,573,0.1067834513604175,3589.0,125.0,0.0348286430760658,141.0,10.0,0.0709219858156028,9.0,0.0,0.0,718.0,160.0,0.222841225626741,96.0,4.0,0.0416666666666667,127.0,3.0,0.0236220472440945,93.0,1.0,0.010752688172043,97.0,29.0,0.2989690721649485,17.0,0.0,0.0,308.0,10.0,0.0324675324675325,162.0,3.0,0.0185185185185185,820.0,62.0,0.075609756097561,491.0,28.0,0.0570264765784114,198.0,29.0,0.1464646464646465,102.0,7.0,0.0686274509803922,120.0,15.0,0.125,60.0,1.0,0.0166666666666667,2543.0,231.0,0.0908375933936296,2273.0,74.0,0.0325560932688077,16.0,4.0,0.25,8.0,0.0,0.0,9.0,1.0,0.1111111111111111,4.0,0.0,0.0,11.0,1.0,0.0909090909090909,10.0,0.0,0.0,73.0,0.0,0.0,64.0,0.0,0.0,71.0,8.0,0.1126760563380282,39.0,1.0,0.0256410256410256,73.0,6.0,0.0821917808219178,51.0,1.0,0.0196078431372549
2020-05-26 00:00:00,5709,520,0.0910842529339639,3758.0,80.0,0.0212879191059074,118.0,17.0,0.1440677966101695,10.0,0.0,0.0,388.0,65.0,0.1675257731958763,114.0,2.0,0.0175438596491228,213.0,0.0,0.0,100.0,0.0,0.0,88.0,30.0,0.3409090909090909,24.0,0.0,0.0,256.0,27.0,0.10546875,189.0,2.0,0.0105820105820106,889.0,55.0,0.061867266591676,390.0,12.0,0.0307692307692308,432.0,35.0,0.0810185185185185,74.0,2.0,0.027027027027027,122.0,13.0,0.1065573770491803,75.0,0.0,0.0,2836.0,248.0,0.0874471086036671,2398.0,53.0,0.0221017514595496,11.0,1.0,0.0909090909090909,9.0,0.0,0.0,9.0,0.0,0.0,1.0,0.0,0.0,13.0,3.0,0.2307692307692308,16.0,0.0,0.0,89.0,0.0,0.0,163.0,1.0,0.0061349693251534,122.0,19.0,0.1557377049180328,52.0,3.0,0.0576923076923077,55.0,1.0,0.0181818181818182,48.0,0.0,0.0
2020-05-25 00:00:00,1853,187,0.1009174311926606,499.0,9.0,0.0180360721442886,38.0,13.0,0.3421052631578948,2.0,0.0,0.0,32.0,20.0,0.625,2.0,0.0,0.0,36.0,0.0,0.0,3.0,0.0,0.0,23.0,12.0,0.5217391304347826,4.0,0.0,0.0,106.0,6.0,0.0566037735849057,57.0,0.0,0.0,357.0,36.0,0.1008403361344538,66.0,1.0,0.0151515151515152,48.0,7.0,0.1458333333333334,2.0,2.0,1.0,59.0,5.0,0.0847457627118644,1.0,0.0,0.0,1063.0,82.0,0.077140169332079,342.0,6.0,0.0175438596491228,4.0,0.0,0.0,,,,,,,,,,,,,,,,14.0,0.0,0.0,9.0,0.0,0.0,21.0,3.0,0.1428571428571429,2.0,0.0,0.0,16.0,2.0,0.125,3.0,0.0,0.0
2020-05-24 00:00:00,2191,201,0.091738931994523,630.0,12.0,0.0190476190476191,29.0,13.0,0.4482758620689655,,,,32.0,13.0,0.40625,1.0,0.0,0.0,173.0,0.0,0.0,8.0,0.0,0.0,26.0,9.0,0.3461538461538462,2.0,0.0,0.0,132.0,9.0,0.0681818181818182,60.0,1.0,0.0166666666666667,435.0,32.0,0.0735632183908046,76.0,1.0,0.0131578947368421,32.0,15.0,0.46875,2.0,1.0,0.5,43.0,5.0,0.1162790697674419,,,,1187.0,98.0,0.0825610783487784,444.0,7.0,0.0157657657657658,5.0,0.0,0.0,,,,,,,,,,1.0,0.0,0.0,1.0,0.0,0.0,19.0,0.0,0.0,13.0,0.0,0.0,28.0,5.0,0.1785714285714286,4.0,2.0,0.5,21.0,0.0,0.0,9.0,0.0,0.0
2020-05-23 00:00:00,4027,243,0.0603426868636702,2085.0,47.0,0.0225419664268585,22.0,4.0,0.1818181818181818,3.0,0.0,0.0,348.0,35.0,0.1005747126436782,6.0,0.0,0.0,162.0,2.0,0.0123456790123457,37.0,2.0,0.0540540540540541,35.0,16.0,0.4571428571428572,1.0,0.0,0.0,207.0,10.0,0.0483091787439614,164.0,2.0,0.0121951219512195,487.0,36.0,0.0739219712525667,107.0,1.0,0.0093457943925234,32.0,2.0,0.0625,3.0,0.0,0.0,160.0,4.0,0.025,2.0,0.0,0.0,2437.0,129.0,0.0529339351661879,1693.0,39.0,0.0230360307147076,7.0,1.0,0.1428571428571429,,,,,,,,,,4.0,1.0,0.25,1.0,0.0,0.0,28.0,0.0,0.0,19.0,2.0,0.1052631578947368,27.0,3.0,0.1111111111111111,4.0,1.0,0.25,22.0,0.0,0.0,9.0,0.0,0.0
2020-05-22 00:00:00,5261,341,0.0648165747956662,3832.0,92.0,0.0240083507306889,84.0,13.0,0.1547619047619048,11.0,0.0,0.0,447.0,61.0,0.1364653243847875,101.0,6.0,0.0594059405940594,207.0,1.0,0.0048309178743961,91.0,0.0,0.0,49.0,13.0,0.2653061224489796,15.0,0.0,0.0,207.0,7.0,0.0338164251207729,183.0,3.0,0.0163934426229508,760.0,36.0,0.0473684210526316,330.0,7.0,0.0212121212121212,172.0,32.0,0.186046511627907,34.0,1.0,0.0294117647058824,269.0,22.0,0.0817843866171004,83.0,3.0,0.036144578313253,2809.0,139.0,0.0494838020647917,2770.0,66.0,0.023826714801444,8.0,0.0,0.0,12.0,0.0,0.0,3.0,0.0,0.0,3.0,0.0,0.0,8.0,0.0,0.0,20.0,0.0,0.0,12.0,0.0,0.0,16.0,0.0,0.0,96.0,12.0,0.125,56.0,1.0,0.0178571428571429,72.0,3.0,0.0416666666666667,21.0,0.0,0.0
2020-05-21 00:00:00,5061,341,0.0673779885398143,3947.0,77.0,0.0195084874588295,79.0,17.0,0.2151898734177215,24.0,0.0,0.0,487.0,87.0,0.1786447638603696,52.0,3.0,0.0576923076923077,172.0,0.0,0.0,116.0,0.0,0.0,55.0,11.0,0.2,29.0,1.0,0.0344827586206897,206.0,11.0,0.0533980582524272,176.0,4.0,0.0227272727272727,648.0,25.0,0.0385802469135802,322.0,4.0,0.0124223602484472,352.0,20.0,0.0568181818181818,154.0,4.0,0.025974025974026,120.0,7.0,0.0583333333333333,73.0,0.0,0.0,2640.0,147.0,0.0556818181818182,2605.0,57.0,0.0218809980806142,9.0,1.0,0.1111111111111111,6.0,0.0,0.0,5.0,0.0,0.0,3.0,0.0,0.0,6.0,1.0,0.1666666666666667,17.0,0.0,0.0,85.0,1.0,0.0117647058823529,110.0,0.0,0.0,75.0,12.0,0.16,48.0,1.0,0.0208333333333333,61.0,1.0,0.0163934426229508,54.0,0.0,0.0
2020-05-20 00:00:00,4076,321,0.0787536800785084,4212.0,105.0,0.0249287749287749,90.0,16.0,0.1777777777777778,20.0,0.0,0.0,309.0,60.0,0.1941747572815534,81.0,6.0,0.0740740740740741,107.0,1.0,0.0093457943925234,80.0,0.0,0.0,83.0,37.0,0.4457831325301205,47.0,0.0,0.0,158.0,10.0,0.0632911392405063,171.0,5.0,0.0292397660818713,633.0,29.0,0.0458135860979463,363.0,9.0,0.0247933884297521,84.0,14.0,0.1666666666666667,43.0,1.0,0.0232558139534884,78.0,6.0,0.0769230769230769,84.0,3.0,0.0357142857142857,2108.0,130.0,0.0616698292220114,2688.0,69.0,0.0256696428571429,38.0,0.0,0.0,193.0,1.0,0.0051813471502591,9.0,1.0,0.1111111111111111,3.0,0.0,0.0,3.0,0.0,0.0,23.0,0.0,0.0,49.0,0.0,0.0,114.0,1.0,0.0087719298245614,127.0,8.0,0.062992125984252,45.0,1.0,0.0222222222222222,134.0,7.0,0.0522388059701493,54.0,1.0,0.0185185185185185
2020-05-19 00:00:00,4914,263,0.0535205535205535,4290.0,116.0,0.027039627039627,71.0,8.0,0.1126760563380282,13.0,2.0,0.1538461538461539,227.0,34.0,0.1497797356828194,107.0,3.0,0.0280373831775701,135.0,1.0,0.0074074074074074,67.0,0.0,0.0,79.0,16.0,0.2025316455696203,52.0,0.0,0.0,226.0,16.0,0.0707964601769912,224.0,3.0,0.0133928571428571,733.0,33.0,0.0450204638472033,392.0,13.0,0.0331632653061225,203.0,12.0,0.0591133004926108,51.0,0.0,0.0,86.0,3.0,0.0348837209302326,71.0,3.0,0.0422535211267606,2431.0,123.0,0.0505964623611682,3001.0,87.0,0.0289903365544818,10.0,1.0,0.1,8.0,1.0,0.125,9.0,0.0,0.0,3.0,0.0,0.0,10.0,1.0,0.1,14.0,0.0,0.0,79.0,0.0,0.0,80.0,0.0,0.0,519.0,12.0,0.023121387283237,50.0,0.0,0.0,32.0,1.0,0.03125,52.0,1.0,0.0192307692307692
2020-05-18 00:00:00,5364,369,0.0687919463087248,4459.0,117.0,0.0262390670553936,47.0,4.0,0.0851063829787234,10.0,0.0,0.0,269.0,36.0,0.1338289962825279,73.0,1.0,0.0136986301369863,141.0,3.0,0.0212765957446809,59.0,2.0,0.0338983050847458,50.0,18.0,0.36,61.0,1.0,0.0163934426229508,280.0,12.0,0.0428571428571429,250.0,5.0,0.02,805.0,41.0,0.0509316770186335,440.0,9.0,0.0204545454545455,77.0,13.0,0.1688311688311688,77.0,0.0,0.0,75.0,1.0,0.0133333333333333,102.0,5.0,0.0490196078431373,3267.0,224.0,0.0685644322007958,3015.0,88.0,0.0291873963515755,6.0,1.0,0.1666666666666667,8.0,0.0,0.0,7.0,0.0,0.0,1.0,0.0,0.0,8.0,0.0,0.0,19.0,0.0,0.0,28.0,2.0,0.0714285714285714,63.0,1.0,0.0158730158730159,102.0,8.0,0.0784313725490196,75.0,1.0,0.0133333333333333,41.0,1.0,0.024390243902439,32.0,0.0,0.0
2020-05-17 00:00:00,2302,89,0.0386620330147698,1175.0,12.0,0.0102127659574468,14.0,1.0,0.0714285714285714,3.0,0.0,0.0,24.0,7.0,0.2916666666666667,3.0,0.0,0.0,40.0,0.0,0.0,7.0,0.0,0.0,13.0,1.0,0.0769230769230769,1.0,0.0,0.0,154.0,1.0,0.0064935064935065,114.0,2.0,0.0175438596491228,312.0,14.0,0.0448717948717949,69.0,0.0,0.0,22.0,7.0,0.3181818181818182,1.0,0.0,0.0,36.0,1.0,0.0277777777777778,,,,1486.0,50.0,0.0336473755047106,941.0,9.0,0.0095642933049947,4.0,0.0,0.0,2.0,0.0,0.0,2.0,1.0,0.5,,,,2.0,0.0,0.0,1.0,0.0,0.0,106.0,1.0,0.0094339622641509,8.0,0.0,0.0,27.0,1.0,0.037037037037037,4.0,0.0,0.0,10.0,0.0,0.0,7.0,0.0,0.0
2020-05-16 00:00:00,8213,346,0.042128333130403,1660.0,34.0,0.0204819277108434,46.0,5.0,0.108695652173913,2.0,0.0,0.0,718.0,64.0,0.0891364902506964,1.0,0.0,0.0,627.0,2.0,0.0031897926634769,6.0,0.0,0.0,35.0,8.0,0.2285714285714286,3.0,0.0,0.0,265.0,6.0,0.0226415094339623,122.0,2.0,0.0163934426229508,1091.0,33.0,0.0302474793767186,95.0,3.0,0.0315789473684211,128.0,17.0,0.1328125,2.0,0.0,0.0,196.0,1.0,0.0051020408163265,1.0,0.0,0.0,4458.0,191.0,0.0428443248093315,1382.0,28.0,0.020260492040521,22.0,2.0,0.0909090909090909,,,,,,,,,,1.0,0.0,0.0,,,,17.0,0.0,0.0,14.0,0.0,0.0,126.0,9.0,0.0714285714285714,6.0,0.0,0.0,400.0,3.0,0.0075,9.0,0.0,0.0
2020-05-15 00:00:00,6354,373,0.0587031790997797,4352.0,127.0,0.0291819852941177,169.0,7.0,0.0414201183431953,4.0,0.0,0.0,384.0,30.0,0.078125,70.0,3.0,0.0428571428571429,202.0,4.0,0.0198019801980198,143.0,0.0,0.0,24.0,12.0,0.5,5.0,0.0,0.0,266.0,12.0,0.0451127819548872,239.0,11.0,0.0460251046025105,751.0,32.0,0.0426098535286285,413.0,16.0,0.0387409200968523,148.0,13.0,0.0878378378378378,17.0,2.0,0.1176470588235294,125.0,7.0,0.056,103.0,3.0,0.029126213592233,3417.0,213.0,0.0623353819139596,3138.0,84.0,0.0267686424474187,18.0,0.0,0.0,6.0,0.0,0.0,3.0,0.0,0.0,3.0,0.0,0.0,7.0,0.0,0.0,2.0,0.0,0.0,44.0,0.0,0.0,76.0,0.0,0.0,512.0,35.0,0.068359375,34.0,1.0,0.0294117647058824,124.0,0.0,0.0,35.0,1.0,0.0285714285714286
2020-05-14 00:00:00,4842,320,0.0660883932259397,3676.0,125.0,0.0340043525571273,91.0,15.0,0.1648351648351648,1.0,0.0,0.0,146.0,23.0,0.1575342465753425,82.0,2.0,0.024390243902439,163.0,1.0,0.0061349693251534,77.0,6.0,0.0779220779220779,50.0,5.0,0.1,8.0,0.0,0.0,188.0,18.0,0.0957446808510638,179.0,5.0,0.0279329608938547,799.0,44.0,0.0550688360450563,345.0,15.0,0.0434782608695652,125.0,20.0,0.16,16.0,2.0,0.125,66.0,2.0,0.0303030303030303,81.0,3.0,0.037037037037037,2799.0,173.0,0.0618077884958914,2682.0,82.0,0.0305741983594333,3.0,0.0,0.0,3.0,0.0,0.0,5.0,0.0,0.0,2.0,1.0,0.5,4.0,0.0,0.0,3.0,0.0,0.0,132.0,0.0,0.0,51.0,0.0,0.0,71.0,11.0,0.1549295774647887,24.0,4.0,0.1666666666666667,46.0,0.0,0.0,32.0,0.0,0.0
2020-05-13 00:00:00,5144,255,0.0495723172628305,3713.0,127.0,0.0342041475895502,80.0,8.0,0.1,3.0,0.0,0.0,184.0,23.0,0.125,163.0,3.0,0.0184049079754601,130.0,2.0,0.0153846153846154,117.0,3.0,0.0256410256410256,25.0,4.0,0.16,4.0,1.0,0.25,194.0,10.0,0.0515463917525773,318.0,13.0,0.0408805031446541,602.0,29.0,0.0481727574750831,377.0,13.0,0.0344827586206897,135.0,16.0,0.1185185185185185,12.0,0.0,0.0,78.0,3.0,0.0384615384615385,93.0,3.0,0.032258064516129,3366.0,138.0,0.0409982174688057,2324.0,77.0,0.0331325301204819,13.0,2.0,0.1538461538461539,2.0,0.0,0.0,5.0,0.0,0.0,3.0,0.0,0.0,7.0,0.0,0.0,1.0,0.0,0.0,44.0,1.0,0.0227272727272727,51.0,3.0,0.0588235294117647,94.0,17.0,0.1808510638297873,37.0,0.0,0.0,34.0,0.0,0.0,33.0,2.0,0.0606060606060606
2020-05-12 00:00:00,5491,297,0.0540885084684028,3745.0,107.0,0.0285714285714286,93.0,8.0,0.0860215053763441,4.0,0.0,0.0,140.0,20.0,0.1428571428571429,118.0,2.0,0.0169491525423729,126.0,2.0,0.0158730158730159,118.0,2.0,0.0169491525423729,17.0,3.0,0.1764705882352941,3.0,0.0,0.0,236.0,6.0,0.0254237288135593,245.0,2.0,0.0081632653061225,667.0,32.0,0.047976011994003,429.0,17.0,0.0396270396270396,85.0,21.0,0.2470588235294118,13.0,0.0,0.0,90.0,5.0,0.0555555555555556,57.0,0.0,0.0,3700.0,175.0,0.0472972972972973,2453.0,73.0,0.0297594781899715,26.0,11.0,0.4230769230769231,2.0,0.0,0.0,4.0,0.0,0.0,1.0,0.0,0.0,7.0,0.0,0.0,6.0,0.0,0.0,35.0,0.0,0.0,34.0,1.0,0.0294117647058824,73.0,9.0,0.1232876712328767,34.0,2.0,0.0588235294117647,37.0,0.0,0.0,39.0,2.0,0.0512820512820513
2020-05-11 00:00:00,5085,330,0.0648967551622419,4019.0,119.0,0.0296093555610848,100.0,18.0,0.18,,,,125.0,15.0,0.12,101.0,3.0,0.0297029702970297,128.0,1.0,0.0078125,254.0,3.0,0.0118110236220472,21.0,8.0,0.380952380952381,12.0,0.0,0.0,317.0,15.0,0.0473186119873817,330.0,4.0,0.0121212121212121,849.0,32.0,0.0376914016489988,502.0,13.0,0.0258964143426295,120.0,17.0,0.1416666666666667,16.0,0.0,0.0,76.0,6.0,0.0789473684210526,67.0,3.0,0.0447761194029851,3030.0,206.0,0.067986798679868,2397.0,80.0,0.033375052148519,5.0,0.0,0.0,1.0,0.0,0.0,,,,3.0,0.0,0.0,5.0,0.0,0.0,3.0,0.0,0.0,31.0,1.0,0.032258064516129,48.0,0.0,0.0,73.0,4.0,0.0547945205479452,35.0,3.0,0.0857142857142857,53.0,1.0,0.0188679245283019,34.0,0.0,0.0
2020-05-10 00:00:00,1446,89,0.0615491009681881,435.0,8.0,0.0183908045977012,16.0,3.0,0.1875,,,,19.0,3.0,0.1578947368421053,2.0,0.0,0.0,33.0,0.0,0.0,2.0,0.0,0.0,3.0,0.0,0.0,1.0,0.0,0.0,81.0,1.0,0.0123456790123457,42.0,1.0,0.0238095238095238,209.0,14.0,0.0669856459330144,58.0,1.0,0.0172413793103448,20.0,7.0,0.35,1.0,0.0,0.0,21.0,1.0,0.0476190476190476,,,,937.0,55.0,0.0586979722518677,303.0,6.0,0.0198019801980198,2.0,0.0,0.0,2.0,0.0,0.0,2.0,0.0,0.0,,,,3.0,0.0,0.0,,,,16.0,0.0,0.0,10.0,0.0,0.0,21.0,2.0,0.0952380952380952,4.0,0.0,0.0,7.0,0.0,0.0,3.0,0.0,0.0
2020-05-09 00:00:00,6787,282,0.0415500221010756,929.0,20.0,0.0215285252960172,42.0,3.0,0.0714285714285714,1.0,0.0,0.0,632.0,47.0,0.0743670886075949,4.0,1.0,0.25,580.0,2.0,0.003448275862069,8.0,0.0,0.0,8.0,4.0,0.5,2.0,0.0,0.0,161.0,7.0,0.0434782608695652,60.0,1.0,0.0166666666666667,653.0,30.0,0.0459418070444104,84.0,1.0,0.0119047619047619,139.0,3.0,0.0215827338129496,2.0,0.0,0.0,174.0,2.0,0.0114942528735632,13.0,3.0,0.2307692307692308,3669.0,164.0,0.0446988280185337,725.0,14.0,0.0193103448275862,3.0,0.0,0.0,,,,,,,,,,3.0,0.0,0.0,,,,14.0,0.0,0.0,10.0,0.0,0.0,203.0,17.0,0.083743842364532,2.0,0.0,0.0,439.0,2.0,0.0045558086560364,7.0,0.0,0.0
2020-05-08 00:00:00,4394,228,0.051888939462904,4781.0,117.0,0.0244718678100816,108.0,18.0,0.1666666666666667,1.0,0.0,0.0,50.0,10.0,0.2,144.0,1.0,0.0069444444444444,116.0,2.0,0.0172413793103448,335.0,6.0,0.017910447761194,25.0,0.0,0.0,3.0,0.0,0.0,241.0,17.0,0.0705394190871369,331.0,9.0,0.027190332326284,645.0,25.0,0.0387596899224806,560.0,18.0,0.0321428571428571,51.0,8.0,0.1568627450980392,10.0,1.0,0.1,87.0,9.0,0.103448275862069,47.0,1.0,0.0212765957446809,2849.0,126.0,0.0442260442260442,3111.0,77.0,0.0247508839601414,12.0,0.0,0.0,8.0,0.0,0.0,2.0,0.0,0.0,2.0,0.0,0.0,7.0,0.0,0.0,6.0,0.0,0.0,37.0,0.0,0.0,36.0,0.0,0.0,65.0,7.0,0.1076923076923077,52.0,0.0,0.0,28.0,0.0,0.0,49.0,0.0,0.0
2020-05-07 00:00:00,4252,245,0.0576199435559737,4136.0,123.0,0.0297388781431335,56.0,3.0,0.0535714285714286,2.0,0.0,0.0,63.0,6.0,0.0952380952380952,188.0,0.0,0.0,114.0,9.0,0.0789473684210526,234.0,2.0,0.0085470085470085,38.0,6.0,0.1578947368421053,4.0,0.0,0.0,183.0,11.0,0.0601092896174863,258.0,5.0,0.0193798449612403,863.0,24.0,0.0278099652375435,471.0,17.0,0.0360934182590234,51.0,9.0,0.1764705882352941,14.0,2.0,0.1428571428571429,86.0,7.0,0.0813953488372093,40.0,0.0,0.0,2606.0,159.0,0.0610130468150422,2618.0,80.0,0.0305576776165012,4.0,0.0,0.0,1.0,0.0,0.0,,,,1.0,0.0,0.0,5.0,0.0,0.0,2.0,0.0,0.0,42.0,0.0,0.0,20.0,0.0,0.0,51.0,7.0,0.1372549019607843,44.0,3.0,0.0681818181818182,28.0,0.0,0.0,26.0,1.0,0.0384615384615385
2020-05-06 00:00:00,3636,275,0.0756325632563256,4082.0,115.0,0.028172464478197,67.0,13.0,0.1940298507462687,4.0,0.0,0.0,52.0,13.0,0.25,116.0,2.0,0.0172413793103448,93.0,0.0,0.0,257.0,4.0,0.0155642023346304,22.0,1.0,0.0454545454545455,2.0,0.0,0.0,160.0,11.0,0.06875,213.0,6.0,0.028169014084507,609.0,28.0,0.0459770114942529,344.0,13.0,0.0377906976744186,68.0,21.0,0.3088235294117647,18.0,0.0,0.0,64.0,5.0,0.078125,63.0,3.0,0.0476190476190476,2219.0,163.0,0.0734565119423164,2528.0,72.0,0.0284810126582279,49.0,0.0,0.0,213.0,2.0,0.0093896713615023,3.0,0.0,0.0,,,,12.0,0.0,0.0,3.0,0.0,0.0,26.0,0.0,0.0,93.0,3.0,0.032258064516129,69.0,15.0,0.2173913043478261,34.0,0.0,0.0,35.0,1.0,0.0285714285714286,31.0,0.0,0.0
2020-05-05 00:00:00,3808,260,0.0682773109243697,4061.0,125.0,0.0307805959123369,113.0,16.0,0.1415929203539823,1.0,1.0,1.0,54.0,5.0,0.0925925925925926,181.0,2.0,0.0110497237569061,79.0,3.0,0.0379746835443038,92.0,3.0,0.0326086956521739,7.0,1.0,0.1428571428571429,2.0,0.0,0.0,216.0,14.0,0.0648148148148148,269.0,14.0,0.0520446096654275,705.0,34.0,0.0482269503546099,416.0,17.0,0.0408653846153846,99.0,17.0,0.1717171717171717,9.0,0.0,0.0,62.0,6.0,0.0967741935483871,24.0,0.0,0.0,2245.0,151.0,0.067260579064588,2803.0,69.0,0.0246164823403496,12.0,2.0,0.1666666666666667,1.0,0.0,0.0,4.0,0.0,0.0,2.0,0.0,0.0,17.0,0.0,0.0,8.0,0.0,0.0,26.0,2.0,0.0769230769230769,20.0,1.0,0.05,48.0,8.0,0.1666666666666667,36.0,3.0,0.0833333333333333,44.0,0.0,0.0,25.0,2.0,0.08
2020-05-04 00:00:00,3673,292,0.0794990471004628,4011.0,113.0,0.0281725255547245,70.0,10.0,0.1428571428571429,2.0,0.0,0.0,53.0,11.0,0.2075471698113208,211.0,2.0,0.009478672985782,60.0,1.0,0.0166666666666667,152.0,7.0,0.0460526315789474,8.0,0.0,0.0,,,,215.0,23.0,0.1069767441860465,243.0,5.0,0.0205761316872428,679.0,38.0,0.0559646539027982,409.0,7.0,0.0171149144254279,91.0,15.0,0.1648351648351648,12.0,3.0,0.25,67.0,8.0,0.1194029850746269,21.0,0.0,0.0,2166.0,166.0,0.0766389658356417,2744.0,80.0,0.0291545189504373,14.0,1.0,0.0714285714285714,2.0,0.0,0.0,3.0,0.0,0.0,4.0,0.0,0.0,12.0,0.0,0.0,2.0,0.0,0.0,20.0,1.0,0.05,12.0,0.0,0.0,72.0,10.0,0.1388888888888889,28.0,0.0,0.0,34.0,0.0,0.0,33.0,0.0,0.0
2020-05-03 00:00:00,1024,73,0.0712890625,372.0,19.0,0.0510752688172043,26.0,4.0,0.1538461538461539,,,,19.0,5.0,0.2631578947368421,,,,25.0,3.0,0.12,3.0,0.0,0.0,3.0,0.0,0.0,2.0,0.0,0.0,58.0,1.0,0.0172413793103448,24.0,2.0,0.0833333333333333,199.0,17.0,0.085427135678392,34.0,0.0,0.0,22.0,3.0,0.1363636363636364,2.0,0.0,0.0,25.0,0.0,0.0,1.0,0.0,0.0,578.0,37.0,0.0640138408304498,282.0,17.0,0.0602836879432624,3.0,0.0,0.0,,,,3.0,0.0,0.0,,,,1.0,0.0,0.0,1.0,0.0,0.0,5.0,0.0,0.0,5.0,0.0,0.0,9.0,2.0,0.2222222222222222,3.0,0.0,0.0,14.0,0.0,0.0,6.0,0.0,0.0
2020-05-02 00:00:00,4026,182,0.0452061599602583,471.0,11.0,0.0233545647558386,32.0,2.0,0.0625,,,,255.0,10.0,0.0392156862745098,,,,567.0,6.0,0.0105820105820106,8.0,0.0,0.0,12.0,1.0,0.0833333333333333,6.0,1.0,0.1666666666666667,148.0,7.0,0.0472972972972973,31.0,1.0,0.032258064516129,563.0,25.0,0.044404973357016,55.0,0.0,0.0,24.0,3.0,0.125,2.0,1.0,0.5,104.0,3.0,0.0288461538461539,2.0,0.0,0.0,2007.0,105.0,0.0523168908819133,291.0,7.0,0.0240549828178694,5.0,0.0,0.0,1.0,0.0,0.0,2.0,0.0,0.0,,,,3.0,0.0,0.0,,,,14.0,0.0,0.0,9.0,0.0,0.0,209.0,15.0,0.0717703349282297,16.0,1.0,0.0625,9.0,0.0,0.0,2.0,0.0,0.0
2020-05-01 00:00:00,3404,218,0.064042303172738,3533.0,155.0,0.0438720634022078,86.0,19.0,0.2209302325581396,,,,25.0,3.0,0.12,31.0,1.0,0.032258064516129,124.0,6.0,0.0483870967741936,55.0,1.0,0.0181818181818182,8.0,0.0,0.0,4.0,0.0,0.0,187.0,11.0,0.0588235294117647,233.0,4.0,0.0171673819742489,478.0,17.0,0.0355648535564854,475.0,27.0,0.0568421052631579,113.0,21.0,0.1858407079646018,12.0,5.0,0.4166666666666667,87.0,4.0,0.0459770114942529,31.0,1.0,0.032258064516129,2068.0,125.0,0.0604448742746615,2441.0,101.0,0.0413764850471118,6.0,1.0,0.1666666666666667,1.0,0.0,0.0,1.0,0.0,0.0,2.0,0.0,0.0,11.0,1.0,0.0909090909090909,4.0,0.0,0.0,19.0,1.0,0.0526315789473684,17.0,0.0,0.0,34.0,4.0,0.1176470588235294,56.0,5.0,0.0892857142857143,26.0,0.0,0.0,24.0,2.0,0.0833333333333333
2020-04-30 00:00:00,2835,229,0.0807760141093474,2878.0,86.0,0.0298818624044475,57.0,14.0,0.2456140350877193,2.0,0.0,0.0,10.0,2.0,0.2,20.0,1.0,0.05,104.0,8.0,0.0769230769230769,48.0,1.0,0.0208333333333333,10.0,1.0,0.1,,,,163.0,16.0,0.098159509202454,151.0,4.0,0.0264900662251656,419.0,19.0,0.045346062052506,466.0,18.0,0.0386266094420601,47.0,13.0,0.2765957446808511,6.0,0.0,0.0,50.0,4.0,0.08,27.0,0.0,0.0,1795.0,136.0,0.0757660167130919,2024.0,56.0,0.0276679841897233,8.0,0.0,0.0,,,,4.0,0.0,0.0,1.0,0.0,0.0,7.0,0.0,0.0,3.0,0.0,0.0,16.0,0.0,0.0,11.0,0.0,0.0,28.0,8.0,0.2857142857142857,50.0,3.0,0.06,29.0,1.0,0.0344827586206897,23.0,1.0,0.0434782608695652
2020-04-29 00:00:00,2618,218,0.0832696715049656,2605.0,88.0,0.0337811900191939,71.0,17.0,0.2394366197183099,,,,34.0,4.0,0.1176470588235294,27.0,1.0,0.037037037037037,49.0,8.0,0.163265306122449,27.0,1.0,0.037037037037037,5.0,0.0,0.0,1.0,0.0,0.0,134.0,6.0,0.0447761194029851,98.0,3.0,0.0306122448979592,328.0,15.0,0.0457317073170732,468.0,24.0,0.0512820512820513,63.0,11.0,0.1746031746031746,10.0,1.0,0.1,50.0,2.0,0.04,23.0,1.0,0.0434782608695652,1711.0,145.0,0.0847457627118644,1865.0,55.0,0.0294906166219839,3.0,1.0,0.3333333333333333,,,,1.0,0.0,0.0,4.0,0.0,0.0,22.0,1.0,0.0454545454545455,4.0,0.0,0.0,17.0,0.0,0.0,16.0,1.0,0.0625,23.0,5.0,0.2173913043478261,23.0,0.0,0.0,19.0,0.0,0.0,13.0,0.0,0.0
2020-04-28 00:00:00,2642,222,0.0840272520817563,1756.0,55.0,0.0313211845102506,94.0,20.0,0.2127659574468085,,,,13.0,0.0,0.0,24.0,0.0,0.0,44.0,1.0,0.0227272727272727,29.0,2.0,0.0689655172413793,5.0,0.0,0.0,3.0,0.0,0.0,154.0,10.0,0.0649350649350649,84.0,3.0,0.0357142857142857,298.0,15.0,0.0503355704697987,291.0,17.0,0.0584192439862543,69.0,19.0,0.2753623188405797,9.0,0.0,0.0,65.0,9.0,0.1384615384615385,35.0,1.0,0.0285714285714286,1733.0,133.0,0.0767455279861512,1230.0,31.0,0.0252032520325203,2.0,0.0,0.0,,,,1.0,0.0,0.0,,,,10.0,1.0,0.1,2.0,0.0,0.0,9.0,0.0,0.0,6.0,0.0,0.0,42.0,11.0,0.2619047619047619,12.0,0.0,0.0,9.0,0.0,0.0,8.0,1.0,0.125
2020-04-27 00:00:00,2367,264,0.1115335868187579,1075.0,43.0,0.04,114.0,31.0,0.2719298245614035,1.0,0.0,0.0,18.0,1.0,0.0555555555555556,19.0,0.0,0.0,54.0,1.0,0.0185185185185185,29.0,1.0,0.0344827586206897,6.0,1.0,0.1666666666666667,1.0,0.0,0.0,143.0,25.0,0.1748251748251748,70.0,3.0,0.0428571428571429,267.0,14.0,0.052434456928839,118.0,1.0,0.0084745762711864,58.0,16.0,0.2758620689655173,13.0,0.0,0.0,42.0,2.0,0.0476190476190476,8.0,0.0,0.0,1473.0,148.0,0.1004752206381534,779.0,37.0,0.0474967907573813,2.0,0.0,0.0,,,,1.0,0.0,0.0,1.0,0.0,0.0,17.0,0.0,0.0,,,,13.0,1.0,0.0769230769230769,3.0,0.0,0.0,43.0,14.0,0.3255813953488373,18.0,0.0,0.0,23.0,0.0,0.0,3.0,0.0,0.0
2020-04-26 00:00:00,567,67,0.1181657848324515,6.0,1.0,0.1666666666666667,44.0,14.0,0.3181818181818182,,,,2.0,0.0,0.0,,,,15.0,1.0,0.0666666666666667,,,,,,,,,,25.0,3.0,0.12,1.0,0.0,0.0,82.0,8.0,0.0975609756097561,2.0,0.0,0.0,23.0,5.0,0.2173913043478261,,,,12.0,2.0,0.1666666666666667,,,,315.0,30.0,0.0952380952380952,3.0,1.0,0.3333333333333333,,,,,,,3.0,0.0,0.0,,,,2.0,0.0,0.0,,,,3.0,0.0,0.0,,,,11.0,3.0,0.2727272727272727,,,,7.0,0.0,0.0,,,
2020-04-25 00:00:00,742,95,0.1280323450134771,20.0,1.0,0.05,21.0,3.0,0.1428571428571429,,,,2.0,1.0,0.5,,,,14.0,2.0,0.1428571428571429,,,,2.0,0.0,0.0,,,,44.0,6.0,0.1363636363636364,,,,100.0,7.0,0.07,4.0,0.0,0.0,19.0,7.0,0.368421052631579,,,,14.0,3.0,0.2142857142857143,,,,460.0,57.0,0.1239130434782609,15.0,1.0,0.0666666666666667,12.0,0.0,0.0,,,,,,,,,,3.0,1.0,0.3333333333333333,,,,5.0,1.0,0.2,,,,16.0,3.0,0.1875,,,,9.0,0.0,0.0,1.0,0.0,0.0
2020-04-24 00:00:00,2033,205,0.1008362026561731,136.0,2.0,0.0147058823529412,78.0,15.0,0.1923076923076923,,,,13.0,5.0,0.3846153846153847,1.0,0.0,0.0,47.0,1.0,0.0212765957446809,,,,5.0,0.0,0.0,,,,116.0,11.0,0.0948275862068966,10.0,0.0,0.0,280.0,22.0,0.0785714285714286,18.0,1.0,0.0555555555555556,74.0,14.0,0.1891891891891892,,,,60.0,16.0,0.2666666666666667,1.0,0.0,0.0,1216.0,108.0,0.0888157894736842,101.0,1.0,0.0099009900990099,18.0,0.0,0.0,,,,,,,,,,6.0,0.0,0.0,,,,12.0,0.0,0.0,,,,26.0,8.0,0.3076923076923077,1.0,0.0,0.0,17.0,1.0,0.0588235294117647,,,
2020-04-23 00:00:00,1733,121,0.0698211194460473,27.0,4.0,0.1481481481481482,89.0,12.0,0.1348314606741573,,,,15.0,2.0,0.1333333333333333,,,,60.0,0.0,0.0,,,,10.0,0.0,0.0,,,,94.0,6.0,0.0638297872340426,4.0,1.0,0.25,252.0,22.0,0.0873015873015873,2.0,0.0,0.0,54.0,11.0,0.2037037037037037,1.0,0.0,0.0,28.0,3.0,0.1071428571428571,,,,953.0,55.0,0.0577124868835257,20.0,3.0,0.15,9.0,0.0,0.0,,,,2.0,0.0,0.0,,,,6.0,0.0,0.0,,,,31.0,1.0,0.032258064516129,,,,48.0,4.0,0.0833333333333333,,,,26.0,0.0,0.0,,,
2020-04-22 00:00:00,1646,148,0.0899149453219927,17.0,0.0,0.0,73.0,26.0,0.3561643835616438,,,,11.0,3.0,0.2727272727272727,,,,48.0,1.0,0.0208333333333333,,,,6.0,0.0,0.0,,,,70.0,8.0,0.1142857142857143,,,,210.0,20.0,0.0952380952380952,1.0,0.0,0.0,50.0,14.0,0.2800000000000001,,,,21.0,0.0,0.0,,,,1031.0,66.0,0.0640155189136761,16.0,0.0,0.0,4.0,0.0,0.0,,,,2.0,0.0,0.0,,,,6.0,0.0,0.0,,,,5.0,0.0,0.0,,,,13.0,4.0,0.3076923076923077,,,,18.0,0.0,0.0,,,
2020-04-21 00:00:00,1608,162,0.1007462686567164,11.0,3.0,0.2727272727272727,66.0,9.0,0.1363636363636364,,,,14.0,2.0,0.1428571428571429,,,,42.0,1.0,0.0238095238095238,,,,17.0,2.0,0.1176470588235294,,,,97.0,8.0,0.0824742268041237,,,,177.0,14.0,0.0790960451977401,,,,87.0,23.0,0.2643678160919541,,,,28.0,2.0,0.0714285714285714,,,,925.0,87.0,0.0940540540540541,11.0,3.0,0.2727272727272727,5.0,0.0,0.0,,,,5.0,0.0,0.0,,,,2.0,0.0,0.0,,,,22.0,0.0,0.0,,,,26.0,5.0,0.1923076923076923,,,,26.0,2.0,0.0769230769230769,,,
2020-04-20 00:00:00,1843,249,0.1351058057514922,15.0,1.0,0.0666666666666667,105.0,21.0,0.2,,,,22.0,8.0,0.3636363636363637,,,,50.0,0.0,0.0,1.0,0.0,0.0,15.0,3.0,0.2,,,,105.0,13.0,0.1238095238095238,,,,219.0,39.0,0.1780821917808219,,,,87.0,22.0,0.2528735632183909,,,,36.0,9.0,0.25,1.0,0.0,0.0,993.0,104.0,0.1047331319234643,12.0,1.0,0.0833333333333333,1.0,0.0,0.0,,,,2.0,0.0,0.0,,,,5.0,3.0,0.6,,,,22.0,1.0,0.0454545454545455,1.0,0.0,0.0,58.0,16.0,0.2758620689655173,,,,26.0,2.0,0.0769230769230769,,,
2020-04-19 00:00:00,568,92,0.1619718309859155,2.0,1.0,0.5,26.0,11.0,0.4230769230769231,,,,10.0,2.0,0.2,,,,21.0,0.0,0.0,1.0,1.0,1.0,1.0,0.0,0.0,,,,43.0,5.0,0.1162790697674419,,,,58.0,14.0,0.2413793103448276,,,,28.0,17.0,0.6071428571428572,,,,9.0,0.0,0.0,,,,318.0,37.0,0.1163522012578616,1.0,0.0,0.0,2.0,0.0,0.0,,,,2.0,0.0,0.0,,,,3.0,0.0,0.0,,,,1.0,0.0,0.0,,,,20.0,4.0,0.2,,,,5.0,0.0,0.0,,,
2020-04-18 00:00:00,587,89,0.151618398637138,4.0,1.0,0.25,13.0,4.0,0.3076923076923077,,,,7.0,0.0,0.0,,,,18.0,1.0,0.0555555555555556,,,,1.0,0.0,0.0,,,,42.0,5.0,0.1190476190476191,,,,60.0,9.0,0.15,,,,38.0,12.0,0.3157894736842105,,,,19.0,1.0,0.0526315789473684,1.0,0.0,0.0,326.0,44.0,0.1349693251533742,3.0,1.0,0.3333333333333333,2.0,0.0,0.0,,,,,,,,,,,,,,,,8.0,0.0,0.0,,,,26.0,10.0,0.3846153846153847,,,,12.0,2.0,0.1666666666666667,,,
2020-04-17 00:00:00,1634,165,0.1009791921664627,12.0,3.0,0.25,127.0,22.0,0.1732283464566929,,,,21.0,2.0,0.0952380952380952,,,,37.0,0.0,0.0,,,,7.0,2.0,0.2857142857142857,,,,90.0,11.0,0.1222222222222222,,,,197.0,27.0,0.1370558375634518,1.0,0.0,0.0,104.0,13.0,0.125,,,,29.0,1.0,0.0344827586206897,,,,858.0,76.0,0.0885780885780886,10.0,2.0,0.2,2.0,0.0,0.0,,,,3.0,0.0,0.0,,,,4.0,0.0,0.0,,,,16.0,0.0,0.0,,,,72.0,7.0,0.0972222222222222,1.0,1.0,1.0,20.0,3.0,0.15,,,
2020-04-16 00:00:00,1565,173,0.1105431309904153,6.0,1.0,0.1666666666666667,80.0,14.0,0.175,,,,17.0,0.0,0.0,,,,67.0,1.0,0.0149253731343284,1.0,0.0,0.0,2.0,1.0,0.5,,,,98.0,12.0,0.1224489795918367,1.0,0.0,0.0,232.0,53.0,0.228448275862069,,,,70.0,19.0,0.2714285714285714,,,,25.0,3.0,0.12,,,,851.0,59.0,0.0693301997649824,4.0,1.0,0.25,1.0,0.0,0.0,,,,1.0,0.0,0.0,,,,6.0,0.0,0.0,,,,20.0,1.0,0.05,,,,34.0,7.0,0.2058823529411765,,,,23.0,1.0,0.0434782608695652,,,
2020-04-15 00:00:00,1515,164,0.1082508250825083,6.0,3.0,0.5,111.0,23.0,0.2072072072072072,,,,19.0,1.0,0.0526315789473684,,,,49.0,1.0,0.0204081632653061,,,,9.0,4.0,0.4444444444444444,,,,103.0,13.0,0.1262135922330097,,,,197.0,24.0,0.1218274111675127,,,,69.0,11.0,0.1594202898550725,,,,25.0,0.0,0.0,,,,811.0,70.0,0.0863131935881628,6.0,3.0,0.5,,,,,,,3.0,0.0,0.0,,,,11.0,0.0,0.0,,,,9.0,0.0,0.0,,,,28.0,8.0,0.2857142857142857,,,,21.0,1.0,0.0476190476190476,,,
2020-04-14 00:00:00,1405,166,0.1181494661921708,4.0,0.0,0.0,57.0,17.0,0.2982456140350877,,,,12.0,0.0,0.0,,,,45.0,0.0,0.0,,,,2.0,1.0,0.5,,,,89.0,12.0,0.1348314606741573,,,,159.0,28.0,0.1761006289308176,,,,63.0,13.0,0.2063492063492064,,,,16.0,1.0,0.0625,,,,817.0,69.0,0.0844553243574052,4.0,0.0,0.0,1.0,0.0,0.0,,,,5.0,0.0,0.0,,,,,,,,,,22.0,2.0,0.0909090909090909,,,,38.0,12.0,0.3157894736842105,,,,20.0,1.0,0.05,,,
2020-04-13 00:00:00,1536,205,0.1334635416666667,6.0,2.0,0.3333333333333333,70.0,12.0,0.1714285714285714,,,,14.0,2.0,0.1428571428571429,,,,63.0,1.0,0.0158730158730159,,,,7.0,3.0,0.4285714285714286,,,,95.0,7.0,0.0736842105263158,,,,220.0,39.0,0.1772727272727273,,,,78.0,28.0,0.358974358974359,,,,32.0,6.0,0.1875,,,,818.0,82.0,0.1002444987775061,6.0,2.0,0.3333333333333333,4.0,0.0,0.0,,,,7.0,0.0,0.0,,,,1.0,0.0,0.0,,,,9.0,0.0,0.0,,,,48.0,18.0,0.375,,,,16.0,4.0,0.25,,,
2020-04-12 00:00:00,567,78,0.1375661375661376,1.0,0.0,0.0,22.0,7.0,0.3181818181818182,,,,11.0,2.0,0.1818181818181818,,,,10.0,0.0,0.0,,,,1.0,0.0,0.0,,,,38.0,5.0,0.1315789473684211,,,,63.0,18.0,0.2857142857142857,,,,36.0,18.0,0.5,,,,15.0,0.0,0.0,,,,269.0,18.0,0.0669144981412639,1.0,0.0,0.0,3.0,1.0,0.3333333333333333,,,,,,,,,,,,,,,,55.0,0.0,0.0,,,,18.0,5.0,0.2777777777777778,,,,9.0,0.0,0.0,,,
2020-04-11 00:00:00,523,61,0.1166347992351817,1.0,0.0,0.0,20.0,6.0,0.3,,,,9.0,2.0,0.2222222222222222,,,,23.0,1.0,0.0434782608695652,,,,,,,,,,27.0,2.0,0.0740740740740741,,,,59.0,8.0,0.1355932203389831,,,,13.0,4.0,0.3076923076923077,,,,11.0,0.0,0.0,,,,309.0,26.0,0.0841423948220065,1.0,0.0,0.0,,,,,,,,,,,,,1.0,0.0,0.0,,,,4.0,1.0,0.25,,,,18.0,8.0,0.4444444444444444,,,,5.0,1.0,0.2,,,
2020-04-10 00:00:00,1323,150,0.1133786848072563,4.0,0.0,0.0,43.0,12.0,0.2790697674418605,,,,26.0,0.0,0.0,,,,55.0,0.0,0.0,,,,2.0,0.0,0.0,,,,71.0,8.0,0.1126760563380282,,,,177.0,40.0,0.2259887005649718,,,,63.0,17.0,0.2698412698412699,,,,29.0,5.0,0.1724137931034483,,,,736.0,55.0,0.0747282608695652,4.0,0.0,0.0,2.0,0.0,0.0,,,,1.0,0.0,0.0,,,,2.0,0.0,0.0,,,,8.0,0.0,0.0,,,,34.0,8.0,0.2352941176470588,,,,10.0,0.0,0.0,,,
2020-04-09 00:00:00,1426,160,0.1122019635343619,4.0,0.0,0.0,34.0,6.0,0.1764705882352941,,,,24.0,0.0,0.0,,,,74.0,2.0,0.027027027027027,,,,5.0,0.0,0.0,,,,100.0,14.0,0.14,,,,139.0,30.0,0.2158273381294964,,,,59.0,15.0,0.2542372881355932,,,,27.0,7.0,0.2592592592592593,,,,843.0,68.0,0.0806642941874259,4.0,0.0,0.0,2.0,0.0,0.0,,,,2.0,0.0,0.0,,,,2.0,0.0,0.0,,,,13.0,0.0,0.0,,,,28.0,9.0,0.3214285714285715,,,,20.0,3.0,0.15,,,
2020-04-08 00:00:00,1316,165,0.1253799392097265,1.0,0.0,0.0,79.0,11.0,0.1392405063291139,,,,18.0,2.0,0.1111111111111111,,,,45.0,1.0,0.0222222222222222,,,,4.0,1.0,0.25,,,,70.0,5.0,0.0714285714285714,,,,179.0,27.0,0.1508379888268157,1.0,0.0,0.0,62.0,22.0,0.3548387096774194,,,,26.0,3.0,0.1153846153846154,,,,736.0,82.0,0.1114130434782609,,,,1.0,0.0,0.0,,,,2.0,0.0,0.0,,,,4.0,0.0,0.0,,,,11.0,0.0,0.0,,,,21.0,8.0,0.380952380952381,,,,19.0,0.0,0.0,,,
2020-04-07 00:00:00,1434,148,0.103207810320781,1.0,1.0,1.0,57.0,6.0,0.1052631578947368,,,,7.0,1.0,0.1428571428571429,,,,53.0,0.0,0.0,,,,7.0,1.0,0.1428571428571429,,,,87.0,3.0,0.0344827586206897,,,,193.0,24.0,0.1243523316062176,,,,53.0,21.0,0.3962264150943397,,,,28.0,3.0,0.1071428571428571,,,,851.0,73.0,0.0857814336075206,1.0,1.0,1.0,4.0,0.0,0.0,,,,4.0,1.0,0.25,,,,8.0,0.0,0.0,,,,8.0,0.0,0.0,,,,31.0,11.0,0.3548387096774194,,,,12.0,1.0,0.0833333333333333,,,
2020-04-06 00:00:00,1778,187,0.1051743532058493,1.0,1.0,1.0,48.0,8.0,0.1666666666666667,,,,15.0,1.0,0.0666666666666667,,,,98.0,1.0,0.0102040816326531,,,,7.0,1.0,0.1428571428571429,,,,99.0,5.0,0.0505050505050505,,,,219.0,32.0,0.1461187214611872,,,,70.0,23.0,0.3285714285714286,,,,29.0,2.0,0.0689655172413793,,,,1063.0,94.0,0.0884289746001881,1.0,1.0,1.0,6.0,1.0,0.1666666666666667,,,,3.0,0.0,0.0,,,,6.0,0.0,0.0,,,,15.0,0.0,0.0,,,,34.0,12.0,0.3529411764705883,,,,24.0,2.0,0.0833333333333333,,,
2020-04-05 00:00:00,581,69,0.1187607573149742,,,,18.0,0.0,0.0,,,,7.0,1.0,0.1428571428571429,,,,16.0,0.0,0.0,,,,,,,,,,24.0,5.0,0.2083333333333334,,,,60.0,13.0,0.2166666666666667,,,,22.0,5.0,0.2272727272727273,,,,11.0,0.0,0.0,,,,366.0,34.0,0.092896174863388,,,,1.0,0.0,0.0,,,,,,,,,,,,,,,,6.0,0.0,0.0,,,,16.0,8.0,0.5,,,,11.0,0.0,0.0,,,
2020-04-04 00:00:00,743,98,0.1318977119784657,,,,22.0,6.0,0.2727272727272727,,,,7.0,1.0,0.1428571428571429,,,,30.0,2.0,0.0666666666666667,,,,5.0,1.0,0.2,,,,40.0,4.0,0.1,,,,93.0,16.0,0.1720430107526882,,,,30.0,8.0,0.2666666666666667,,,,9.0,0.0,0.0,,,,448.0,55.0,0.1227678571428571,,,,1.0,0.0,0.0,,,,,,,,,,2.0,0.0,0.0,,,,3.0,0.0,0.0,,,,13.0,3.0,0.2307692307692308,,,,17.0,0.0,0.0,,,
2020-04-03 00:00:00,1558,158,0.1014120667522465,,,,41.0,2.0,0.0487804878048781,,,,21.0,0.0,0.0,,,,72.0,1.0,0.0138888888888889,,,,2.0,0.0,0.0,,,,87.0,8.0,0.0919540229885058,,,,223.0,25.0,0.1121076233183857,,,,66.0,22.0,0.3333333333333333,,,,38.0,3.0,0.0789473684210526,,,,904.0,81.0,0.0896017699115044,,,,,,,,,,,,,,,,2.0,0.0,0.0,,,,14.0,0.0,0.0,,,,28.0,11.0,0.3928571428571429,,,,21.0,0.0,0.0,,,
2020-04-02 00:00:00,1643,133,0.0809494826536823,1.0,0.0,0.0,20.0,2.0,0.1,,,,18.0,0.0,0.0,,,,95.0,3.0,0.0315789473684211,,,,6.0,0.0,0.0,,,,94.0,6.0,0.0638297872340426,,,,187.0,25.0,0.1336898395721925,,,,55.0,12.0,0.2181818181818182,1.0,0.0,0.0,37.0,1.0,0.027027027027027,,,,999.0,70.0,0.0700700700700701,,,,1.0,0.0,0.0,,,,2.0,0.0,0.0,,,,5.0,0.0,0.0,,,,13.0,0.0,0.0,,,,33.0,6.0,0.1818181818181818,,,,24.0,1.0,0.0416666666666667,,,
2020-04-01 00:00:00,1590,141,0.0886792452830189,,,,31.0,2.0,0.0645161290322581,,,,25.0,2.0,0.08,,,,82.0,5.0,0.0609756097560976,,,,7.0,1.0,0.1428571428571429,,,,105.0,5.0,0.0476190476190476,,,,181.0,20.0,0.1104972375690608,,,,92.0,24.0,0.2608695652173913,,,,35.0,0.0,0.0,,,,910.0,63.0,0.0692307692307692,,,,1.0,0.0,0.0,,,,,,,,,,11.0,0.0,0.0,,,,18.0,1.0,0.0555555555555556,,,,28.0,9.0,0.3214285714285715,,,,19.0,3.0,0.1578947368421053,,,
2020-03-31 00:00:00,1540,141,0.0915584415584416,,,,29.0,0.0,0.0,,,,13.0,0.0,0.0,,,,58.0,2.0,0.0344827586206897,,,,4.0,0.0,0.0,,,,121.0,12.0,0.0991735537190083,,,,164.0,25.0,0.1524390243902439,,,,63.0,15.0,0.2380952380952381,,,,38.0,2.0,0.0526315789473684,,,,934.0,65.0,0.069593147751606,,,,2.0,0.0,0.0,,,,2.0,0.0,0.0,,,,10.0,0.0,0.0,,,,5.0,0.0,0.0,,,,34.0,11.0,0.3235294117647059,,,,20.0,1.0,0.05,,,
2020-03-30 00:00:00,1701,161,0.0946502057613169,,,,34.0,0.0,0.0,,,,29.0,3.0,0.103448275862069,,,,83.0,7.0,0.0843373493975904,,,,8.0,0.0,0.0,,,,99.0,9.0,0.0909090909090909,,,,218.0,17.0,0.0779816513761468,,,,57.0,18.0,0.3157894736842105,,,,29.0,3.0,0.103448275862069,,,,1011.0,83.0,0.0820969337289812,,,,4.0,0.0,0.0,,,,2.0,0.0,0.0,,,,8.0,0.0,0.0,,,,15.0,1.0,0.0666666666666667,,,,35.0,13.0,0.3714285714285715,,,,20.0,1.0,0.05,,,
2020-03-29 00:00:00,498,65,0.1305220883534137,,,,13.0,1.0,0.0769230769230769,,,,8.0,0.0,0.0,,,,16.0,3.0,0.1875,,,,,,,,,,32.0,1.0,0.03125,,,,54.0,8.0,0.1481481481481482,,,,31.0,10.0,0.3225806451612903,,,,12.0,0.0,0.0,,,,271.0,28.0,0.1033210332103321,,,,1.0,0.0,0.0,,,,,,,,,,2.0,0.0,0.0,,,,3.0,0.0,0.0,,,,16.0,5.0,0.3125,,,,10.0,0.0,0.0,,,
2020-03-28 00:00:00,842,98,0.1163895486935867,,,,19.0,1.0,0.0526315789473684,,,,8.0,1.0,0.125,,,,15.0,0.0,0.0,,,,2.0,0.0,0.0,,,,50.0,2.0,0.04,,,,124.0,19.0,0.1532258064516129,,,,28.0,7.0,0.25,,,,10.0,1.0,0.1,,,,516.0,53.0,0.1027131782945737,,,,,,,,,,,,,,,,,,,,,,4.0,0.0,0.0,,,,23.0,12.0,0.5217391304347826,,,,9.0,0.0,0.0,,,
2020-03-27 00:00:00,1680,109,0.0648809523809524,,,,24.0,2.0,0.0833333333333333,,,,9.0,0.0,0.0,,,,77.0,4.0,0.051948051948052,,,,1.0,0.0,0.0,,,,121.0,2.0,0.0165289256198347,,,,251.0,15.0,0.0597609561752988,,,,36.0,7.0,0.1944444444444445,,,,40.0,2.0,0.05,,,,1034.0,69.0,0.0667311411992263,,,,3.0,0.0,0.0,,,,1.0,1.0,1.0,,,,7.0,0.0,0.0,,,,13.0,0.0,0.0,,,,22.0,7.0,0.3181818181818182,,,,16.0,0.0,0.0,,,
2020-03-26 00:00:00,1719,134,0.0779522978475858,,,,24.0,1.0,0.0416666666666667,,,,11.0,3.0,0.2727272727272727,,,,93.0,6.0,0.0645161290322581,,,,4.0,0.0,0.0,,,,113.0,7.0,0.0619469026548673,,,,249.0,17.0,0.0682730923694779,,,,45.0,18.0,0.4,,,,32.0,2.0,0.0625,,,,1044.0,66.0,0.0632183908045977,,,,2.0,0.0,0.0,,,,2.0,0.0,0.0,,,,5.0,0.0,0.0,,,,12.0,0.0,0.0,,,,21.0,8.0,0.380952380952381,,,,15.0,0.0,0.0,,,
2020-03-25 00:00:00,1983,138,0.0695915279878971,,,,35.0,1.0,0.0285714285714286,,,,12.0,0.0,0.0,,,,54.0,2.0,0.037037037037037,,,,10.0,0.0,0.0,,,,106.0,7.0,0.0660377358490566,,,,298.0,15.0,0.0503355704697987,,,,33.0,6.0,0.1818181818181818,,,,25.0,0.0,0.0,,,,1277.0,89.0,0.0696945967110415,,,,5.0,0.0,0.0,,,,,,,,,,3.0,0.0,0.0,,,,16.0,0.0,0.0,,,,30.0,9.0,0.3,,,,23.0,0.0,0.0,,,
2020-03-24 00:00:00,1854,126,0.0679611650485437,,,,20.0,0.0,0.0,,,,13.0,1.0,0.0769230769230769,,,,59.0,2.0,0.0338983050847458,,,,8.0,0.0,0.0,,,,85.0,7.0,0.0823529411764706,,,,277.0,22.0,0.0794223826714802,,,,38.0,2.0,0.0526315789473684,,,,40.0,1.0,0.025,,,,1192.0,80.0,0.0671140939597316,,,,2.0,1.0,0.5,,,,3.0,0.0,0.0,,,,7.0,0.0,0.0,,,,15.0,1.0,0.0666666666666667,,,,31.0,6.0,0.1935483870967742,,,,23.0,1.0,0.0434782608695652,,,
2020-03-23 00:00:00,1855,134,0.0722371967654987,,,,39.0,2.0,0.0512820512820513,,,,14.0,1.0,0.0714285714285714,,,,65.0,0.0,0.0,,,,5.0,0.0,0.0,,,,70.0,3.0,0.0428571428571429,,,,321.0,23.0,0.0716510903426791,,,,32.0,2.0,0.0625,,,,37.0,4.0,0.1081081081081081,,,,1157.0,89.0,0.0769230769230769,,,,3.0,0.0,0.0,,,,5.0,0.0,0.0,,,,6.0,0.0,0.0,,,,6.0,0.0,0.0,,,,31.0,5.0,0.1612903225806452,,,,22.0,0.0,0.0,,,
2020-03-22 00:00:00,502,40,0.0796812749003984,,,,23.0,0.0,0.0,,,,5.0,0.0,0.0,,,,10.0,1.0,0.1,,,,1.0,0.0,0.0,,,,27.0,2.0,0.0740740740740741,,,,91.0,9.0,0.0989010989010989,,,,19.0,2.0,0.1052631578947368,,,,33.0,0.0,0.0,,,,251.0,20.0,0.0796812749003984,,,,1.0,0.0,0.0,,,,,,,,,,,,,,,,3.0,0.0,0.0,,,,8.0,2.0,0.25,,,,4.0,0.0,0.0,,,
2020-03-21 00:00:00,566,41,0.0724381625441696,,,,16.0,1.0,0.0625,,,,1.0,0.0,0.0,,,,17.0,0.0,0.0,,,,4.0,1.0,0.25,,,,22.0,1.0,0.0454545454545455,,,,89.0,5.0,0.0561797752808989,,,,26.0,6.0,0.2307692307692308,,,,3.0,0.0,0.0,,,,321.0,21.0,0.0654205607476636,,,,2.0,0.0,0.0,,,,,,,,,,2.0,0.0,0.0,,,,4.0,0.0,0.0,,,,35.0,1.0,0.0285714285714286,,,,4.0,0.0,0.0,,,
2020-03-20 00:00:00,1437,85,0.0591510090466249,,,,81.0,2.0,0.0246913580246914,,,,7.0,1.0,0.1428571428571429,,,,64.0,1.0,0.015625,,,,5.0,0.0,0.0,,,,65.0,2.0,0.0307692307692308,,,,262.0,14.0,0.0534351145038168,,,,38.0,4.0,0.1052631578947368,,,,9.0,0.0,0.0,,,,800.0,53.0,0.06625,,,,,,,,,,,,,,,,5.0,0.0,0.0,,,,9.0,0.0,0.0,,,,34.0,2.0,0.0588235294117647,,,,12.0,0.0,0.0,,,
2020-03-19 00:00:00,1263,61,0.0482977038796516,,,,52.0,0.0,0.0,,,,2.0,0.0,0.0,,,,58.0,1.0,0.0172413793103448,,,,3.0,0.0,0.0,,,,67.0,1.0,0.0149253731343284,,,,206.0,7.0,0.0339805825242718,,,,43.0,3.0,0.0697674418604651,,,,20.0,0.0,0.0,,,,748.0,44.0,0.0588235294117647,,,,2.0,0.0,0.0,,,,2.0,0.0,0.0,,,,3.0,0.0,0.0,,,,5.0,0.0,0.0,,,,25.0,3.0,0.12,,,,4.0,1.0,0.25,,,
2020-03-18 00:00:00,1093,47,0.0430009149130833,,,,20.0,1.0,0.05,,,,12.0,1.0,0.0833333333333333,,,,34.0,0.0,0.0,,,,3.0,0.0,0.0,,,,68.0,4.0,0.0588235294117647,,,,180.0,5.0,0.0277777777777778,,,,15.0,2.0,0.1333333333333333,,,,17.0,0.0,0.0,,,,699.0,28.0,0.0400572246065808,,,,2.0,0.0,0.0,,,,,,,,,,3.0,0.0,0.0,,,,4.0,0.0,0.0,,,,8.0,2.0,0.25,,,,7.0,0.0,0.0,,,
2020-03-17 00:00:00,1054,65,0.0616698292220114,,,,17.0,2.0,0.1176470588235294,,,,7.0,0.0,0.0,,,,47.0,0.0,0.0,,,,6.0,0.0,0.0,,,,66.0,4.0,0.0606060606060606,,,,150.0,7.0,0.0466666666666667,,,,63.0,12.0,0.1904761904761905,,,,8.0,0.0,0.0,,,,641.0,36.0,0.0561622464898596,,,,,,,,,,3.0,0.0,0.0,,,,4.0,0.0,0.0,,,,2.0,0.0,0.0,,,,9.0,3.0,0.3333333333333333,,,,6.0,0.0,0.0,,,
2020-03-16 00:00:00,796,38,0.0477386934673367,,,,5.0,0.0,0.0,,,,4.0,0.0,0.0,,,,43.0,1.0,0.0232558139534884,,,,1.0,0.0,0.0,,,,34.0,2.0,0.0588235294117647,,,,114.0,5.0,0.043859649122807,,,,14.0,0.0,0.0,,,,19.0,1.0,0.0526315789473684,,,,519.0,26.0,0.0500963391136802,,,,,,,,,,8.0,0.0,0.0,,,,4.0,0.0,0.0,,,,3.0,0.0,0.0,,,,11.0,3.0,0.2727272727272727,,,,5.0,0.0,0.0,,,
2020-03-15 00:00:00,226,14,0.0619469026548673,,,,1.0,0.0,0.0,,,,,,,,,,4.0,0.0,0.0,,,,,,,,,,13.0,1.0,0.0769230769230769,,,,19.0,2.0,0.1052631578947368,,,,1.0,0.0,0.0,,,,15.0,0.0,0.0,,,,150.0,9.0,0.06,,,,,,,,,,,,,,,,,,,,,,4.0,0.0,0.0,,,,9.0,1.0,0.1111111111111111,,,,2.0,0.0,0.0,,,
2020-03-14 00:00:00,192,11,0.0572916666666667,,,,2.0,0.0,0.0,,,,,,,,,,4.0,0.0,0.0,,,,,,,,,,14.0,0.0,0.0,,,,26.0,4.0,0.1538461538461539,,,,3.0,2.0,0.6666666666666666,,,,8.0,0.0,0.0,,,,125.0,5.0,0.04,,,,,,,,,,,,,,,,3.0,0.0,0.0,,,,,,,,,,,,,,,,,,,,,
2020-03-13 00:00:00,362,6,0.0165745856353591,,,,5.0,0.0,0.0,,,,4.0,0.0,0.0,,,,4.0,0.0,0.0,,,,1.0,0.0,0.0,,,,25.0,2.0,0.08,,,,71.0,1.0,0.0140845070422535,,,,5.0,0.0,0.0,,,,11.0,0.0,0.0,,,,215.0,3.0,0.013953488372093,,,,,,,,,,2.0,0.0,0.0,,,,1.0,0.0,0.0,,,,2.0,0.0,0.0,,,,9.0,0.0,0.0,,,,3.0,0.0,0.0,,,
2020-03-12 00:00:00,252,7,0.0277777777777778,,,,4.0,0.0,0.0,,,,1.0,0.0,0.0,,,,6.0,0.0,0.0,,,,,,,,,,30.0,1.0,0.0333333333333333,,,,48.0,0.0,0.0,,,,4.0,0.0,0.0,,,,8.0,0.0,0.0,,,,129.0,5.0,0.0387596899224806,,,,,,,,,,3.0,0.0,0.0,,,,3.0,0.0,0.0,,,,,,,,,,7.0,0.0,0.0,,,,3.0,0.0,0.0,,,
2020-03-11 00:00:00,81,2,0.0246913580246914,,,,,,,,,,1.0,0.0,0.0,,,,1.0,0.0,0.0,,,,,,,,,,3.0,0.0,0.0,,,,29.0,1.0,0.0344827586206897,,,,4.0,0.0,0.0,,,,1.0,0.0,0.0,,,,39.0,1.0,0.0256410256410256,,,,,,,,,,,,,,,,,,,,,,,,,,,,2.0,0.0,0.0,,,,,,,,,
2020-03-10 00:00:00,36,0,0.0,,,,1.0,0.0,0.0,,,,,,,,,,,,,,,,,,,,,,1.0,0.0,0.0,,,,6.0,0.0,0.0,,,,4.0,0.0,0.0,,,,,,,,,,22.0,0.0,0.0,,,,,,,,,,,,,,,,,,,,,,,,,,,,,,,,,,1.0,0.0,0.0,,,
2020-03-09 00:00:00,40,1,0.025,,,,,,,,,,,,,,,,3.0,0.0,0.0,,,,,,,,,,5.0,1.0,0.2,,,,3.0,0.0,0.0,,,,,,,,,,,,,,,,24.0,0.0,0.0,,,,,,,,,,,,,,,,,,,,,,,,,,,,2.0,0.0,0.0,,,,1.0,0.0,0.0,,,
2020-03-08 00:00:00,7,0,0.0,,,,,,,,,,,,,,,,,,,,,,,,,,,,,,,,,,1.0,0.0,0.0,,,,,,,,,,,,,,,,3.0,0.0,0.0,,,,,,,,,,,,,,,,,,,,,,,,,,,,,,,,,,,,,,,
2020-03-07 00:00:00,2,0,0.0,,,,,,,,,,,,,,,,,,,,,,,,,,,,,,,,,,,,,,,,,,,,,,,,,,,,2.0,0.0,0.0,,,,,,,,,,,,,,,,,,,,,,,,,,,,,,,,,,,,,,,
2020-03-06 00:00:00,15,1,0.0666666666666667,,,,,,,,,,,,,,,,,,,,,,,,,,,,1.0,1.0,1.0,,,,1.0,0.0,0.0,,,,,,,,,,,,,,,,10.0,0.0,0.0,,,,,,,,,,,,,,,,,,,,,,,,,,,,,,,,,,,,,,,
2020-03-05 00:00:00,5,0,0.0,,,,,,,,,,,,,,,,,,,,,,,,,,,,1.0,0.0,0.0,,,,,,,,,,,,,,,,,,,,,,2.0,0.0,0.0,,,,,,,,,,,,,,,,,,,,,,,,,,,,,,,,,,,,,,,
2020-03-04 00:00:00,9,1,0.1111111111111111,,,,,,,,,,,,,,,,,,,,,,,,,,,,,,,,,,2.0,1.0,0.5,,,,,,,,,,,,,,,,7.0,0.0,0.0,,,,,,,,,,,,,,,,,,,,,,,,,,,,,,,,,,,,,,,
2020-03-03 00:00:00,1,0,0.0,,,,,,,,,,,,,,,,,,,,,,,,,,,,,,,,,,,,,,,,,,,,,,,,,,,,1.0,0.0,0.0,,,,,,,,,,,,,,,,,,,,,,,,,,,,,,,,,,,,,,,
2020-03-02 00:00:00,3,2,0.6666666666666666,,,,,,,,,,1.0,0.0,0.0,,,,1.0,1.0,1.0,,,,,,,,,,,,,,,,,,,,,,,,,,,,,,,,,,1.0,1.0,1.0,,,,,,,,,,,,,,,,,,,,,,,,,,,,,,,,,,,,,,,
2020-03-01 00:00:00,4,1,0.25,,,,,,,,,,,,,,,,,,,,,,,,,,,,1.0,0.0,0.0,,,,1.0,0.0,0.0,,,,,,,,,,,,,,,,2.0,1.0,0.5,,,,,,,,,,,,,,,,,,,,,,,,,,,,,,,,,,,,,,,
2020-02-29 00:00:00,1,1,1.0,,,,,,,,,,,,,,,,,,,,,,,,,,,,,,,,,,,,,,,,,,,,,,,,,,,,,,,,,,,,,,,,,,,,,,,,,,,,,,,,,,,,,,,,,,,,,
2020-02-28 00:00:00,2,0,0.0,,,,,,,,,,,,,,,,,,,,,,,,,,,,,,,,,,1.0,0.0,0.0,,,,,,,,,,,,,,,,1.0,0.0,0.0,,,,,,,,,,,,,,,,,,,,,,,,,,,,,,,,,,,,,,,
2020-02-27 00:00:00,6,3,0.5,,,,,,,,,,,,,,,,,,,,,,,,,,,,,,,,,,1.0,0.0,0.0,,,,,,,,,,,,,,,,3.0,2.0,0.6666666666666666,,,,,,,,,,,,,,,,,,,,,,,,,,,,,,,,,,,,,,,
2020-02-26 00:00:00,4,0,0.0,,,,,,,,,,,,,,,,,,,,,,,,,,,,,,,,,,1.0,0.0,0.0,,,,,,,,,,,,,,,,3.0,0.0,0.0,,,,,,,,,,,,,,,,,,,,,,,,,,,,,,,,,,,,,,,
2020-02-25 00:00:00,6,1,0.1666666666666667,,,,,,,,,,,,,,,,,,,,,,,,,,,,,,,,,,,,,,,,,,,,,,,,,,,,4.0,1.0,0.25,,,,,,,,,,,,,,,,,,,,,,,,,,,,,,,,,,,,,,,
2020-02-24 00:00:00,1,0,0.0,,,,,,,,,,,,,,,,,,,,,,,,,,,,,,,,,,,,,,,,,,,,,,,,,,,,1.0,0.0,0.0,,,,,,,,,,,,,,,,,,,,,,,,,,,,,,,,,,,,,,,
2020-02-23 00:00:00,3,0,0.0,,,,,,,,,,,,,,,,,,,,,,,,,,,,,,,,,,1.0,0.0,0.0,,,,,,,,,,,,,,,,1.0,0.0,0.0,,,,,,,,,,,,,,,,,,,,,,,,,,,,,,,,,,,,,,,
2020-02-22 00:00:00,3,0,0.0,,,,,,,,,,,,,,,,,,,,,,,,,,,,,,,,,,2.0,0.0,0.0,,,,,,,,,,,,,,,,1.0,0.0,0.0,,,,,,,,,,,,,,,,,,,,,,,,,,,,,,,,,,,,,,,
2020-02-16 00:00:00,1,0,0.0,,,,,,,,,,,,,,,,,,,,,,,,,,,,,,,,,,,,,,,,,,,,,,,,,,,,1.0,0.0,0.0,,,,,,,,,,,,,,,,,,,,,,,,,,,,,,,,,,,,,,,
2020-02-15 00:00:00,1,0,0.0,,,,,,,,,,,,,,,,,,,,,,,,,,,,,,,,,,,,,,,,,,,,,,,,,,,,,,,,,,,,,,,,,,,,,,,,,,,,,,,,,,,,,,,,,,,,,
2020-02-11 00:00:00,1,0,0.0,,,,,,,,,,,,,,,,,,,,,,,,,,,,,,,,,,,,,,,,,,,,,,,,,,,,,,,,,,,,,,,,,,,,,,,,,,,,,,,,,,,,,,,,,,,,,
2020-02-08 00:00:00,2,0,0.0,,,,,,,,,,,,,,,,,,,,,,,,,,,,,,,,,,1.0,0.0,0.0,,,,,,,,,,,,,,,,,,,,,,,,,,,,,,,,,,,,,,,,,,,,,,,,,,,,,,,,,
2020-02-03 00:00:00,2,1,0.5,,,,,,,,,,,,,,,,,,,,,,,,,,,,,,,,,,,,,,,,,,,,,,,,,,,,,,,,,,,,,,,,,,,,,,,,,,,,,,,,,,,,,,,,,,,,,
