date,Arizona_cume,Arizona
2020-12-01 00:00:00,38,
2020-12-02 00:00:00,46,8
2020-12-03 00:00:00,54,8
2020-12-04 00:00:00,58,4
2020-12-05 00:00:00,59,1
2020-12-07 00:00:00,63,4
2020-12-08 00:00:00,66,3
2020-12-09 00:00:00,71,5
2020-12-10 00:00:00,78,7
2020-12-11 00:00:00,85,7
2020-12-12 00:00:00,89,4
2020-12-13 00:00:00,92,3
2020-12-14 00:00:00,100,8
2020-12-15 00:00:00,135,35
2020-12-16 00:00:00,697,562
2020-12-17 00:00:00,3779,3082
2020-12-18 00:00:00,7352,3573
2020-12-19 00:00:00,9904,2552
2020-12-20 00:00:00,10919,1015
2020-12-21 00:00:00,16386,5467
2020-12-22 00:00:00,24094,7708
2020-12-23 00:00:00,33705,9611
2020-12-24 00:00:00,37490,3785
2020-12-25 00:00:00,37627,137
2020-12-26 00:00:00,44135,6508
2020-12-27 00:00:00,46776,2641
2020-12-28 00:00:00,55930,9154
2020-12-29 00:00:00,68657,12727
2020-12-30 00:00:00,83416,14759
2020-12-31 00:00:00,91175,7759
2021-01-01 00:00:00,91877,702
2021-01-02 00:00:00,99419,7542
2021-01-03 00:00:00,102609,3190
2021-01-04 00:00:00,111174,8565
2021-01-05 00:00:00,119963,8789
2021-01-06 00:00:00,131802,11839
2021-01-07 00:00:00,144290,12488
2021-01-08 00:00:00,156151,11861
2021-01-09 00:00:00,164067,7916
2021-01-10 00:00:00,167271,3204
2021-01-11 00:00:00,182785,15514
2021-01-12 00:00:00,205848,23063
2021-01-13 00:00:00,230840,24992
2021-01-14 00:00:00,255357,24517
2021-01-15 00:00:00,280092,24735
2021-01-16 00:00:00,295794,15702
2021-01-17 00:00:00,305092,9298
2021-01-18 00:00:00,323972,18880
2021-01-19 00:00:00,350523,26551
2021-01-20 00:00:00,382045,31522
2021-01-21 00:00:00,416908,34863
2021-01-22 00:00:00,454569,37661
2021-01-23 00:00:00,483085,28516
2021-01-24 00:00:00,499329,16244
2021-01-25 00:00:00,528362,29033
2021-01-26 00:00:00,564898,36536
2021-01-27 00:00:00,604291,39393
2021-01-28 00:00:00,643658,39367
2021-01-29 00:00:00,683254,39596
2021-01-30 00:00:00,709442,26188
2021-01-31 00:00:00,721006,11564
2021-02-01 00:00:00,750715,29709
2021-02-02 00:00:00,788948,38233
2021-02-03 00:00:00,832423,43475
2021-02-04 00:00:00,878499,46076
2021-02-05 00:00:00,922132,43633
2021-02-06 00:00:00,960187,38055
2021-02-07 00:00:00,976480,16293
2021-02-08 00:00:00,1014938,38458
2021-02-09 00:00:00,1058922,43984
2021-02-10 00:00:00,1109213,50291
2021-02-11 00:00:00,1159895,50682
2021-02-12 00:00:00,1220733,60838
2021-02-13 00:00:00,1266273,45540
2021-02-14 00:00:00,1283578,17305
2021-02-15 00:00:00,1314729,31151
2021-02-16 00:00:00,1359072,44343
2021-02-17 00:00:00,1405816,46744
2021-02-18 00:00:00,1450141,44325
2021-02-19 00:00:00,1492274,42133
2021-02-20 00:00:00,1527215,34941
2021-02-21 00:00:00,1542066,14851
2021-02-22 00:00:00,1569881,27815
2021-02-23 00:00:00,1613884,44003
2021-02-24 00:00:00,1670389,56505
2021-02-25 00:00:00,1730559,60170
2021-02-26 00:00:00,1797191,66632
2021-02-27 00:00:00,1848885,51694
2021-02-28 00:00:00,1874354,25469
2021-03-01 00:00:00,1919501,45147
2021-03-02 00:00:00,1969907,50406
2021-03-03 00:00:00,2028386,58479
2021-03-04 00:00:00,2085962,57576
2021-03-05 00:00:00,2144146,58184
2021-03-06 00:00:00,2188675,44529
2021-03-07 00:00:00,2214682,26007
2021-03-08 00:00:00,2265537,50855
2021-03-09 00:00:00,2322136,56599
2021-03-10 00:00:00,2389135,66999
2021-03-11 00:00:00,2459168,70033
2021-03-12 00:00:00,2532020,72852
2021-03-13 00:00:00,2583244,51224
2021-03-14 00:00:00,2611957,28713
2021-03-15 00:00:00,2658796,46839
2021-03-16 00:00:00,2712981,54185
2021-03-17 00:00:00,2775017,62036
2021-03-18 00:00:00,2837489,62472
2021-03-19 00:00:00,2896857,59368
2021-03-20 00:00:00,2943113,46256
2021-03-21 00:00:00,2973998,30885
2021-03-22 00:00:00,3016799,42801
2021-03-23 00:00:00,3065187,48388
2021-03-24 00:00:00,3128045,62858
2021-03-25 00:00:00,3198575,70530
2021-03-26 00:00:00,3268082,69507
2021-03-27 00:00:00,3320604,52522
2021-03-28 00:00:00,3358297,37693
2021-03-29 00:00:00,3417970,59673
2021-03-30 00:00:00,3484059,66089
2021-03-31 00:00:00,3559558,75499
2021-04-01 00:00:00,3632689,73131
2021-04-02 00:00:00,3700103,67414
2021-04-03 00:00:00,3748249,48146
2021-04-04 00:00:00,3769095,20846
2021-04-05 00:00:00,3826123,57028
2021-04-06 00:00:00,3890379,64256
2021-04-07 00:00:00,3963380,73001
2021-04-08 00:00:00,4036603,73223
2021-04-09 00:00:00,4104667,68064
2021-04-10 00:00:00,4151800,47133
2021-04-11 00:00:00,4182333,30533
2021-04-12 00:00:00,4233221,50888
2021-04-13 00:00:00,4282657,49436
2021-04-14 00:00:00,4341710,59053
2021-04-15 00:00:00,4404696,62986
2021-04-16 00:00:00,4466242,61546
2021-04-17 00:00:00,4508037,41795
2021-04-18 00:00:00,4537104,29067
2021-04-19 00:00:00,4588130,51026
2021-04-20 00:00:00,4639742,51612
2021-04-21 00:00:00,4696718,56976
2021-04-22 00:00:00,4755242,58524
2021-04-23 00:00:00,4807993,52751
2021-04-24 00:00:00,4842907,34914
2021-04-25 00:00:00,4866685,23778
2021-04-26 00:00:00,4900772,34087
2021-04-27 00:00:00,4926816,26044
