date,Maricopa_cume,Maricopa
1/1/2021,115,
1/10/2021,126,11
1/11/2021,133,7
1/12/2021,136,3
1/13/2021,141,5
1/14/2021,145,4
1/15/2021,151,6
1/16/2021,163,12
1/17/2021,168,5
1/18/2021,173,5
1/19/2021,177,4
1/2/2021,189,12
1/20/2021,213,24
1/21/2021,261,48
1/22/2021,1521,1260
1/23/2021,3192,1671
1/24/2021,4880,1688
1/25/2021,5873,993
1/26/2021,9156,3283
1/27/2021,13432,4276
1/28/2021,18264,4832
1/29/2021,19836,1572
1/3/2021,19841,5
1/30/2021,24974,5133
1/31/2021,27301,2327
1/4/2021,32620,5319
1/5/2021,40596,7976
1/6/2021,49428,8832
1/7/2021,53223,3795
1/8/2021,54266,1043
1/9/2021,60546,6280
12/1/2020,63255,2709
12/10/2020,67988,4733
12/11/2020,72427,4439
12/12/2020,77504,5077
12/13/2020,82832,5328
12/14/2020,87457,4625
12/15/2020,92120,4663
12/16/2020,94878,2758
12/17/2020,103945,9067
12/18/2020,114784,10839
12/19/2020,126422,11638
12/2/2020,137931,11509
12/20/2020,147883,9952
12/21/2020,154325,6442
12/22/2020,157090,2765
12/23/2020,163999,6909
12/24/2020,176342,12343
12/25/2020,190021,13679
12/26/2020,204409,14388
12/27/2020,221825,17416
12/28/2020,235800,13975
12/29/2020,243005,7205
12/3/2020,254710,11705
12/30/2020,271681,16971
12/31/2020,287568,15887
12/4/2020,301929,14361
12/7/2020,319387,17458
12/8/2020,330823,11436
12/9/2020,334368,3545
2/1/2021,344473,10105
2/10/2021,359188,14715
2/11/2021,373648,14460
2/12/2021,390537,16889
2/13/2021,405835,15298
2/14/2021,420372,14537
2/15/2021,422918,2546
2/16/2021,434362,11444
2/17/2021,452515,18153
2/18/2021,469257,16742
2/19/2021,486582,17325
2/2/2021,513507,26925
2/20/2021,533287,19780
2/21/2021,537242,3955
2/22/2021,546938,9696
2/23/2021,565186,18248
2/24/2021,584868,19682
2/25/2021,605073,20205
2/26/2021,625970,20897
2/27/2021,642333,16363
2/28/2021,645517,3184
2/3/2021,655274,9757
2/4/2021,674870,19596
2/5/2021,696477,21607
2/6/2021,716477,20000
2/7/2021,743358,26881
2/8/2021,762728,19370
2/9/2021,767083,4355
3/1/2021,783396,16313
3/10/2021,800966,17570
3/11/2021,819626,18660
3/12/2021,838978,19352
3/13/2021,859319,20341
3/14/2021,874227,14908
3/15/2021,879122,4895
3/16/2021,896423,17301
3/17/2021,916371,19948
3/18/2021,939506,23135
3/19/2021,963423,23917
3/2/2021,993308,29885
3/20/2021,1011234,17926
3/21/2021,1018559,7325
3/22/2021,1036824,18265
3/23/2021,1057515,20691
3/24/2021,1081469,23954
3/25/2021,1105651,24182
3/26/2021,1127635,21984
3/27/2021,1146568,18933
3/28/2021,1155797,9229
3/29/2021,1173228,17431
3/3/2021,1191931,18703
3/30/2021,1214480,22549
3/31/2021,1239209,24729
3/4/2021,1262304,23095
3/5/2021,1279548,17244
3/6/2021,1288367,8819
3/7/2021,1309402,21035
3/8/2021,1331780,22378
3/9/2021,1359374,27594
4/1/2021,1389853,30479
4/10/2021,1414498,24645
4/11/2021,1428804,14306
4/12/2021,1435532,6728
4/13/2021,1460314,24782
4/14/2021,1488989,28675
4/15/2021,1521805,32816
4/16/2021,1556489,34684
4/17/2021,1585866,29377
4/18/2021,1605156,19290
4/19/2021,1615322,10166
4/2/2021,1637018,21696
4/20/2021,1657164,20146
4/21/2021,1679495,22331
4/22/2021,1703459,23964
4/23/2021,1726746,23287
4/24/2021,1742910,16164
4/25/2021,1751521,8611
4/26/2021,1772210,20689
4/27/2021,1793338,21128
4/28/2021,1819423,26085
4/29/2021,1844954,25531
4/3/2021,1867542,22588
4/30/2021,1881969,14427
4/4/2021,1889978,8009
4/5/2021,1910044,20066
4/6/2021,1930639,20595
4/7/2021,1953253,22614
4/8/2021,1973567,20314
4/9/2021,1996371,22804
5/1/2021,2010724,14353
5/10/2021,2018628,7904
5/11/2021,2033752,15124
5/12/2021,2052531,18779
5/13/2021,2070106,17575
5/14/2021,2088105,17999
5/15/2021,2106596,18491
5/16/2021,2119453,12857
5/17/2021,2124394,4941
5/18/2021,2138301,13907
5/19/2021,2153266,14965
5/2/2021,2170202,16936
5/20/2021,2190762,20560
5/21/2021,2210384,19622
5/22/2021,2224644,14260
5/23/2021,2233632,8988
5/24/2021,2251492,17860
5/25/2021,2268112,16620
5/26/2021,2290203,22091
5/27/2021,2307910,17707
5/28/2021,2327452,19542
5/29/2021,2342077,14625
5/3/2021,2349133,7056
5/30/2021,2363472,14339
5/31/2021,2376437,12965
5/4/2021,2389073,12636
5/5/2021,2401344,12271
5/6/2021,2414533,13189
5/7/2021,2422480,7947
5/8/2021,2427442,4962
5/9/2021,2430016,2574
6/1/2021,2442754,12738
6/10/2021,2453376,10622
6/11/2021,2466372,12996
6/12/2021,2480500,14128
6/13/2021,2490932,10432
6/14/2021,2497290,6358
6/15/2021,2509163,11873
6/16/2021,2520188,11025
6/17/2021,2530416,10228
6/18/2021,2542598,12182
6/19/2021,2558479,15881
6/2/2021,2569126,10647
6/20/2021,2574143,5017
6/21/2021,2585029,10886
6/22/2021,2595131,10102
6/23/2021,2604555,9424
6/24/2021,2613568,9013
6/25/2021,2624980,11412
6/26/2021,2631538,6558
6/27/2021,2635313,3775
6/28/2021,2642246,6933
6/29/2021,2650176,7930
6/3/2021,2657828,7652
6/30/2021,2665137,7309
6/4/2021,2674538,9401
6/5/2021,2681078,6540
6/6/2021,2683693,2615
6/7/2021,2689287,5594
6/8/2021,2696639,7352
6/9/2021,2703193,6554
7/1/2021,2709567,6374
7/10/2021,2716271,6704
7/11/2021,2720208,3937
7/12/2021,2721045,837
7/13/2021,2725794,4749
7/14/2021,2732537,6743
7/15/2021,2739352,6815
7/16/2021,2745867,6515
7/17/2021,2756050,10183
7/18/2021,2761608,5558
7/19/2021,2764403,2795
7/2/2021,2769883,5480
7/20/2021,2775405,5522
7/21/2021,2780524,5119
7/22/2021,2785480,4956
7/23/2021,2792323,6843
7/24/2021,2797013,4690
7/25/2021,2799747,2734
7/26/2021,2806222,6475
7/27/2021,2812859,6637
7/28/2021,2819319,6460
7/29/2021,2825883,6564
7/3/2021,2834937,9054
7/30/2021,2840591,5654
7/31/2021,2844251,3660
7/4/2021,2851413,7162
7/5/2021,2860027,8614
7/6/2021,2867201,7174
7/7/2021,2874475,7274
7/8/2021,2886910,12435
7/9/2021,2895906,8996
8/1/2021,2899491,3585
8/10/2021,2907191,7700
8/11/2021,2915669,8478
8/12/2021,2924575,8906
8/13/2021,2931573,6998
8/14/2021,2943476,11903
8/15/2021,2950484,7008
8/16/2021,2954682,4198
8/17/2021,2962935,8253
8/18/2021,2971496,8561
8/19/2021,2980352,8856
8/2/2021,2988121,7769
8/20/2021,3000308,12187
8/21/2021,3008000,7692
8/22/2021,3013072,5072
8/23/2021,3023668,10596
8/24/2021,3033526,9858
8/25/2021,3043044,9518
8/26/2021,3051207,8163
8/27/2021,3063444,12237
8/28/2021,3071136,7692
8/29/2021,3076582,5446
8/3/2021,3086667,10085
8/30/2021,3095867,9200
8/31/2021,3104378,8511
8/4/2021,3112990,8612
8/5/2021,3124121,11131
8/6/2021,3131589,7468
8/7/2021,3136265,4676
8/8/2021,3144067,7802
8/9/2021,3152402,8335
9/1/2021,3160014,7612
9/10/2021,3166867,6853
9/11/2021,3176611,9744
9/12/2021,3182139,5528
9/13/2021,3186011,3872
9/14/2021,3187250,1239
9/15/2021,3194062,6812
9/16/2021,3200911,6849
9/17/2021,3207524,6613
9/18/2021,3218098,10574
9/19/2021,3225057,6959
9/2/2021,3228435,3378
9/20/2021,3236117,7682
9/21/2021,3243682,7565
9/22/2021,3247979,4297
9/23/2021,3253816,5837
9/24/2021,3263159,9343
9/25/2021,3269534,6375
9/26/2021,3271996,2462
9/27/2021,3276081,4085
9/28/2021,3282578,6497
9/29/2021,3289425,6847
9/3/2021,3295067,5642
9/4/2021,3306578,11511
9/5/2021,3315360,8782
9/6/2021,3319051,3691
9/7/2021,3329404,10353
9/8/2021,3333532,4128
9/9/2021,3336095,2563
