date,Arizona_cume,Arizona
2020-12-01 00:00:00,188,
2020-12-02 00:00:00,207,19
2020-12-03 00:00:00,226,19
2020-12-04 00:00:00,233,7
2020-12-05 00:00:00,235,2
2020-12-06 00:00:00,237,2
2020-12-07 00:00:00,253,16
2020-12-08 00:00:00,264,11
2020-12-09 00:00:00,279,15
2020-12-10 00:00:00,298,19
2020-12-11 00:00:00,313,15
2020-12-12 00:00:00,324,11
2020-12-13 00:00:00,332,8
2020-12-14 00:00:00,355,23
2020-12-15 00:00:00,428,73
2020-12-16 00:00:00,1043,615
2020-12-17 00:00:00,4234,3191
2020-12-18 00:00:00,7915,3681
2020-12-19 00:00:00,10485,2570
2020-12-20 00:00:00,11542,1057
2020-12-21 00:00:00,17096,5554
2020-12-22 00:00:00,24923,7827
2020-12-23 00:00:00,34770,9847
2020-12-24 00:00:00,38642,3872
2020-12-25 00:00:00,38787,145
2020-12-26 00:00:00,45338,6551
2020-12-27 00:00:00,48006,2668
2020-12-28 00:00:00,57488,9482
2020-12-29 00:00:00,70794,13306
2020-12-30 00:00:00,85913,15119
2020-12-31 00:00:00,93919,8006
2021-01-01 00:00:00,96005,2086
2021-01-02 00:00:00,103689,7684
2021-01-03 00:00:00,106926,3237
2021-01-04 00:00:00,115775,8849
2021-01-05 00:00:00,124955,9180
2021-01-06 00:00:00,137124,12169
2021-01-07 00:00:00,149952,12828
2021-01-08 00:00:00,162104,12152
2021-01-09 00:00:00,170089,7985
2021-01-10 00:00:00,173379,3290
2021-01-11 00:00:00,189291,15912
2021-01-12 00:00:00,212643,23352
2021-01-13 00:00:00,238125,25482
2021-01-14 00:00:00,263020,24895
2021-01-15 00:00:00,288402,25382
2021-01-16 00:00:00,304262,15860
2021-01-17 00:00:00,313656,9394
2021-01-18 00:00:00,332832,19176
2021-01-19 00:00:00,360162,27330
2021-01-20 00:00:00,392522,32360
2021-01-21 00:00:00,427916,35394
2021-01-22 00:00:00,466376,38460
2021-01-23 00:00:00,495241,28865
2021-01-24 00:00:00,511535,16294
2021-01-25 00:00:00,541588,30053
2021-01-26 00:00:00,578826,37238
2021-01-27 00:00:00,619125,40299
2021-01-28 00:00:00,659516,40391
2021-01-29 00:00:00,699830,40314
2021-01-30 00:00:00,726275,26445
2021-01-31 00:00:00,738002,11727
2021-02-01 00:00:00,771126,33124
2021-02-02 00:00:00,810614,39488
2021-02-03 00:00:00,855010,44396
2021-02-04 00:00:00,902394,47384
2021-02-05 00:00:00,947146,44752
2021-02-06 00:00:00,986263,39117
2021-02-07 00:00:00,1002748,16485
2021-02-08 00:00:00,1042158,39410
2021-02-09 00:00:00,1086900,44742
2021-02-10 00:00:00,1138475,51575
2021-02-11 00:00:00,1190818,52343
2021-02-12 00:00:00,1253311,62493
2021-02-13 00:00:00,1299817,46506
2021-02-14 00:00:00,1317346,17529
2021-02-15 00:00:00,1349345,31999
2021-02-16 00:00:00,1394583,45238
2021-02-17 00:00:00,1442435,47852
2021-02-18 00:00:00,1488283,45848
2021-02-19 00:00:00,1531941,43658
2021-02-20 00:00:00,1567681,35740
2021-02-21 00:00:00,1582943,15262
2021-02-22 00:00:00,1612076,29133
2021-02-23 00:00:00,1656992,44916
2021-02-24 00:00:00,1714746,57754
2021-02-25 00:00:00,1775945,61199
2021-02-26 00:00:00,1843753,67808
2021-02-27 00:00:00,1895812,52059
2021-02-28 00:00:00,1921971,26159
2021-03-01 00:00:00,1972005,50034
2021-03-02 00:00:00,2023791,51786
2021-03-03 00:00:00,2083333,59542
2021-03-04 00:00:00,2142698,59365
2021-03-05 00:00:00,2203157,60459
2021-03-06 00:00:00,2249234,46077
2021-03-07 00:00:00,2275587,26353
2021-03-08 00:00:00,2327772,52185
2021-03-09 00:00:00,2385646,57874
2021-03-10 00:00:00,2454559,68913
2021-03-11 00:00:00,2526978,72419
2021-03-12 00:00:00,2601493,74515
2021-03-13 00:00:00,2654705,53212
2021-03-14 00:00:00,2683776,29071
2021-03-15 00:00:00,2732843,49067
2021-03-16 00:00:00,2789017,56174
2021-03-17 00:00:00,2853217,64200
2021-03-18 00:00:00,2918715,65498
2021-03-19 00:00:00,2980415,61700
2021-03-20 00:00:00,3028475,48060
2021-03-21 00:00:00,3060506,32031
2021-03-22 00:00:00,3105480,44974
2021-03-23 00:00:00,3155630,50150
2021-03-24 00:00:00,3220527,64897
2021-03-25 00:00:00,3293581,73054
2021-03-26 00:00:00,3365571,71990
2021-03-27 00:00:00,3419754,54183
2021-03-28 00:00:00,3458590,38836
2021-03-29 00:00:00,3521368,62778
2021-03-30 00:00:00,3590077,68709
2021-03-31 00:00:00,3668884,78807
2021-04-01 00:00:00,3748442,79558
2021-04-02 00:00:00,3818821,70379
2021-04-03 00:00:00,3869133,50312
2021-04-04 00:00:00,3890427,21294
2021-04-05 00:00:00,3949958,59531
2021-04-06 00:00:00,4017175,67217
2021-04-07 00:00:00,4093535,76360
2021-04-08 00:00:00,4171403,77868
2021-04-09 00:00:00,4242988,71585
2021-04-10 00:00:00,4292778,49790
2021-04-11 00:00:00,4324045,31267
2021-04-12 00:00:00,4377275,53230
2021-04-13 00:00:00,4428025,50750
2021-04-14 00:00:00,4488695,60670
2021-04-15 00:00:00,4553742,65047
2021-04-16 00:00:00,4617381,63639
2021-04-17 00:00:00,4660579,43198
2021-04-18 00:00:00,4690652,30073
2021-04-19 00:00:00,4743979,53327
2021-04-20 00:00:00,4799335,55356
2021-04-21 00:00:00,4861943,62608
2021-04-22 00:00:00,4924997,63054
2021-04-23 00:00:00,4983914,58917
2021-04-24 00:00:00,5024012,40098
2021-04-25 00:00:00,5049854,25842
2021-04-26 00:00:00,5096933,47079
2021-04-27 00:00:00,5146612,49679
2021-04-28 00:00:00,5196889,50277
2021-04-29 00:00:00,5243260,46371
2021-04-30 00:00:00,5289054,45794
2021-05-01 00:00:00,5316777,27723
2021-05-02 00:00:00,5337962,21185
2021-05-03 00:00:00,5368407,30445
2021-05-04 00:00:00,5407976,39569
2021-05-05 00:00:00,5443596,35620
2021-05-06 00:00:00,5481559,37963
2021-05-07 00:00:00,5520314,38755
2021-05-08 00:00:00,5547160,26846
2021-05-09 00:00:00,5560063,12903
2021-05-10 00:00:00,5586307,26244
2021-05-11 00:00:00,5612767,26460
2021-05-12 00:00:00,5643543,30776
2021-05-13 00:00:00,5683276,39733
2021-05-14 00:00:00,5723393,40117
2021-05-15 00:00:00,5754365,30972
2021-05-16 00:00:00,5771573,17208
2021-05-17 00:00:00,5804103,32530
2021-05-18 00:00:00,5832030,27927
2021-05-19 00:00:00,5868369,36339
2021-05-20 00:00:00,5899280,30911
2021-05-21 00:00:00,5933277,33997
2021-05-22 00:00:00,5959367,26090
2021-05-23 00:00:00,5970240,10873
2021-05-24 00:00:00,5992913,22673
2021-05-25 00:00:00,6014543,21630
2021-05-26 00:00:00,6038000,23457
2021-05-27 00:00:00,6059561,21561
2021-05-28 00:00:00,6083622,24061
2021-05-29 00:00:00,6096867,13245
2021-05-30 00:00:00,6104281,7414
2021-05-31 00:00:00,6108748,4467
2021-06-01 00:00:00,6129644,20896
2021-06-02 00:00:00,6150055,20411
2021-06-03 00:00:00,6173483,23428
2021-06-04 00:00:00,6199770,26287
2021-06-05 00:00:00,6220428,20658
2021-06-06 00:00:00,6230138,9710
2021-06-07 00:00:00,6250154,20016
2021-06-08 00:00:00,6269198,19044
2021-06-09 00:00:00,6289652,20454
2021-06-10 00:00:00,6310260,20608
2021-06-11 00:00:00,6335752,25492
2021-06-12 00:00:00,6352617,16865
2021-06-13 00:00:00,6360634,8017
2021-06-14 00:00:00,6378290,17656
2021-06-15 00:00:00,6394549,16259
2021-06-16 00:00:00,6411143,16594
2021-06-17 00:00:00,6427256,16113
2021-06-18 00:00:00,6446210,18954
2021-06-19 00:00:00,6457339,11129
2021-06-20 00:00:00,6463067,5728
2021-06-21 00:00:00,6474655,11588
2021-06-22 00:00:00,6488613,13958
2021-06-23 00:00:00,6503763,15150
2021-06-24 00:00:00,6518006,14243
2021-06-25 00:00:00,6534252,16246
2021-06-26 00:00:00,6544183,9931
2021-06-27 00:00:00,6550101,5918
2021-06-28 00:00:00,6561943,11842
2021-06-29 00:00:00,6573848,11905
2021-06-30 00:00:00,6586856,13008
2021-07-01 00:00:00,6599461,12605
2021-07-02 00:00:00,6612775,13314
2021-07-03 00:00:00,6620459,7684
2021-07-04 00:00:00,6621783,1324
2021-07-05 00:00:00,6631090,9307
2021-07-06 00:00:00,6642019,10929
2021-07-07 00:00:00,6653211,11192
2021-07-08 00:00:00,6664252,11041
2021-07-09 00:00:00,6679398,15146
2021-07-10 00:00:00,6689338,9940
2021-07-11 00:00:00,6694338,5000
2021-07-12 00:00:00,6705397,11059
2021-07-13 00:00:00,6715422,10025
2021-07-14 00:00:00,6725975,10553
2021-07-15 00:00:00,6736646,10671
2021-07-16 00:00:00,6750280,13634
2021-07-17 00:00:00,6758745,8465
2021-07-18 00:00:00,6764062,5317
2021-07-19 00:00:00,6776466,12404
2021-07-20 00:00:00,6788214,11748
2021-07-21 00:00:00,6801051,12837
2021-07-22 00:00:00,6814061,13010
2021-07-23 00:00:00,6829969,15908
2021-07-24 00:00:00,6840569,10600
2021-07-25 00:00:00,6847223,6654
2021-07-26 00:00:00,6861161,13938
2021-07-27 00:00:00,6875118,13957
2021-07-28 00:00:00,6889745,14627
2021-07-29 00:00:00,6904031,14286
2021-07-30 00:00:00,6923304,19273
2021-07-31 00:00:00,6936406,13102
2021-08-01 00:00:00,6943920,7514
2021-08-02 00:00:00,6958853,14933
2021-08-03 00:00:00,6972566,13713
2021-08-04 00:00:00,6986959,14393
2021-08-05 00:00:00,7001042,14083
2021-08-06 00:00:00,7020669,19627
2021-08-07 00:00:00,7033756,13087
2021-08-08 00:00:00,7041439,7683
2021-08-09 00:00:00,7056785,15346
2021-08-10 00:00:00,7071035,14250
2021-08-11 00:00:00,7085234,14199
2021-08-12 00:00:00,7100381,15147
2021-08-13 00:00:00,7120905,20524
2021-08-14 00:00:00,7134765,13860
2021-08-15 00:00:00,7143285,8520
2021-08-16 00:00:00,7160296,17011
2021-08-17 00:00:00,7176474,16178
2021-08-18 00:00:00,7193208,16734
2021-08-19 00:00:00,7208659,15451
2021-08-20 00:00:00,7228591,19932
2021-08-21 00:00:00,7242347,13756
2021-08-22 00:00:00,7250385,8038
2021-08-23 00:00:00,7267145,16760
2021-08-24 00:00:00,7283210,16065
2021-08-25 00:00:00,7299318,16108
2021-08-26 00:00:00,7314922,15604
2021-08-27 00:00:00,7335337,20415
2021-08-28 00:00:00,7348773,13436
2021-08-29 00:00:00,7356829,8056
2021-08-30 00:00:00,7372174,15345
2021-08-31 00:00:00,7385282,13108
2021-09-01 00:00:00,7399255,13973
2021-09-02 00:00:00,7410490,11235
2021-09-03 00:00:00,7428589,18099
2021-09-04 00:00:00,7439123,10534
2021-09-05 00:00:00,7445639,6516
2021-09-06 00:00:00,7447965,2326
2021-09-07 00:00:00,7461517,13552
2021-09-08 00:00:00,7474397,12880
2021-09-09 00:00:00,7485112,10715
2021-09-10 00:00:00,7501728,16616
2021-09-11 00:00:00,7512527,10799
2021-09-12 00:00:00,7519060,6533
2021-09-13 00:00:00,7532354,13294
2021-09-14 00:00:00,7544398,12044
2021-09-15 00:00:00,7551642,7244
2021-09-16 00:00:00,7561364,9722
2021-09-17 00:00:00,7576587,15223
2021-09-18 00:00:00,7586375,9788
2021-09-19 00:00:00,7591756,5381
2021-09-20 00:00:00,7598792,7036
2021-09-21 00:00:00,7609238,10446
2021-09-22 00:00:00,7620127,10889
2021-09-23 00:00:00,7630738,10611
2021-09-24 00:00:00,7649701,18963
2021-09-25 00:00:00,7663195,13494
2021-09-26 00:00:00,7668323,5128
2021-09-27 00:00:00,7683623,15300
2021-09-28 00:00:00,7689838,6215
2021-09-29 00:00:00,7693838,4000
