date,Arizona_cume,Arizona
10/27/2021,216,
10/26/2021,235,19
10/25/2021,256,21
10/24/2021,264,8
10/23/2021,268,4
10/22/2021,271,3
10/21/2021,290,19
10/20/2021,301,11
10/19/2021,320,19
10/18/2021,341,21
10/17/2021,358,17
10/16/2021,370,12
10/15/2021,378,8
10/14/2021,401,23
10/13/2021,486,85
10/12/2021,1120,634
10/11/2021,4375,3255
10/10/2021,8097,3722
10/9/2021,10669,2572
10/8/2021,11741,1072
10/7/2021,17312,5571
10/6/2021,25153,7841
10/5/2021,35031,9878
10/4/2021,38910,3879
10/3/2021,39055,145
10/2/2021,45610,6555
10/1/2021,48282,2672
9/30/2021,57788,9506
9/29/2021,71106,13318
9/28/2021,86253,15147
9/27/2021,94320,8067
9/26/2021,96773,2453
9/25/2021,104503,7730
9/24/2021,107752,3249
9/23/2021,116695,8943
9/22/2021,125950,9255
9/21/2021,138181,12231
9/20/2021,151062,12881
9/19/2021,163265,12203
9/18/2021,171260,7995
9/17/2021,174571,3311
9/16/2021,190557,15986
9/15/2021,213980,23423
9/14/2021,239530,25550
9/13/2021,264520,24990
9/12/2021,289997,25477
9/11/2021,305884,15887
9/10/2021,315300,9416
9/9/2021,334522,19222
9/8/2021,361956,27434
9/7/2021,394464,32508
9/6/2021,429981,35517
9/5/2021,468543,38562
9/4/2021,497447,28904
9/3/2021,513770,16323
9/2/2021,543920,30150
9/1/2021,581240,37320
8/31/2021,621627,40387
8/30/2021,662132,40505
8/29/2021,702540,40408
8/28/2021,729028,26488
8/27/2021,740818,11790
8/26/2021,774636,33818
8/25/2021,814309,39673
8/24/2021,858909,44600
8/23/2021,906487,47578
8/22/2021,951381,44894
8/21/2021,990614,39233
8/20/2021,1007128,16514
8/19/2021,1046674,39546
8/18/2021,1091560,44886
8/17/2021,1143325,51765
8/16/2021,1195809,52484
8/15/2021,1258464,62655
8/14/2021,1305034,46570
8/13/2021,1322602,17568
8/12/2021,1354760,32158
8/11/2021,1400125,45365
8/10/2021,1448107,47982
8/9/2021,1494101,45994
8/8/2021,1537870,43769
8/7/2021,1573718,35848
8/6/2021,1589070,15352
8/5/2021,1618377,29307
8/4/2021,1663401,45024
8/3/2021,1721303,57902
8/2/2021,1782646,61343
8/1/2021,1850585,67939
7/31/2021,1902858,52273
7/30/2021,1929184,26326
7/29/2021,1980161,50977
7/28/2021,2032130,51969
7/27/2021,2091844,59714
7/26/2021,2151358,59514
7/25/2021,2211968,60610
7/24/2021,2258195,46227
7/23/2021,2284606,26411
7/22/2021,2336955,52349
7/21/2021,2394969,58014
7/20/2021,2464089,69120
7/19/2021,2536671,72582
7/18/2021,2611355,74684
7/17/2021,2664650,53295
7/16/2021,2693785,29135
7/15/2021,2743086,49301
7/14/2021,2799382,56296
7/13/2021,2863748,64366
7/12/2021,2929368,65620
7/11/2021,2991167,61799
7/10/2021,3039351,48184
7/9/2021,3071482,32131
7/8/2021,3116605,45123
7/7/2021,3166858,50253
7/6/2021,3231878,65020
7/5/2021,3305062,73184
7/4/2021,3377226,72164
7/3/2021,3431486,54260
7/2/2021,3470413,38927
7/1/2021,3533381,62968
6/30/2021,3602286,68905
6/29/2021,3681288,79002
6/28/2021,3761664,80376
6/27/2021,3832174,70510
6/26/2021,3882562,50388
6/25/2021,3903900,21338
6/24/2021,3963576,59676
6/23/2021,4030915,67339
6/22/2021,4107382,76467
6/21/2021,4185369,77987
6/20/2021,4257189,71820
6/19/2021,4307066,49877
6/18/2021,4338371,31305
6/17/2021,4391721,53350
6/16/2021,4442572,50851
6/15/2021,4503368,60796
6/14/2021,4568587,65219
6/13/2021,4632327,63740
6/12/2021,4675590,43263
6/11/2021,4705717,30127
6/10/2021,4759111,53394
6/9/2021,4814569,55458
6/8/2021,4877342,62773
6/7/2021,4940547,63205
6/6/2021,4999550,59003
6/5/2021,5039689,40139
6/4/2021,5065567,25878
6/3/2021,5112756,47189
6/2/2021,5162583,49827
6/1/2021,5212988,50405
5/31/2021,5259475,46487
5/30/2021,5305407,45932
5/29/2021,5333471,28064
5/28/2021,5354684,21213
5/27/2021,5385203,30519
5/26/2021,5424838,39635
5/25/2021,5460525,35687
5/24/2021,5498552,38027
5/23/2021,5537364,38812
5/22/2021,5564237,26873
5/21/2021,5577156,12919
5/20/2021,5603466,26310
5/19/2021,5629982,26516
5/18/2021,5660820,30838
5/17/2021,5700600,39780
5/16/2021,5740763,40163
5/15/2021,5771792,31029
5/14/2021,5789016,17224
5/13/2021,5821592,32576
5/12/2021,5849566,27974
5/11/2021,5885948,36382
5/10/2021,5916919,30971
5/9/2021,5950969,34050
5/8/2021,5977115,26146
5/7/2021,5988006,10891
5/6/2021,6010729,22723
5/5/2021,6032400,21671
5/4/2021,6055885,23485
5/3/2021,6077493,21608
5/2/2021,6101599,24106
5/1/2021,6114874,13275
4/30/2021,6122306,7432
4/29/2021,6126804,4498
4/28/2021,6147884,21080
4/27/2021,6168334,20450
4/26/2021,6191790,23456
4/25/2021,6218118,26328
4/24/2021,6238790,20672
4/23/2021,6248509,9719
4/22/2021,6268555,20046
4/21/2021,6287628,19073
4/20/2021,6308111,20483
4/19/2021,6328763,20652
4/18/2021,6354281,25518
4/17/2021,6371162,16881
4/16/2021,6379189,8027
4/15/2021,6396880,17691
4/14/2021,6413178,16298
4/13/2021,6429796,16618
4/12/2021,6445929,16133
4/11/2021,6464911,18982
4/10/2021,6476056,11145
4/9/2021,6481798,5742
4/8/2021,6493419,11621
4/7/2021,6507408,13989
4/6/2021,6522584,15176
4/5/2021,6536853,14269
4/4/2021,6553142,16289
4/3/2021,6563087,9945
4/2/2021,6569010,5923
4/1/2021,6580866,11856
3/31/2021,6592795,11929
3/30/2021,6605842,13047
3/29/2021,6618571,12729
3/28/2021,6631901,13330
3/27/2021,6639592,7691
3/26/2021,6640922,1330
3/25/2021,6650244,9322
3/24/2021,6661190,10946
3/23/2021,6672407,11217
3/22/2021,6683475,11068
3/21/2021,6698665,15190
3/20/2021,6708758,10093
3/19/2021,6713759,5001
3/18/2021,6724841,11082
3/17/2021,6734889,10048
3/16/2021,6745466,10577
3/15/2021,6756168,10702
3/14/2021,6769827,13659
3/13/2021,6778306,8479
3/12/2021,6783632,5326
3/11/2021,6796060,12428
3/10/2021,6807841,11781
3/9/2021,6820736,12895
3/8/2021,6833799,13063
3/7/2021,6849775,15976
3/6/2021,6860499,10724
3/5/2021,6867159,6660
3/4/2021,6881126,13967
3/3/2021,6895154,14028
3/2/2021,6909843,14689
3/1/2021,6924194,14351
2/28/2021,6943633,19439
2/27/2021,6957004,13371
2/26/2021,6964618,7614
2/25/2021,6979592,14974
2/24/2021,6993342,13750
2/23/2021,7007828,14486
2/22/2021,7022036,14208
2/21/2021,7041764,19728
2/20/2021,7054875,13111
2/19/2021,7062570,7695
2/18/2021,7077996,15426
2/17/2021,7092330,14334
2/16/2021,7106623,14293
2/15/2021,7121850,15227
2/14/2021,7142463,20613
2/13/2021,7156364,13901
2/12/2021,7164904,8540
2/11/2021,7182007,17103
2/10/2021,7198291,16284
2/9/2021,7215145,16854
2/8/2021,7230687,15542
2/7/2021,7250796,20109
2/6/2021,7264692,13896
2/5/2021,7272746,8054
2/4/2021,7289586,16840
2/3/2021,7305735,16149
2/2/2021,7321901,16166
2/1/2021,7337631,15730
1/31/2021,7358202,20571
1/30/2021,7371792,13590
1/29/2021,7379864,8072
1/28/2021,7395337,15473
1/27/2021,7408606,13269
1/26/2021,7422832,14226
1/25/2021,7434190,11358
1/24/2021,7452461,18271
1/23/2021,7463024,10563
1/22/2021,7469550,6526
1/21/2021,7471908,2358
1/20/2021,7485610,13702
1/19/2021,7498662,13052
1/18/2021,7509644,10982
1/17/2021,7526524,16880
1/16/2021,7537687,11163
1/15/2021,7544265,6578
1/14/2021,7557899,13634
1/13/2021,7570196,12297
1/12/2021,7577685,7489
1/11/2021,7587649,9964
1/10/2021,7603289,15640
1/9/2021,7613155,9866
1/8/2021,7618605,5450
1/7/2021,7625877,7272
1/6/2021,7636638,10761
1/5/2021,7647922,11284
1/4/2021,7658890,10968
1/3/2021,7679030,20140
1/2/2021,7694034,15004
1/1/2021,7702728,8694
12/31/2020,7723006,20278
12/30/2020,7743012,20006
12/29/2020,7763278,20266
12/28/2020,7783805,20527
12/27/2020,7806199,22394
12/26/2020,7818007,11808
12/25/2020,7824342,6335
12/24/2020,7842500,18158
12/23/2020,7861139,18639
12/22/2020,7877572,16433
12/21/2020,7891820,14248
12/20/2020,7908457,16637
12/19/2020,7919279,10822
12/18/2020,7926404,7125
12/17/2020,7943268,16864
12/16/2020,7952596,9328
12/15/2020,7965382,12786
12/14/2020,7981362,15980
12/13/2020,7998465,17103
12/12/2020,8008625,10160
12/11/2020,8014895,6270
12/10/2020,8030273,15378
12/9/2020,8044668,14395
12/8/2020,8058559,13891
12/7/2020,8072303,13744
12/6/2020,8095850,23547
12/5/2020,8109879,14029
12/4/2020,8119050,9171
12/3/2020,8140939,21889
12/2/2020,8161640,20701
12/1/2020,8169884,8244
