date,Maricopa_cume,Maricopa
2020-12-01 00:00:00,28,
2020-12-02 00:00:00,34,6
2020-12-03 00:00:00,39,5
2020-12-04 00:00:00,40,1
2020-12-08 00:00:00,41,1
2020-12-09 00:00:00,45,4
2020-12-10 00:00:00,50,5
2020-12-11 00:00:00,54,4
2020-12-12 00:00:00,56,2
2020-12-14 00:00:00,59,3
2020-12-15 00:00:00,67,8
2020-12-16 00:00:00,96,29
2020-12-17 00:00:00,1339,1243
2020-12-18 00:00:00,2991,1652
2020-12-19 00:00:00,4673,1682
2020-12-20 00:00:00,5639,966
2020-12-21 00:00:00,8885,3246
2020-12-22 00:00:00,13123,4238
2020-12-23 00:00:00,17936,4813
2020-12-24 00:00:00,19495,1559
2020-12-25 00:00:00,19496,1
2020-12-26 00:00:00,24607,5111
2020-12-27 00:00:00,26921,2314
2020-12-28 00:00:00,32089,5168
2020-12-29 00:00:00,40080,7991
2020-12-30 00:00:00,48913,8833
2020-12-31 00:00:00,52678,3765
2021-01-01 00:00:00,52996,318
2021-01-02 00:00:00,59187,6191
2021-01-03 00:00:00,61873,2686
2021-01-04 00:00:00,66465,4592
2021-01-05 00:00:00,70766,4301
2021-01-06 00:00:00,75779,5013
2021-01-07 00:00:00,81035,5256
2021-01-08 00:00:00,85579,4544
2021-01-09 00:00:00,90208,4629
2021-01-10 00:00:00,92911,2703
2021-01-11 00:00:00,101862,8951
2021-01-12 00:00:00,112573,10711
2021-01-13 00:00:00,124083,11510
2021-01-14 00:00:00,135489,11406
2021-01-15 00:00:00,145238,9749
2021-01-16 00:00:00,151583,6345
2021-01-17 00:00:00,154291,2708
2021-01-18 00:00:00,161064,6773
2021-01-19 00:00:00,173212,12148
2021-01-20 00:00:00,186409,13197
2021-01-21 00:00:00,200833,14424
2021-01-22 00:00:00,218046,17213
2021-01-23 00:00:00,231866,13820
2021-01-24 00:00:00,239085,7219
2021-01-25 00:00:00,250458,11373
2021-01-26 00:00:00,267309,16851
2021-01-27 00:00:00,283094,15785
2021-01-28 00:00:00,297358,14264
2021-01-29 00:00:00,314513,17155
2021-01-30 00:00:00,325828,11315
2021-01-31 00:00:00,329309,3481
2021-02-01 00:00:00,337669,8360
2021-02-02 00:00:00,351927,14258
2021-02-03 00:00:00,366071,14144
2021-02-04 00:00:00,382781,16710
2021-02-05 00:00:00,397697,14916
2021-02-06 00:00:00,412096,14399
2021-02-07 00:00:00,414524,2428
2021-02-08 00:00:00,425678,11154
2021-02-09 00:00:00,443578,17900
2021-02-10 00:00:00,459978,16400
2021-02-11 00:00:00,477043,17065
2021-02-12 00:00:00,503674,26631
2021-02-13 00:00:00,523339,19665
2021-02-14 00:00:00,527172,3833
2021-02-15 00:00:00,536371,9199
2021-02-16 00:00:00,554407,18036
2021-02-17 00:00:00,573808,19401
2021-02-18 00:00:00,593851,20043
2021-02-19 00:00:00,614525,20674
2021-02-20 00:00:00,630539,16014
2021-02-21 00:00:00,633478,2939
2021-02-22 00:00:00,642756,9278
2021-02-23 00:00:00,662107,19351
2021-02-24 00:00:00,683320,21213
2021-02-25 00:00:00,703126,19806
2021-02-26 00:00:00,729739,26613
2021-02-27 00:00:00,748914,19175
2021-02-28 00:00:00,752911,3997
2021-03-01 00:00:00,766787,13876
2021-03-02 00:00:00,783999,17212
2021-03-03 00:00:00,802238,18239
2021-03-04 00:00:00,820704,18466
2021-03-05 00:00:00,840279,19575
2021-03-06 00:00:00,854709,14430
2021-03-07 00:00:00,859439,4730
2021-03-08 00:00:00,876192,16753
2021-03-09 00:00:00,895573,19381
2021-03-10 00:00:00,918032,22459
2021-03-11 00:00:00,941341,23309
2021-03-12 00:00:00,970625,29284
2021-03-13 00:00:00,987785,17160
2021-03-14 00:00:00,994942,7157
2021-03-15 00:00:00,1012170,17228
2021-03-16 00:00:00,1032183,20013
2021-03-17 00:00:00,1055429,23246
2021-03-18 00:00:00,1078726,23297
2021-03-19 00:00:00,1099827,21101
2021-03-20 00:00:00,1117859,18032
2021-03-21 00:00:00,1126669,8810
2021-03-22 00:00:00,1143346,16677
2021-03-23 00:00:00,1161506,18160
2021-03-24 00:00:00,1183324,21818
2021-03-25 00:00:00,1206896,23572
2021-03-26 00:00:00,1228700,21804
2021-03-27 00:00:00,1244884,16184
2021-03-28 00:00:00,1252942,8058
2021-03-29 00:00:00,1272185,19243
2021-03-30 00:00:00,1292973,20788
2021-03-31 00:00:00,1318809,25836
2021-04-01 00:00:00,1345736,26927
2021-04-02 00:00:00,1368510,22774
2021-04-03 00:00:00,1381629,13119
2021-04-04 00:00:00,1388229,6600
2021-04-05 00:00:00,1411688,23459
2021-04-06 00:00:00,1438631,26943
2021-04-07 00:00:00,1469639,31008
2021-04-08 00:00:00,1502133,32494
2021-04-09 00:00:00,1530087,27954
2021-04-10 00:00:00,1548019,17932
2021-04-11 00:00:00,1558071,10052
2021-04-12 00:00:00,1579024,20953
2021-04-13 00:00:00,1598258,19234
2021-04-14 00:00:00,1619556,21298
2021-04-15 00:00:00,1642383,22827
2021-04-16 00:00:00,1664368,21985
2021-04-17 00:00:00,1679786,15418
2021-04-18 00:00:00,1687670,7884
2021-04-19 00:00:00,1706962,19292
2021-04-20 00:00:00,1726165,19203
2021-04-21 00:00:00,1748650,22485
2021-04-22 00:00:00,1771899,23249
2021-04-23 00:00:00,1792345,20446
2021-04-24 00:00:00,1805565,13220
2021-04-25 00:00:00,1813181,7616
2021-04-26 00:00:00,1827355,14174
2021-04-27 00:00:00,1842948,15593
2021-04-28 00:00:00,1862781,19833
2021-04-29 00:00:00,1881169,18388
2021-04-30 00:00:00,1902065,20896
2021-05-01 00:00:00,1914194,12129
2021-05-02 00:00:00,1921948,7754
2021-05-03 00:00:00,1936011,14063
2021-05-04 00:00:00,1952649,16638
2021-05-05 00:00:00,1967673,15024
2021-05-06 00:00:00,1983488,15815
2021-05-07 00:00:00,1999547,16059
2021-05-08 00:00:00,2008957,9410
2021-05-09 00:00:00,2011296,2339
2021-05-10 00:00:00,2022323,11027
2021-05-11 00:00:00,2033631,11308
2021-05-12 00:00:00,2044916,11285
2021-05-13 00:00:00,2052469,7553
