date,Pima_cume,Pima
1/1/2021,20,
1/10/2021,22,2
1/11/2021,26,4
1/12/2021,27,1
1/13/2021,28,1
1/14/2021,33,5
1/15/2021,34,1
1/16/2021,38,4
1/17/2021,39,1
1/18/2021,40,1
1/19/2021,44,4
1/2/2021,63,19
1/20/2021,67,4
1/21/2021,1301,1234
1/22/2021,2711,1410
1/23/2021,3452,741
1/24/2021,3460,8
1/25/2021,4987,1527
1/26/2021,6499,1512
1/27/2021,8358,1859
1/28/2021,9401,1043
1/29/2021,9403,2
1/3/2021,10197,794
1/30/2021,10366,169
1/31/2021,12227,1861
1/4/2021,14320,2093
1/5/2021,16591,2271
1/6/2021,18252,1661
1/7/2021,18647,395
1/8/2021,19277,630
1/9/2021,19715,438
12/1/2020,21551,1836
12/10/2020,23302,1751
12/11/2020,25471,2169
12/12/2020,27728,2257
12/13/2020,30392,2664
12/14/2020,31917,1525
12/15/2020,32326,409
12/16/2020,35116,2790
12/17/2020,37862,2746
12/18/2020,40359,2497
12/19/2020,42799,2440
12/2/2020,46894,4095
12/20/2020,48305,1411
12/21/2020,48814,509
12/22/2020,52789,3975
12/23/2020,56907,4118
12/24/2020,61658,4751
12/25/2020,67016,5358
12/26/2020,73591,6575
12/27/2020,76156,2565
12/28/2020,77163,1007
12/29/2020,84513,7350
12/3/2020,91525,7012
12/30/2020,99096,7571
12/31/2020,106066,6970
12/4/2020,113365,7299
12/5/2020,117195,3830
12/9/2020,118718,1523
2/1/2021,124536,5818
2/10/2021,130885,6349
2/11/2021,137898,7013
2/12/2021,145168,7270
2/13/2021,154002,8834
2/14/2021,158373,4371
2/15/2021,159471,1098
2/16/2021,166366,6895
2/17/2021,172578,6212
2/18/2021,180109,7531
2/19/2021,187864,7755
2/2/2021,196668,8804
2/20/2021,200970,4302
2/21/2021,201901,931
2/22/2021,208063,6162
2/23/2021,214957,6894
2/24/2021,222513,7556
2/25/2021,229777,7264
2/26/2021,234114,4337
2/27/2021,236229,2115
2/28/2021,236915,686
2/3/2021,240754,3839
2/4/2021,245306,4552
2/5/2021,251709,6403
2/6/2021,259955,8246
2/7/2021,270150,10195
2/8/2021,274544,4394
2/9/2021,276719,2175
3/1/2021,284226,7507
3/10/2021,290921,6695
3/11/2021,299088,8167
3/12/2021,305431,6343
3/13/2021,313366,7935
3/14/2021,318093,4727
3/15/2021,320390,2297
3/16/2021,328353,7963
3/17/2021,336310,7957
3/18/2021,346202,9892
3/19/2021,355811,9609
3/2/2021,366294,10483
3/20/2021,371485,5191
3/21/2021,373326,1841
3/22/2021,380095,6769
3/23/2021,387759,7664
3/24/2021,396601,8842
3/25/2021,405226,8625
3/26/2021,414311,9085
3/27/2021,418741,4430
3/28/2021,422304,3563
3/29/2021,428773,6469
3/3/2021,436056,7283
3/30/2021,444840,8784
3/31/2021,454975,10135
3/4/2021,465319,10344
3/5/2021,470972,5653
3/6/2021,473942,2970
3/7/2021,480690,6748
3/8/2021,489092,8402
3/9/2021,498768,9676
4/1/2021,506711,7943
4/10/2021,515468,8757
4/11/2021,520531,5063
4/12/2021,522352,1821
4/13/2021,530369,8017
4/14/2021,539146,8777
4/15/2021,549995,10849
4/16/2021,560577,10582
4/17/2021,571786,11209
4/18/2021,577402,5616
4/19/2021,579354,1952
4/2/2021,587848,8494
4/20/2021,595099,7251
4/21/2021,603398,8299
4/22/2021,612088,8690
4/23/2021,621152,9064
4/24/2021,624722,3570
4/25/2021,627349,2627
4/26/2021,633753,6404
4/27/2021,640651,6898
4/28/2021,648587,7936
4/29/2021,656277,7690
4/3/2021,664727,8450
4/30/2021,669550,4823
4/4/2021,671112,1562
4/5/2021,678671,7559
4/6/2021,686013,7342
4/7/2021,693289,7276
4/8/2021,700265,6976
4/9/2021,706612,6347
5/1/2021,708815,2203
5/10/2021,710019,1204
5/11/2021,715747,5728
5/12/2021,721229,5482
5/13/2021,727431,6202
5/14/2021,732594,5163
5/15/2021,737982,5388
5/16/2021,740456,2474
5/17/2021,741446,990
5/18/2021,745358,3912
5/19/2021,748636,3278
5/2/2021,752316,3680
5/20/2021,756965,4649
5/21/2021,762340,5375
5/22/2021,765648,3308
5/23/2021,767546,1898
5/24/2021,771875,4329
5/25/2021,775172,3297
5/26/2021,778418,3246
5/27/2021,781602,3184
5/28/2021,786101,4499
5/29/2021,788839,2738
5/3/2021,790487,1648
5/30/2021,793509,3022
5/31/2021,796514,3005
5/4/2021,799340,2826
5/5/2021,801882,2542
5/6/2021,805235,3353
5/7/2021,807047,1812
5/8/2021,807975,928
5/9/2021,808682,707
6/1/2021,811537,2855
6/10/2021,813959,2422
6/11/2021,816585,2626
6/12/2021,820002,3417
6/13/2021,822670,2668
6/14/2021,824322,1652
6/15/2021,827061,2739
6/16/2021,829528,2467
6/17/2021,831878,2350
6/18/2021,834263,2385
6/19/2021,837156,2893
6/2/2021,839430,2274
6/20/2021,840585,1155
6/21/2021,843292,2707
6/22/2021,845194,1902
6/23/2021,847265,2071
6/24/2021,849217,1952
6/25/2021,851788,2571
6/26/2021,853432,1644
6/27/2021,854189,757
6/28/2021,855972,1783
6/29/2021,857984,2012
6/3/2021,859909,1925
6/30/2021,861696,1787
6/4/2021,864053,2357
6/5/2021,865481,1428
6/6/2021,866086,605
6/7/2021,867555,1469
6/8/2021,869158,1603
6/9/2021,870808,1650
7/1/2021,872124,1316
7/10/2021,873747,1623
7/11/2021,874599,852
7/12/2021,874813,214
7/13/2021,875789,976
7/14/2021,877252,1463
7/15/2021,878953,1701
7/16/2021,880768,1815
7/17/2021,882714,1946
7/18/2021,883828,1114
7/19/2021,884293,465
7/2/2021,885632,1339
7/20/2021,887019,1387
7/21/2021,888273,1254
7/22/2021,889498,1225
7/23/2021,891210,1712
7/24/2021,892355,1145
7/25/2021,892847,492
7/26/2021,894347,1500
7/27/2021,895842,1495
7/28/2021,897390,1548
7/29/2021,898850,1460
7/3/2021,900755,1905
7/30/2021,901861,1106
7/31/2021,902512,651
7/4/2021,904142,1630
7/5/2021,906200,2058
7/6/2021,908236,2036
7/7/2021,910035,1799
7/8/2021,912561,2526
7/9/2021,914108,1547
8/1/2021,914836,728
8/10/2021,916682,1846
8/11/2021,918679,1997
8/12/2021,920474,1795
8/13/2021,922007,1533
8/14/2021,924601,2594
8/15/2021,926031,1430
8/16/2021,926755,724
8/17/2021,928548,1793
8/18/2021,930283,1735
8/19/2021,931982,1699
8/2/2021,933638,1656
8/20/2021,936297,2659
8/21/2021,937854,1557
8/22/2021,938896,1042
8/23/2021,941073,2177
8/24/2021,943199,2126
8/25/2021,945564,2365
8/26/2021,947596,2032
8/27/2021,950372,2776
8/28/2021,951808,1436
8/29/2021,952974,1166
8/3/2021,955305,2331
8/30/2021,957804,2499
8/31/2021,959984,2180
8/4/2021,961844,1860
8/5/2021,964364,2520
8/6/2021,965785,1421
8/7/2021,966786,1001
8/8/2021,968477,1691
8/9/2021,970225,1748
9/1/2021,971781,1556
9/10/2021,973156,1375
9/11/2021,975342,2186
9/12/2021,976424,1082
9/13/2021,977148,724
9/14/2021,977381,233
9/15/2021,978756,1375
9/16/2021,980203,1447
9/17/2021,981496,1293
9/18/2021,983569,2073
9/19/2021,984991,1422
9/2/2021,985746,755
9/20/2021,987246,1500
9/21/2021,988823,1577
9/22/2021,989676,853
9/23/2021,990980,1304
9/24/2021,993062,2082
9/25/2021,994201,1139
9/26/2021,994722,521
9/27/2021,995592,870
9/3/2021,997036,1444
9/4/2021,998403,1367
9/5/2021,999535,1132
9/6/2021,1001602,2067
9/7/2021,1003421,1819
9/8/2021,1004180,759
9/9/2021,1004529,349
