date,Arizona_cume,Arizona
2020-12-01 00:00:00,65,
2020-12-02 00:00:00,77,12
2020-12-03 00:00:00,87,10
2020-12-04 00:00:00,91,4
2020-12-05 00:00:00,93,2
2020-12-07 00:00:00,99,6
2020-12-08 00:00:00,103,4
2020-12-09 00:00:00,109,6
2020-12-10 00:00:00,118,9
2020-12-11 00:00:00,127,9
2020-12-12 00:00:00,134,7
2020-12-13 00:00:00,138,4
2020-12-14 00:00:00,149,11
2020-12-15 00:00:00,192,43
2020-12-16 00:00:00,766,574
2020-12-17 00:00:00,3908,3142
2020-12-18 00:00:00,7542,3634
2020-12-19 00:00:00,10099,2557
2020-12-20 00:00:00,11118,1019
2020-12-21 00:00:00,16621,5503
2020-12-22 00:00:00,24398,7777
2020-12-23 00:00:00,34105,9707
2020-12-24 00:00:00,37947,3842
2020-12-25 00:00:00,38084,137
2020-12-26 00:00:00,44602,6518
2020-12-27 00:00:00,47253,2651
2020-12-28 00:00:00,56634,9381
2020-12-29 00:00:00,69511,12877
2020-12-30 00:00:00,84340,14829
2020-12-31 00:00:00,92144,7804
2021-01-01 00:00:00,93082,938
2021-01-02 00:00:00,100645,7563
2021-01-03 00:00:00,103849,3204
2021-01-04 00:00:00,112504,8655
2021-01-05 00:00:00,121429,8925
2021-01-06 00:00:00,133299,11870
2021-01-07 00:00:00,145875,12576
2021-01-08 00:00:00,157872,11997
2021-01-09 00:00:00,165809,7937
2021-01-10 00:00:00,169036,3227
2021-01-11 00:00:00,184775,15739
2021-01-12 00:00:00,207931,23156
2021-01-13 00:00:00,233165,25234
2021-01-14 00:00:00,257850,24685
2021-01-15 00:00:00,282807,24957
2021-01-16 00:00:00,298559,15752
2021-01-17 00:00:00,307885,9326
2021-01-18 00:00:00,326897,19012
2021-01-19 00:00:00,353923,27026
2021-01-20 00:00:00,385887,31964
2021-01-21 00:00:00,420901,35014
2021-01-22 00:00:00,458836,37935
2021-01-23 00:00:00,487560,28724
2021-01-24 00:00:00,503753,16193
2021-01-25 00:00:00,533207,29454
2021-01-26 00:00:00,569940,36733
2021-01-27 00:00:00,609786,39846
2021-01-28 00:00:00,649669,39883
2021-01-29 00:00:00,689561,39892
2021-01-30 00:00:00,715875,26314
2021-01-31 00:00:00,727468,11593
2021-02-01 00:00:00,757931,30463
2021-02-02 00:00:00,796628,38697
2021-02-03 00:00:00,840401,43773
2021-02-04 00:00:00,887126,46725
2021-02-05 00:00:00,931042,43916
2021-02-06 00:00:00,969289,38247
2021-02-07 00:00:00,985636,16347
2021-02-08 00:00:00,1024500,38864
2021-02-09 00:00:00,1068844,44344
2021-02-10 00:00:00,1119508,50664
2021-02-11 00:00:00,1171070,51562
2021-02-12 00:00:00,1232892,61822
2021-02-13 00:00:00,1278536,45644
2021-02-14 00:00:00,1295920,17384
2021-02-15 00:00:00,1327324,31404
2021-02-16 00:00:00,1372029,44705
2021-02-17 00:00:00,1419279,47250
2021-02-18 00:00:00,1464445,45166
2021-02-19 00:00:00,1507342,42897
2021-02-20 00:00:00,1542670,35328
2021-02-21 00:00:00,1557611,14941
2021-02-22 00:00:00,1585887,28276
2021-02-23 00:00:00,1630180,44293
2021-02-24 00:00:00,1687311,57131
2021-02-25 00:00:00,1747858,60547
2021-02-26 00:00:00,1814929,67071
2021-02-27 00:00:00,1866696,51767
2021-02-28 00:00:00,1892376,25680
2021-03-01 00:00:00,1938498,46122
2021-03-02 00:00:00,1989573,51075
2021-03-03 00:00:00,2048442,58869
2021-03-04 00:00:00,2107125,58683
2021-03-05 00:00:00,2166545,59420
2021-03-06 00:00:00,2211716,45171
2021-03-07 00:00:00,2237847,26131
2021-03-08 00:00:00,2289304,51457
2021-03-09 00:00:00,2346453,57149
2021-03-10 00:00:00,2414231,67778
2021-03-11 00:00:00,2485694,71463
2021-03-12 00:00:00,2559328,73634
2021-03-13 00:00:00,2611602,52274
2021-03-14 00:00:00,2640492,28890
2021-03-15 00:00:00,2688520,48028
2021-03-16 00:00:00,2743902,55382
2021-03-17 00:00:00,2807222,63320
2021-03-18 00:00:00,2871632,64410
2021-03-19 00:00:00,2932445,60813
2021-03-20 00:00:00,2979425,46980
2021-03-21 00:00:00,3010802,31377
2021-03-22 00:00:00,3054798,43996
2021-03-23 00:00:00,3104138,49340
2021-03-24 00:00:00,3168302,64164
2021-03-25 00:00:00,3240158,71856
2021-03-26 00:00:00,3310708,70550
2021-03-27 00:00:00,3364103,53395
2021-03-28 00:00:00,3402142,38039
2021-03-29 00:00:00,3463326,61184
2021-03-30 00:00:00,3530463,67137
2021-03-31 00:00:00,3607572,77109
2021-04-01 00:00:00,3682844,75272
2021-04-02 00:00:00,3751446,68602
2021-04-03 00:00:00,3800764,49318
2021-04-04 00:00:00,3821809,21045
2021-04-05 00:00:00,3880043,58234
2021-04-06 00:00:00,3945795,65752
2021-04-07 00:00:00,4020613,74818
2021-04-08 00:00:00,4096519,75906
2021-04-09 00:00:00,4167238,70719
2021-04-10 00:00:00,4216446,49208
2021-04-11 00:00:00,4247540,31094
2021-04-12 00:00:00,4300048,52508
2021-04-13 00:00:00,4350281,50233
2021-04-14 00:00:00,4410263,59982
2021-04-15 00:00:00,4474496,64233
2021-04-16 00:00:00,4537214,62718
2021-04-17 00:00:00,4579833,42619
2021-04-18 00:00:00,4609013,29180
2021-04-19 00:00:00,4660996,51983
2021-04-20 00:00:00,4714075,53079
2021-04-21 00:00:00,4772352,58277
2021-04-22 00:00:00,4832613,60261
2021-04-23 00:00:00,4889073,56460
2021-04-24 00:00:00,4928389,39316
2021-04-25 00:00:00,4953785,25396
2021-04-26 00:00:00,4996745,42960
2021-04-27 00:00:00,5043147,46402
2021-04-28 00:00:00,5090394,47247
2021-04-29 00:00:00,5134401,44007
2021-04-30 00:00:00,5177309,42908
2021-05-01 00:00:00,5202391,25082
2021-05-02 00:00:00,5223405,21014
2021-05-03 00:00:00,5252941,29536
2021-05-04 00:00:00,5290183,37242
2021-05-05 00:00:00,5323553,33370
2021-05-06 00:00:00,5359873,36320
2021-05-07 00:00:00,5397141,37268
2021-05-08 00:00:00,5421241,24100
2021-05-09 00:00:00,5433917,12676
2021-05-10 00:00:00,5457412,23495
2021-05-11 00:00:00,5480351,22939
2021-05-12 00:00:00,5509292,28941
2021-05-13 00:00:00,5545919,36627
2021-05-14 00:00:00,5584055,38136
2021-05-15 00:00:00,5613205,29150
2021-05-16 00:00:00,5628908,15703
2021-05-17 00:00:00,5660050,31142
2021-05-18 00:00:00,5687164,27114
2021-05-19 00:00:00,5722988,35824
2021-05-20 00:00:00,5748905,25917
2021-05-21 00:00:00,5777638,28733
2021-05-22 00:00:00,5799122,21484
2021-05-23 00:00:00,5807067,7945
2021-05-24 00:00:00,5828014,20947
2021-05-25 00:00:00,5848876,20862
2021-05-26 00:00:00,5871421,22545
2021-05-27 00:00:00,5892467,21046
2021-05-28 00:00:00,5915989,23522
2021-05-29 00:00:00,5928996,13007
2021-05-30 00:00:00,5936254,7258
2021-05-31 00:00:00,5940558,4304
2021-06-01 00:00:00,5960165,19607
2021-06-02 00:00:00,5980051,19886
2021-06-03 00:00:00,6002255,22204
2021-06-04 00:00:00,6025999,23744
2021-06-05 00:00:00,6044601,18602
2021-06-06 00:00:00,6053711,9110
2021-06-07 00:00:00,6071404,17693
2021-06-08 00:00:00,6077730,6326
