date,Arizona_cume,Arizona
2020-12-01 00:00:00,69,
2020-12-02 00:00:00,82,13
2020-12-03 00:00:00,92,10
2020-12-04 00:00:00,96,4
2020-12-05 00:00:00,98,2
2020-12-06 00:00:00,100,2
2020-12-07 00:00:00,107,7
2020-12-08 00:00:00,111,4
2020-12-09 00:00:00,118,7
2020-12-10 00:00:00,127,9
2020-12-11 00:00:00,136,9
2020-12-12 00:00:00,143,7
2020-12-13 00:00:00,147,4
2020-12-14 00:00:00,158,11
2020-12-15 00:00:00,201,43
2020-12-16 00:00:00,775,574
2020-12-17 00:00:00,3918,3143
2020-12-18 00:00:00,7554,3636
2020-12-19 00:00:00,10111,2557
2020-12-20 00:00:00,11130,1019
2020-12-21 00:00:00,16636,5506
2020-12-22 00:00:00,24415,7779
2020-12-23 00:00:00,34126,9711
2020-12-24 00:00:00,37969,3843
2020-12-25 00:00:00,38107,138
2020-12-26 00:00:00,44626,6519
2020-12-27 00:00:00,47277,2651
2020-12-28 00:00:00,56661,9384
2020-12-29 00:00:00,69544,12883
2020-12-30 00:00:00,84376,14832
2020-12-31 00:00:00,92181,7805
2021-01-01 00:00:00,93145,964
2021-01-02 00:00:00,100710,7565
2021-01-03 00:00:00,103918,3208
2021-01-04 00:00:00,112582,8664
2021-01-05 00:00:00,121512,8930
2021-01-06 00:00:00,133399,11887
2021-01-07 00:00:00,145987,12588
2021-01-08 00:00:00,157991,12004
2021-01-09 00:00:00,165929,7938
2021-01-10 00:00:00,169157,3228
2021-01-11 00:00:00,184904,15747
2021-01-12 00:00:00,208069,23165
2021-01-13 00:00:00,233314,25245
2021-01-14 00:00:00,258013,24699
2021-01-15 00:00:00,282982,24969
2021-01-16 00:00:00,298738,15756
2021-01-17 00:00:00,308067,9329
2021-01-18 00:00:00,327090,19023
2021-01-19 00:00:00,354125,27035
2021-01-20 00:00:00,386100,31975
2021-01-21 00:00:00,421127,35027
2021-01-22 00:00:00,459074,37947
2021-01-23 00:00:00,487807,28733
2021-01-24 00:00:00,504002,16195
2021-01-25 00:00:00,533469,29467
2021-01-26 00:00:00,570211,36742
2021-01-27 00:00:00,610073,39862
2021-01-28 00:00:00,649968,39895
2021-01-29 00:00:00,689871,39903
2021-01-30 00:00:00,716187,26316
2021-01-31 00:00:00,727785,11598
2021-02-01 00:00:00,758338,30553
2021-02-02 00:00:00,797069,38731
2021-02-03 00:00:00,840885,43816
2021-02-04 00:00:00,887631,46746
2021-02-05 00:00:00,931556,43925
2021-02-06 00:00:00,969810,38254
2021-02-07 00:00:00,986162,16352
2021-02-08 00:00:00,1025048,38886
2021-02-09 00:00:00,1069410,44362
2021-02-10 00:00:00,1120095,50685
2021-02-11 00:00:00,1171677,51582
2021-02-12 00:00:00,1233523,61846
2021-02-13 00:00:00,1279182,45659
2021-02-14 00:00:00,1296575,17393
2021-02-15 00:00:00,1328010,31435
2021-02-16 00:00:00,1372725,44715
2021-02-17 00:00:00,1419992,47267
2021-02-18 00:00:00,1465184,45192
2021-02-19 00:00:00,1508097,42913
2021-02-20 00:00:00,1543439,35342
2021-02-21 00:00:00,1558388,14949
2021-02-22 00:00:00,1586694,28306
2021-02-23 00:00:00,1631008,44314
2021-02-24 00:00:00,1688194,57186
2021-02-25 00:00:00,1748756,60562
2021-02-26 00:00:00,1815863,67107
2021-02-27 00:00:00,1867633,51770
2021-02-28 00:00:00,1893326,25693
2021-03-01 00:00:00,1939553,46227
2021-03-02 00:00:00,1990621,51068
2021-03-03 00:00:00,2049498,58877
2021-03-04 00:00:00,2108263,58765
2021-03-05 00:00:00,2167708,59445
2021-03-06 00:00:00,2212889,45181
2021-03-07 00:00:00,2239039,26150
2021-03-08 00:00:00,2290536,51497
2021-03-09 00:00:00,2347725,57189
2021-03-10 00:00:00,2415545,67820
2021-03-11 00:00:00,2487062,71517
2021-03-12 00:00:00,2560726,73664
2021-03-13 00:00:00,2613017,52291
2021-03-14 00:00:00,2641918,28901
2021-03-15 00:00:00,2689986,48068
2021-03-16 00:00:00,2745403,55417
2021-03-17 00:00:00,2808756,63353
2021-03-18 00:00:00,2873262,64506
2021-03-19 00:00:00,2934062,60800
2021-03-20 00:00:00,2981085,47023
2021-03-21 00:00:00,3012480,31395
2021-03-22 00:00:00,3056536,44056
2021-03-23 00:00:00,3106005,49469
2021-03-24 00:00:00,3170244,64239
2021-03-25 00:00:00,3242147,71903
2021-03-26 00:00:00,3312803,70656
2021-03-27 00:00:00,3366211,53408
2021-03-28 00:00:00,3404278,38067
2021-03-29 00:00:00,3465543,61265
2021-03-30 00:00:00,3532722,67179
2021-03-31 00:00:00,3609876,77154
2021-04-01 00:00:00,3685290,75414
2021-04-02 00:00:00,3753953,68663
2021-04-03 00:00:00,3803284,49331
2021-04-04 00:00:00,3824341,21057
2021-04-05 00:00:00,3882658,58317
2021-04-06 00:00:00,3948470,65812
2021-04-07 00:00:00,4023371,74901
2021-04-08 00:00:00,4099353,75982
2021-04-09 00:00:00,4170118,70765
2021-04-10 00:00:00,4219532,49414
2021-04-11 00:00:00,4250631,31099
2021-04-12 00:00:00,4303193,52562
2021-04-13 00:00:00,4353473,50280
2021-04-14 00:00:00,4413552,60079
2021-04-15 00:00:00,4477810,64258
2021-04-16 00:00:00,4540563,62753
2021-04-17 00:00:00,4583196,42633
2021-04-18 00:00:00,4612382,29186
2021-04-19 00:00:00,4664391,52009
2021-04-20 00:00:00,4717488,53097
2021-04-21 00:00:00,4775786,58298
2021-04-22 00:00:00,4836065,60279
2021-04-23 00:00:00,4892549,56484
2021-04-24 00:00:00,4931891,39342
2021-04-25 00:00:00,4957462,25571
2021-04-26 00:00:00,5001880,44418
2021-04-27 00:00:00,5050014,48134
2021-04-28 00:00:00,5097348,47334
2021-04-29 00:00:00,5141417,44069
2021-04-30 00:00:00,5184350,42933
2021-05-01 00:00:00,5209529,25179
2021-05-02 00:00:00,5230548,21019
2021-05-03 00:00:00,5260109,29561
2021-05-04 00:00:00,5297388,37279
2021-05-05 00:00:00,5330787,33399
2021-05-06 00:00:00,5367147,36360
2021-05-07 00:00:00,5404439,37292
2021-05-08 00:00:00,5428547,24108
2021-05-09 00:00:00,5441228,12681
2021-05-10 00:00:00,5465640,24412
2021-05-11 00:00:00,5489952,24312
2021-05-12 00:00:00,5519325,29373
2021-05-13 00:00:00,5557682,38357
2021-05-14 00:00:00,5595920,38238
2021-05-15 00:00:00,5625434,29514
2021-05-16 00:00:00,5641161,15727
2021-05-17 00:00:00,5672363,31202
2021-05-18 00:00:00,5699552,27189
2021-05-19 00:00:00,5735424,35872
2021-05-20 00:00:00,5764924,29500
2021-05-21 00:00:00,5798037,33113
2021-05-22 00:00:00,5823288,25251
2021-05-23 00:00:00,5833659,10371
2021-05-24 00:00:00,5854734,21075
2021-05-25 00:00:00,5875861,21127
2021-05-26 00:00:00,5898528,22667
2021-05-27 00:00:00,5919650,21122
2021-05-28 00:00:00,5943281,23631
2021-05-29 00:00:00,5956323,13042
2021-05-30 00:00:00,5963594,7271
2021-05-31 00:00:00,5967908,4314
2021-06-01 00:00:00,5987753,19845
2021-06-02 00:00:00,6007776,20023
2021-06-03 00:00:00,6030648,22872
2021-06-04 00:00:00,6056126,25478
2021-06-05 00:00:00,6076343,20217
2021-06-06 00:00:00,6085930,9587
2021-06-07 00:00:00,6105055,19125
2021-06-08 00:00:00,6123203,18148
2021-06-09 00:00:00,6142575,19372
2021-06-10 00:00:00,6161561,18986
2021-06-11 00:00:00,6179434,17873
2021-06-12 00:00:00,6192994,13560
2021-06-13 00:00:00,6195836,2842
2021-06-14 00:00:00,6201598,5762
