date,Arizona,Arizona_cum,StatePODs,StatePODs_cum
2021-05-11 00:00:00,11116,5408077,3538.0,1525779.0
2021-05-10 00:00:00,21452,5396961,3503.0,1522241.0
2021-05-09 00:00:00,11766,5375509,5695.0,1518738.0
2021-05-08 00:00:00,22047,5363743,7653.0,1513043.0
2021-05-07 00:00:00,35257,5341696,8285.0,1505390.0
2021-05-06 00:00:00,34756,5306439,6933.0,1497105.0
2021-05-05 00:00:00,31933,5271683,3718.0,1490172.0
2021-05-04 00:00:00,36454,5239750,7900.0,1486454.0
2021-05-03 00:00:00,28821,5203296,3784.0,1478554.0
2021-05-02 00:00:00,20930,5174475,10604.0,1474770.0
2021-05-01 00:00:00,24343,5153545,7321.0,1464166.0
2021-04-30 00:00:00,42425,5129202,8350.0,1456845.0
2021-04-29 00:00:00,43583,5086777,9809.0,1448495.0
2021-04-28 00:00:00,46502,5043194,9575.0,1438686.0
2021-04-27 00:00:00,42547,4996692,10604.0,1429111.0
2021-04-26 00:00:00,38945,4954145,11559.0,1418507.0
2021-04-25 00:00:00,25280,4915200,13541.0,1406948.0
2021-04-24 00:00:00,38801,4889920,14525.0,1393407.0
2021-04-23 00:00:00,55829,4851119,17211.0,1378882.0
2021-04-22 00:00:00,59749,4795290,17939.0,1361671.0
2021-04-21 00:00:00,57715,4735541,16549.0,1343732.0
2021-04-20 00:00:00,52461,4677826,16611.0,1327183.0
2021-04-19 00:00:00,51311,4625365,16501.0,1310572.0
2021-04-18 00:00:00,29116,4574054,15768.0,1294071.0
2021-04-17 00:00:00,42094,4544938,16624.0,1278303.0
2021-04-16 00:00:00,61919,4502844,17751.0,1261679.0
2021-04-15 00:00:00,63473,4440925,17044.0,1243928.0
2021-04-14 00:00:00,59299,4377452,16564.0,1226884.0
2021-04-13 00:00:00,49606,4318153,14773.0,1210320.0
2021-04-12 00:00:00,51824,4268547,13268.0,1195547.0
2021-04-11 00:00:00,30975,4216723,16818.0,1182279.0
2021-04-10 00:00:00,47998,4185748,17696.0,1165461.0
2021-04-09 00:00:00,69714,4137750,18209.0,1147765.0
2021-04-08 00:00:00,74996,4068036,16987.0,1129556.0
2021-04-07 00:00:00,73975,3993040,18041.0,1112569.0
2021-04-06 00:00:00,64895,3919065,16627.0,1094528.0
2021-04-05 00:00:00,57636,3854170,16488.0,1077901.0
2021-04-04 00:00:00,20965,3796534,10412.0,1061413.0
2021-04-03 00:00:00,48709,3775569,23328.0,1051001.0
2021-04-02 00:00:00,67856,3726860,24781.0,1027673.0
2021-04-01 00:00:00,74363,3659004,24097.0,1002892.0
2021-03-31 00:00:00,76317,3584641,24419.0,978795.0
2021-03-30 00:00:00,66524,3508324,24236.0,954376.0
2021-03-29 00:00:00,60380,3441800,24130.0,930140.0
2021-03-28 00:00:00,37890,3381420,22846.0,906010.0
2021-03-27 00:00:00,52753,3343530,22584.0,883164.0
2021-03-26 00:00:00,69878,3290777,23049.0,860580.0
2021-03-25 00:00:00,71237,3220899,22028.0,837531.0
2021-03-24 00:00:00,63468,3149662,19058.0,815503.0
2021-03-23 00:00:00,48936,3086194,12943.0,796445.0
2021-03-22 00:00:00,43392,3037258,12899.0,783502.0
2021-03-21 00:00:00,31196,2993866,17062.0,770603.0
2021-03-20 00:00:00,46602,2962670,17703.0,753541.0
2021-03-19 00:00:00,60263,2916068,17468.0,735838.0
2021-03-18 00:00:00,63862,2855805,16473.0,718370.0
2021-03-17 00:00:00,62715,2791943,16715.0,701897.0
2021-03-16 00:00:00,54852,2729228,14687.0,685182.0
2021-03-15 00:00:00,47378,2674376,13741.0,670495.0
2021-03-14 00:00:00,28816,2626998,16103.0,656754.0
2021-03-13 00:00:00,51544,2598182,17896.0,640651.0
2021-03-12 00:00:00,73142,2546638,16837.0,622755.0
2021-03-11 00:00:00,70724,2473496,17635.0,605918.0
2021-03-10 00:00:00,67304,2402772,16903.0,588283.0
2021-03-09 00:00:00,56832,2335468,16195.0,571380.0
2021-03-08 00:00:00,51047,2278636,16646.0,555185.0
2021-03-07 00:00:00,26064,2227589,16283.0,538539.0
2021-03-06 00:00:00,44670,2201525,16442.0,522256.0
2021-03-05 00:00:00,58657,2156855,16393.0,505814.0
2021-03-04 00:00:00,58098,2098198,15922.0,489421.0
2021-03-03 00:00:00,58705,2040100,15403.0,473499.0
2021-03-02 00:00:00,50929,1981395,14456.0,458096.0
2021-03-01 00:00:00,45536,1930466,12849.0,443640.0
2021-02-28 00:00:00,25591,1884930,15591.0,430791.0
2021-02-27 00:00:00,51760,1859339,15108.0,415200.0
2021-02-26 00:00:00,66794,1807579,13993.0,400092.0
2021-02-25 00:00:00,60453,1740785,13365.0,386099.0
2021-02-24 00:00:00,56901,1680332,13718.0,372734.0
2021-02-23 00:00:00,44107,1623431,12732.0,359016.0
2021-02-22 00:00:00,28020,1579324,11778.0,346284.0
2021-02-21 00:00:00,14884,1551304,10822.0,334506.0
2021-02-20 00:00:00,35194,1536420,11256.0,323684.0
2021-02-19 00:00:00,42730,1501226,10223.0,312428.0
2021-02-18 00:00:00,44999,1458496,9844.0,302205.0
2021-02-17 00:00:00,46936,1413497,10555.0,292361.0
2021-02-16 00:00:00,44522,1366561,11079.0,281806.0
2021-02-15 00:00:00,31254,1322039,11031.0,270727.0
2021-02-14 00:00:00,17332,1290785,10228.0,259696.0
2021-02-13 00:00:00,45619,1273453,10477.0,249468.0
2021-02-12 00:00:00,61502,1227834,11058.0,238991.0
2021-02-11 00:00:00,51141,1166332,10848.0,227933.0
2021-02-10 00:00:00,50406,1115191,11071.0,217085.0
2021-02-09 00:00:00,44177,1064785,11037.0,206014.0
2021-02-08 00:00:00,38738,1020608,13488.0,194977.0
2021-02-07 00:00:00,16317,981870,11448.0,181489.0
2021-02-06 00:00:00,38164,965553,10991.0,170041.0
2021-02-05 00:00:00,43712,927389,9144.0,159050.0
2021-02-04 00:00:00,46438,883677,9951.0,149906.0
2021-02-03 00:00:00,43639,837239,8977.0,139955.0
2021-02-02 00:00:00,38476,793600,8730.0,130978.0
2021-02-01 00:00:00,29989,755124,8254.0,122248.0
2021-01-31 00:00:00,11582,725135,4834.0,113994.0
2021-01-30 00:00:00,26258,713553,4759.0,109160.0
2021-01-29 00:00:00,39714,687295,4955.0,104401.0
2021-01-28 00:00:00,39811,647581,5412.0,99446.0
2021-01-27 00:00:00,39623,607770,5515.0,94034.0
2021-01-26 00:00:00,36688,568147,6136.0,88519.0
2021-01-25 00:00:00,29224,531459,5275.0,82383.0
2021-01-24 00:00:00,16254,502235,5751.0,77108.0
2021-01-23 00:00:00,28543,485981,5761.0,71357.0
2021-01-22 00:00:00,37829,457438,5561.0,65596.0
2021-01-21 00:00:00,35193,419609,6168.0,60035.0
2021-01-20 00:00:00,31573,384416,5694.0,53867.0
2021-01-19 00:00:00,26932,352843,6001.0,48173.0
2021-01-18 00:00:00,18954,325911,6008.0,42172.0
2021-01-17 00:00:00,9312,306957,5971.0,36164.0
2021-01-16 00:00:00,15719,297645,5664.0,30193.0
2021-01-15 00:00:00,24890,281926,5948.0,24529.0
2021-01-14 00:00:00,24651,257036,5885.0,18581.0
2021-01-13 00:00:00,25202,232385,6323.0,12696.0
2021-01-12 00:00:00,23122,207183,5637.0,6373.0
2021-01-11 00:00:00,15703,184061,734.0,736.0
2021-01-10 00:00:00,3208,168358,,
2021-01-09 00:00:00,7925,165150,,
2021-01-08 00:00:00,11959,157225,1.0,2.0
2021-01-07 00:00:00,12548,145266,,
2021-01-06 00:00:00,11880,132718,,
2021-01-05 00:00:00,8852,120838,1.0,1.0
2021-01-04 00:00:00,8606,111986,,
2021-01-03 00:00:00,3198,103380,,
2021-01-02 00:00:00,7550,100182,,
2021-01-01 00:00:00,772,92632,,
2020-12-31 00:00:00,7788,91860,,
2020-12-30 00:00:00,14837,84072,,
2020-12-29 00:00:00,12853,69235,,
2020-12-28 00:00:00,9263,56382,,
2020-12-27 00:00:00,2648,47119,,
2020-12-26 00:00:00,6513,44471,,
2020-12-25 00:00:00,137,37958,,
2020-12-24 00:00:00,3833,37821,,
2020-12-23 00:00:00,9699,33988,,
2020-12-22 00:00:00,7759,24289,,
2020-12-21 00:00:00,5494,16530,,
2020-12-20 00:00:00,1015,11036,,
2020-12-19 00:00:00,2554,10021,,
2020-12-18 00:00:00,3630,7467,,
2020-12-17 00:00:00,3117,3837,,
2020-12-16 00:00:00,565,720,,
2020-12-15 00:00:00,37,155,,
2020-12-14 00:00:00,9,118,,
2020-12-13 00:00:00,3,109,,
2020-12-12 00:00:00,7,106,,
2020-12-11 00:00:00,8,99,,
2020-12-10 00:00:00,7,91,,
2020-12-09 00:00:00,6,84,,
2020-12-08 00:00:00,3,78,,
2020-12-07 00:00:00,4,75,,
2020-12-05 00:00:00,1,71,,
2020-12-04 00:00:00,4,70,,
2020-12-03 00:00:00,10,66,,
2020-12-02 00:00:00,9,56,,
2020-12-01 00:00:00,47,47,,
