date,Maricopa_cume,Maricopa
2020-12-01,212,
2020-12-02,231,19
2020-12-03,244,13
2020-12-04,250,6
2020-12-05,252,2
2020-12-07,262,10
2020-12-08,272,10
2020-12-09,281,9
2020-12-10,298,17
2020-12-11,306,8
2020-12-12,314,8
2020-12-13,325,11
2020-12-14,341,16
2020-12-15,383,42
2020-12-16,446,63
2020-12-17,1718,1272
2020-12-18,3408,1690
2020-12-19,5082,1674
2020-12-20,6104,1022
2020-12-21,9341,3237
2020-12-22,13498,4157
2020-12-23,18307,4809
2020-12-24,19882,1575
2020-12-25,19888,6
2020-12-26,24922,5034
2020-12-27,27186,2264
2020-12-28,32428,5242
2020-12-29,40302,7874
2020-12-30,48987,8685
2020-12-31,53077,4090
2021-01-01,54905,1828
2021-01-02,61075,6170
2021-01-03,63679,2604
2021-01-04,68446,4767
2021-01-05,72844,4398
2021-01-06,77836,4992
2021-01-07,83256,5420
2021-01-08,87902,4646
2021-01-09,92587,4685
2021-01-10,95235,2648
2021-01-11,104947,9712
2021-01-12,121066,16119
2021-01-13,138510,17444
2021-01-14,155373,16863
2021-01-15,170882,15509
2021-01-16,182497,11615
2021-01-17,190941,8444
2021-01-18,203831,12890
2021-01-19,221624,17793
2021-01-20,240703,19079
2021-01-21,260801,20098
2021-01-22,283158,22357
2021-01-23,302267,19109
2021-01-24,314702,12435
2021-01-25,331135,16433
2021-01-26,353570,22435
2021-01-27,374189,20619
2021-01-28,393358,19169
2021-01-29,415120,21762
2021-01-30,430851,15731
2021-01-31,439024,8173
2021-02-01,458132,19108
2021-02-02,480727,22595
2021-02-03,503126,22399
2021-02-04,528662,25536
2021-02-05,551706,23044
2021-02-06,575992,24286
2021-02-07,588983,12991
2021-02-08,612984,24001
2021-02-09,640688,27704
2021-02-10,667203,26515
2021-02-11,693999,26796
2021-02-12,730042,36043
2021-02-13,758535,28493
2021-02-14,771964,13429
2021-02-15,791872,19908
2021-02-16,819892,28020
2021-02-17,848784,28892
2021-02-18,877446,28662
2021-02-19,906431,28985
2021-02-20,932222,25791
2021-02-21,945562,13340
2021-02-22,964830,19268
2021-02-23,994000,29170
2021-02-24,1025458,31458
2021-02-25,1055618,30160
2021-02-26,1092690,37072
2021-02-27,1123518,30828
2021-02-28,1141241,17723
2021-03-01,1169088,27847
2021-03-02,1197277,28189
2021-03-03,1227552,30275
2021-03-04,1258793,31241
2021-03-05,1291263,32470
2021-03-06,1318847,27584
2021-03-07,1336583,17736
2021-03-08,1366594,30011
2021-03-09,1398697,32103
2021-03-10,1434386,35689
2021-03-11,1471532,37146
2021-03-12,1513282,41750
2021-03-13,1544985,31703
2021-03-14,1565089,20104
2021-03-15,1593663,28574
2021-03-16,1625039,31376
2021-03-17,1661537,36498
2021-03-18,1698105,36568
2021-03-19,1732969,34864
2021-03-20,1765148,32179
2021-03-21,1787555,22407
2021-03-22,1814198,26643
2021-03-23,1841437,27239
2021-03-24,1878018,36581
2021-03-25,1919536,41518
2021-03-26,1960404,40868
2021-03-27,1996303,35899
2021-03-28,2023901,27598
2021-03-29,2063353,39452
2021-03-30,2104001,40648
2021-03-31,2149446,45445
2021-04-01,2198704,49258
2021-04-02,2241465,42761
2021-04-03,2273687,32222
2021-04-04,2286277,12590
2021-04-05,2321516,35239
2021-04-06,2360884,39368
2021-04-07,2405446,44562
2021-04-08,2451248,45802
2021-04-09,2492723,41475
2021-04-10,2524957,32234
2021-04-11,2547499,22542
2021-04-12,2578907,31408
2021-04-13,2609774,30867
2021-04-14,2644487,34713
2021-04-15,2681855,37368
2021-04-16,2718647,36792
2021-04-17,2747189,28542
2021-04-18,2768638,21449
2021-04-19,2801508,32870
2021-04-20,2835210,33702
2021-04-21,2873186,37976
2021-04-22,2911399,38213
2021-04-23,2945462,34063
2021-04-24,2969974,24512
2021-04-25,2987709,17735
2021-04-26,3014675,26966
2021-04-27,3042062,27387
2021-04-28,3070142,28080
2021-04-29,3096138,25996
2021-04-30,3122404,26266
2021-05-01,3141470,19066
2021-05-02,3157136,15666
2021-05-03,3173980,16844
2021-05-04,3198169,24189
2021-05-05,3217404,19235
2021-05-06,3240462,23058
2021-05-07,3264529,24067
2021-05-08,3283459,18930
2021-05-09,3293016,9557
2021-05-10,3309242,16226
2021-05-11,3326332,17090
2021-05-12,3344864,18532
2021-05-13,3369536,24672
2021-05-14,3394138,24602
2021-05-15,3414175,20037
2021-05-16,3426245,12070
2021-05-17,3446010,19765
2021-05-18,3463525,17515
2021-05-19,3487120,23595
2021-05-20,3506530,19410
2021-05-21,3528245,21715
2021-05-22,3545902,17657
2021-05-23,3553622,7720
2021-05-24,3568062,14440
2021-05-25,3581037,12975
2021-05-26,3595375,14338
2021-05-27,3608514,13139
2021-05-28,3623151,14637
2021-05-29,3632617,9466
2021-05-30,3637954,5337
2021-05-31,3640927,2973
2021-06-01,3654398,13471
2021-06-02,3666202,11804
2021-06-03,3680693,14491
2021-06-04,3696932,16239
2021-06-05,3710696,13764
2021-06-06,3717456,6760
2021-06-07,3729583,12127
2021-06-08,3741180,11597
2021-06-09,3752732,11552
2021-06-10,3765835,13103
2021-06-11,3782287,16452
2021-06-12,3793847,11560
2021-06-13,3799611,5764
2021-06-14,3810342,10731
2021-06-15,3820642,10300
2021-06-16,3830889,10247
2021-06-17,3840478,9589
2021-06-18,3852419,11941
2021-06-19,3859863,7444
2021-06-20,3863850,3987
2021-06-21,3870892,7042
2021-06-22,3878828,7936
2021-06-23,3887168,8340
2021-06-24,3894897,7729
2021-06-25,3904704,9807
2021-06-26,3911590,6886
2021-06-27,3915765,4175
2021-06-28,3923197,7432
2021-06-29,3930332,7135
2021-06-30,3937483,7151
2021-07-01,3944732,7249
2021-07-02,3952973,8241
2021-07-03,3958197,5224
2021-07-04,3959071,874
2021-07-05,3965382,6311
2021-07-06,3971979,6597
2021-07-07,3978623,6644
2021-07-08,3985084,6461
2021-07-09,3995269,10185
2021-07-10,4002526,7257
2021-07-11,4006190,3664
2021-07-12,4013015,6825
2021-07-13,4019016,6001
2021-07-14,4025126,6110
2021-07-15,4031223,6097
2021-07-16,4039532,8309
2021-07-17,4045097,5565
2021-07-18,4048751,3654
2021-07-19,4056701,7950
2021-07-20,4063801,7100
2021-07-21,4071670,7869
2021-07-22,4079694,8024
2021-07-23,4089754,10060
2021-07-24,4096938,7184
2021-07-25,4101634,4696
2021-07-26,4110412,8778
2021-07-27,4118892,8480
2021-07-28,4127492,8600
2021-07-29,4136160,8668
2021-07-30,4148892,12732
2021-07-31,4157665,8773
2021-08-01,4163324,5659
2021-08-02,4172740,9416
2021-08-03,4181055,8315
2021-08-04,4189810,8755
2021-08-05,4198340,8530
2021-08-06,4210270,11930
2021-08-07,4219223,8953
2021-08-08,4224612,5389
2021-08-09,4234043,9431
2021-08-10,4242745,8702
2021-08-11,4251575,8830
2021-08-12,4260872,9297
2021-08-13,4272836,11964
2021-08-14,4282384,9548
2021-08-15,4288287,5903
2021-08-16,4298944,10657
2021-08-17,4309001,10057
2021-08-18,4319042,10041
2021-08-19,4328874,9832
2021-08-20,4342014,13140
2021-08-21,4351323,9309
2021-08-22,4356923,5600
2021-08-23,4367497,10574
2021-08-24,4377317,9820
2021-08-25,4387119,9802
2021-08-26,4396784,9665
2021-08-27,4409688,12904
2021-08-28,4419861,10173
2021-08-29,4425550,5689
2021-08-30,4435651,10101
2021-08-31,4444765,9114
2021-09-01,4454862,10097
2021-09-02,4463530,8668
2021-09-03,4475097,11567
2021-09-04,4482785,7688
2021-09-05,4487704,4919
2021-09-06,4489265,1561
2021-09-07,4498314,9049
2021-09-08,4506692,8378
2021-09-09,4514879,8187
2021-09-10,4526009,11130
2021-09-11,4534020,8011
2021-09-12,4538594,4574
2021-09-13,4547496,8902
2021-09-14,4555314,7818
2021-09-15,4562816,7502
2021-09-16,4570004,7188
2021-09-17,4579849,9845
2021-09-18,4587047,7198
2021-09-19,4591024,3977
2021-09-20,4598493,7469
2021-09-21,4605639,7146
2021-09-22,4613056,7417
2021-09-23,4620325,7269
2021-09-24,4634630,14305
2021-09-25,4645848,11218
2021-09-26,4652162,6314
2021-09-27,4667722,15560
2021-09-28,4683125,15403
2021-09-29,4698557,15432
2021-09-30,4713791,15234
2021-10-01,4731525,17734
2021-10-02,4740844,9319
2021-10-03,4746733,5889
2021-10-04,4760623,13890
2021-10-05,4774065,13442
2021-10-06,4786674,12609
2021-10-07,4799188,12514
2021-10-08,4812852,13664
2021-10-09,4820993,8141
2021-10-10,4826300,5307
2021-10-11,4839007,12707
2021-10-12,4849985,10978
2021-10-13,4861425,11440
2021-10-14,4872836,11411
2021-10-15,4885872,13036
2021-10-16,4893181,7309
2021-10-17,4897988,4807
2021-10-18,4909646,11658
2021-10-19,4920297,10651
2021-10-20,4931047,10750
2021-10-21,4940957,9910
2021-10-22,4955681,14724
2021-10-23,4964990,9309
2021-10-24,4971010,6020
2021-10-25,4986036,15026
2021-10-26,5000173,14137
2021-10-27,5014468,14295
2021-10-28,5027663,13195
2021-10-29,5043535,15872
2021-10-30,5051827,8292
2021-10-31,5057232,5405
2021-11-01,5071876,14644
2021-11-02,5084870,12994
2021-11-03,5097580,12710
2021-11-04,5111235,13655
2021-11-05,5128159,16924
2021-11-06,5141872,13713
2021-11-07,5148619,6747
2021-11-08,5163475,14856
2021-11-09,5177788,14313
2021-11-10,5194132,16344
2021-11-11,5209925,15793
2021-11-12,5227120,17195
2021-11-13,5240930,13810
2021-11-14,5247140,6210
2021-11-15,5262917,15777
2021-11-16,5277509,14592
2021-11-17,5293576,16067
2021-11-18,5309779,16203
2021-11-19,5329063,19284
2021-11-20,5344563,15500
2021-11-21,5352258,7695
2021-11-22,5370977,18719
2021-11-23,5389229,18252
2021-11-24,5406188,16959
2021-11-25,5406352,164
2021-11-26,5420977,14625
2021-11-27,5432249,11272
2021-11-28,5440219,7970
2021-11-29,5457833,17614
2021-11-30,5475732,17899
2021-12-01,5496992,21260
2021-12-02,5517260,20268
2021-12-03,5540474,23214
2021-12-04,5559922,19448
2021-12-05,5568206,8284
2021-12-06,5588381,20175
2021-12-07,5608027,19646
2021-12-08,5628095,20068
2021-12-09,5648440,20345
2021-12-10,5669525,21085
2021-12-11,5685322,15797
2021-12-12,5692711,7389
2021-12-13,5709315,16604
2021-12-14,5725420,16105
2021-12-15,5743297,17877
2021-12-16,5760512,17215
2021-12-17,5779659,19147
2021-12-18,5792183,12524
2021-12-19,5799980,7797
2021-12-20,5818675,18695
2021-12-21,5837054,18379
2021-12-22,5854831,17777
2021-12-23,5870027,15196
2021-12-24,5874383,4356
2021-12-25,5874423,40
2021-12-26,5880589,6166
2021-12-27,5897370,16781
2021-12-28,5913556,16186
2021-12-29,5929489,15933
2021-12-30,5944356,14867
2021-12-31,5950906,6550
2022-01-01,5952000,1094
2022-01-02,5957576,5576
2022-01-03,5972095,14519
2022-01-04,5986225,14130
2022-01-05,6001579,15354
2022-01-06,6016846,15267
2022-01-07,6034767,17921
2022-01-08,6046899,12132
2022-01-09,6052815,5916
2022-01-10,6066799,13984
2022-01-11,6080215,13416
2022-01-12,6094413,14198
2022-01-13,6107696,13283
2022-01-14,6122556,14860
2022-01-15,6131603,9047
2022-01-16,6136434,4831
2022-01-17,6146346,9912
2022-01-18,6157348,11002
2022-01-19,6168721,11373
2022-01-20,6179630,10909
2022-01-21,6191657,12027
2022-01-22,6199149,7492
2022-01-23,6203459,4310
2022-01-24,6213203,9744
2022-01-25,6222012,8809
2022-01-26,6231006,8994
2022-01-27,6239556,8550
2022-01-28,6250053,10497
2022-01-29,6256872,6819
2022-01-30,6260405,3533
2022-01-31,6268022,7617
2022-02-01,6274655,6633
2022-02-02,6281899,7244
2022-02-03,6288546,6647
2022-02-04,6296774,8228
2022-02-05,6302200,5426
2022-02-06,6305177,2977
2022-02-07,6311144,5967
2022-02-08,6316345,5201
2022-02-09,6321843,5498
2022-02-10,6327102,5259
2022-02-11,6333876,6774
2022-02-12,6337623,3747
2022-02-13,6339298,1675
2022-02-14,6343391,4093
2022-02-15,6347696,4305
2022-02-16,6352148,4452
2022-02-17,6356368,4220
2022-02-18,6361808,5440
2022-02-19,6365173,3365
2022-02-20,6367012,1839
2022-02-21,6370808,3796
2022-02-22,6372010,1202
