date,Arizona_cume,Arizona
2020-12-01,350,
2020-12-02,384,34
2020-12-03,417,33
2020-12-04,429,12
2020-12-05,433,4
2020-12-06,438,5
2020-12-07,466,28
2020-12-08,489,23
2020-12-09,515,26
2020-12-10,545,30
2020-12-11,564,19
2020-12-12,586,22
2020-12-13,603,17
2020-12-14,639,36
2020-12-15,807,168
2020-12-16,1593,786
2020-12-17,5013,3420
2020-12-18,8931,3918
2020-12-19,11549,2618
2020-12-20,12678,1129
2020-12-21,18385,5707
2020-12-22,26310,7925
2020-12-23,36568,10258
2020-12-24,40483,3915
2020-12-25,40633,150
2020-12-26,47209,6576
2020-12-27,49891,2682
2020-12-28,59503,9612
2020-12-29,72930,13427
2020-12-30,88271,15341
2020-12-31,96614,8343
2021-01-01,100501,3887
2021-01-02,108370,7869
2021-01-03,111684,3314
2021-01-04,121004,9320
2021-01-05,130719,9715
2021-01-06,143393,12674
2021-01-07,156693,13300
2021-01-08,169253,12560
2021-01-09,177326,8073
2021-01-10,180708,3382
2021-01-11,197486,16778
2021-01-12,221412,23926
2021-01-13,247494,26082
2021-01-14,273053,25559
2021-01-15,299135,26082
2021-01-16,315137,16002
2021-01-17,324633,9496
2021-01-18,344310,19677
2021-01-19,372331,28021
2021-01-20,405999,33668
2021-01-21,442795,36796
2021-01-22,481913,39118
2021-01-23,510973,29060
2021-01-24,527376,16403
2021-01-25,558036,30660
2021-01-26,595854,37818
2021-01-27,636971,41117
2021-01-28,678592,41621
2021-01-29,719822,41230
2021-01-30,746503,26681
2021-01-31,758567,12064
2021-02-01,795475,36908
2021-02-02,836279,40804
2021-02-03,881970,45691
2021-02-04,930859,48889
2021-02-05,976649,45790
2021-02-06,1016733,40084
2021-02-07,1033333,16600
2021-02-08,1073526,40193
2021-02-09,1118907,45381
2021-02-10,1171920,53013
2021-02-11,1225358,53438
2021-02-12,1288743,63385
2021-02-13,1335605,46862
2021-02-14,1353307,17702
2021-02-15,1386022,32715
2021-02-16,1432362,46340
2021-02-17,1481232,48870
2021-02-18,1528464,47232
2021-02-19,1572889,44425
2021-02-20,1609414,36525
2021-02-21,1625112,15698
2021-02-22,1655364,30252
2021-02-23,1701061,45697
2021-02-24,1759708,58647
2021-02-25,1821811,62103
2021-02-26,1890491,68680
2021-02-27,1943703,53212
2021-02-28,1970625,26922
2021-03-01,2025594,54969
2021-03-02,2078331,52737
2021-03-03,2138915,60584
2021-03-04,2199137,60222
2021-03-05,2260448,61311
2021-03-06,2307139,46691
2021-03-07,2333795,26656
2021-03-08,2386788,52993
2021-03-09,2445509,58721
2021-03-10,2515512,70003
2021-03-11,2588890,73378
2021-03-12,2664440,75550
2021-03-13,2718228,53788
2021-03-14,2747625,29397
2021-03-15,2797799,50174
2021-03-16,2854643,56844
2021-03-17,2919949,65306
2021-03-18,2986245,66296
2021-03-19,3048661,62416
2021-03-20,3097689,49028
2021-03-21,3130270,32581
2021-03-22,3176089,45819
2021-03-23,3226904,50815
2021-03-24,3292771,65867
2021-03-25,3366790,74019
2021-03-26,3439646,72856
2021-03-27,3494672,55026
2021-03-28,3533872,39200
2021-03-29,3597353,63481
2021-03-30,3666925,69572
2021-03-31,3746831,79906
2021-04-01,3830766,83935
2021-04-02,3902230,71464
2021-04-03,3953201,50971
2021-04-04,3974777,21576
2021-04-05,4035181,60404
2021-04-06,4103072,67891
2021-04-07,4180106,77034
2021-04-08,4258822,78716
2021-04-09,4331280,72458
2021-04-10,4381657,50377
2021-04-11,4413160,31503
2021-04-12,4467250,54090
2021-04-13,4518600,51350
2021-04-14,4580007,61407
2021-04-15,4645905,65898
2021-04-16,4710219,64314
2021-04-17,4753737,43518
2021-04-18,4784051,30314
2021-04-19,4837820,53769
2021-04-20,4893801,55981
2021-04-21,4957099,63298
2021-04-22,5020796,63697
2021-04-23,5080295,59499
2021-04-24,5120790,40495
2021-04-25,5146795,26005
2021-04-26,5194363,47568
2021-04-27,5244534,50171
2021-04-28,5295424,50890
2021-04-29,5342369,46945
2021-04-30,5388896,46527
2021-05-01,5418467,29571
2021-05-02,5439813,21346
2021-05-03,5470675,30862
2021-05-04,5510565,39890
2021-05-05,5546629,36064
2021-05-06,5584961,38332
2021-05-07,5624116,39155
2021-05-08,5651204,27088
2021-05-09,5664196,12992
2021-05-10,5690808,26612
2021-05-11,5717568,26760
2021-05-12,5748721,31153
2021-05-13,5788729,40008
2021-05-14,5829176,40447
2021-05-15,5860440,31264
2021-05-16,5877744,17304
2021-05-17,5910607,32863
2021-05-18,5938877,28270
2021-05-19,5975523,36646
2021-05-20,6006963,31440
2021-05-21,6041344,34381
2021-05-22,6067678,26334
2021-05-23,6078633,10955
2021-05-24,6101565,22932
2021-05-25,6123450,21885
2021-05-26,6147128,23678
2021-05-27,6168926,21798
2021-05-28,6193260,24334
2021-05-29,6206657,13397
2021-05-30,6214180,7523
2021-05-31,6218784,4604
2021-06-01,6240682,21898
2021-06-02,6261275,20593
2021-06-03,6284899,23624
2021-06-04,6311460,26561
2021-06-05,6332241,20781
2021-06-06,6342015,9774
2021-06-07,6362237,20222
2021-06-08,6381475,19238
2021-06-09,6402170,20695
2021-06-10,6423021,20851
2021-06-11,6448687,25666
2021-06-12,6465696,17009
2021-06-13,6473771,8075
2021-06-14,6491658,17887
2021-06-15,6508136,16478
2021-06-16,6524899,16763
2021-06-17,6541135,16236
2021-06-18,6560192,19057
2021-06-19,6571392,11200
2021-06-20,6577177,5785
2021-06-21,6588969,11792
2021-06-22,6603261,14292
2021-06-23,6618560,15299
2021-06-24,6632936,14376
2021-06-25,6649411,16475
2021-06-26,6659457,10046
2021-06-27,6665425,5968
2021-06-28,6677416,11991
2021-06-29,6689447,12031
2021-06-30,6702610,13163
2021-07-01,6715853,13243
2021-07-02,6729327,13474
2021-07-03,6737081,7754
2021-07-04,6738432,1351
2021-07-05,6747837,9405
2021-07-06,6758915,11078
2021-07-07,6770248,11333
2021-07-08,6781432,11184
2021-07-09,6796662,15230
2021-07-10,6806772,10110
2021-07-11,6811792,5020
2021-07-12,6822933,11141
2021-07-13,6833046,10113
2021-07-14,6843674,10628
2021-07-15,6854475,10801
2021-07-16,6868210,13735
2021-07-17,6876723,8513
2021-07-18,6882071,5348
2021-07-19,6894618,12547
2021-07-20,6906511,11893
2021-07-21,6919551,13040
2021-07-22,6932702,13151
2021-07-23,6948799,16097
2021-07-24,6959570,10771
2021-07-25,6966242,6672
2021-07-26,6980299,14057
2021-07-27,6994424,14125
2021-07-28,7009195,14771
2021-07-29,7023676,14481
2021-07-30,7043270,19594
2021-07-31,7056745,13475
2021-08-01,7064936,8191
2021-08-02,7080086,15150
2021-08-03,7093935,13849
2021-08-04,7108530,14595
2021-08-05,7122813,14283
2021-08-06,7142695,19882
2021-08-07,7155946,13251
2021-08-08,7163710,7764
2021-08-09,7179266,15556
2021-08-10,7193745,14479
2021-08-11,7208170,14425
2021-08-12,7223523,15353
2021-08-13,7244295,20772
2021-08-14,7258482,14187
2021-08-15,7267127,8645
2021-08-16,7284480,17353
2021-08-17,7301021,16541
2021-08-18,7318188,17167
2021-08-19,7334717,16529
2021-08-20,7356368,21651
2021-08-21,7371394,15026
2021-08-22,7379716,8322
2021-08-23,7397151,17435
2021-08-24,7413757,16606
2021-08-25,7430496,16739
2021-08-26,7446953,16457
2021-08-27,7468772,21819
2021-08-28,7483588,14816
2021-08-29,7492195,8607
2021-08-30,7508818,16623
2021-08-31,7523577,14759
2021-09-01,7539809,16232
2021-09-02,7554030,14221
2021-09-03,7573155,19125
2021-09-04,7584500,11345
2021-09-05,7591639,7139
2021-09-06,7594250,2611
2021-09-07,7608758,14508
2021-09-08,7622316,13558
2021-09-09,7635891,13575
2021-09-10,7654122,18231
2021-09-11,7666251,12129
2021-09-12,7673185,6934
2021-09-13,7687230,14045
2021-09-14,7700099,12869
2021-09-15,7712666,12567
2021-09-16,7724807,12141
2021-09-17,7741301,16494
2021-09-18,7751937,10636
2021-09-19,7757823,5886
2021-09-20,7769809,11986
2021-09-21,7781343,11534
2021-09-22,7793240,11897
2021-09-23,7804927,11687
2021-09-24,7826241,21314
2021-09-25,7842492,16251
2021-09-26,7851746,9254
2021-09-27,7873545,21799
2021-09-28,7895796,22251
2021-09-29,7918444,22648
2021-09-30,7941074,22630
2021-10-01,7967490,26416
2021-10-02,7980839,13349
2021-10-03,7989545,8706
2021-10-04,8009860,20315
2021-10-05,8029996,20136
2021-10-06,8049074,19078
2021-10-07,8068295,19221
2021-10-08,8089579,21284
2021-10-09,8101365,11786
2021-10-10,8109046,7681
2021-10-11,8127542,18496
2021-10-12,8143830,16288
2021-10-13,8160864,17034
2021-10-14,8178099,17235
2021-10-15,8197588,19489
2021-10-16,8208979,11391
2021-10-17,8215905,6926
2021-10-18,8233103,17198
2021-10-19,8249013,15910
2021-10-20,8265103,16090
2021-10-21,8280887,15784
2021-10-22,8307465,26578
2021-10-23,8324364,16899
2021-10-24,8335271,10907
2021-10-25,8363930,28659
2021-10-26,8392015,28085
2021-10-27,8421765,29750
2021-10-28,8450406,28641
2021-10-29,8482744,32338
2021-10-30,8497721,14977
2021-10-31,8507549,9828
2021-11-01,8536650,29101
2021-11-02,8563995,27345
2021-11-03,8590993,26998
2021-11-04,8621913,30920
2021-11-05,8657674,35761
2021-11-06,8680755,23081
2021-11-07,8694030,13275
2021-11-08,8725127,31097
2021-11-09,8755709,30582
2021-11-10,8791917,36208
2021-11-11,8820897,28980
2021-11-12,8856134,35237
2021-11-13,8881946,25812
2021-11-14,8894488,12542
2021-11-15,8926067,31579
2021-11-16,8957746,31679
2021-11-17,8991136,33390
2021-11-18,9024725,33589
2021-11-19,9063764,39039
2021-11-20,9089207,25443
2021-11-21,9102930,13723
2021-11-22,9138099,35169
2021-11-23,9172695,34596
2021-11-24,9204115,31420
2021-11-25,9204401,286
2021-11-26,9228816,24415
2021-11-27,9247118,18302
2021-11-28,9261185,14067
2021-11-29,9294611,33426
2021-11-30,9332332,37721
2021-12-01,9374068,41736
2021-12-02,9413124,39056
2021-12-03,9456745,43621
2021-12-04,9487545,30800
2021-12-05,9502791,15246
2021-12-06,9538481,35690
2021-12-07,9575309,36828
2021-12-08,9613238,37929
2021-12-09,9650611,37373
2021-12-10,9689757,39146
2021-12-11,9715261,25504
2021-12-12,9728819,13558
2021-12-13,9758761,29942
2021-12-14,9789545,30784
2021-12-15,9822673,33128
2021-12-16,9855086,32413
2021-12-17,9890123,35037
2021-12-18,9910544,20421
2021-12-19,9924144,13600
2021-12-20,9957364,33220
2021-12-21,9990036,32672
2021-12-22,10023244,33208
2021-12-23,10050256,27012
2021-12-24,10057714,7458
2021-12-25,10057780,66
2021-12-26,10067735,9955
2021-12-27,10096908,29173
2021-12-28,10125980,29072
2021-12-29,10155015,29035
2021-12-30,10182396,27381
2021-12-31,10193315,10919
2022-01-01,10195236,1921
2022-01-02,10204658,9422
2022-01-03,10229648,24990
2022-01-04,10255202,25554
2022-01-05,10283372,28170
2022-01-06,10311585,28213
2022-01-07,10344069,32484
2022-01-08,10364389,20320
2022-01-09,10374930,10541
2022-01-10,10399270,24340
2022-01-11,10423342,24072
2022-01-12,10449551,26209
2022-01-13,10475020,25469
2022-01-14,10502578,27558
2022-01-15,10517193,14615
2022-01-16,10525610,8417
2022-01-17,10541201,15591
2022-01-18,10560934,19733
2022-01-19,10581257,20323
2022-01-20,10601101,19844
2022-01-21,10622840,21739
2022-01-22,10635128,12288
2022-01-23,10642650,7522
2022-01-24,10659557,16907
2022-01-25,10675318,15761
2022-01-26,10692064,16746
2022-01-27,10707819,15755
2022-01-28,10727063,19244
2022-01-29,10737992,10929
2022-01-30,10743929,5937
2022-01-31,10756734,12805
2022-02-01,10768407,11673
2022-02-02,10780891,12484
2022-02-03,10793784,12893
2022-02-04,10809031,15247
2022-02-05,10818226,9195
2022-02-06,10823321,5095
2022-02-07,10834617,11296
2022-02-08,10844412,9795
2022-02-09,10854406,9994
2022-02-10,10864785,10379
2022-02-11,10877128,12343
2022-02-12,10883359,6231
2022-02-13,10886242,2883
2022-02-14,10893250,7008
2022-02-15,10900863,7613
2022-02-16,10908582,7719
2022-02-17,10916502,7920
2022-02-18,10926720,10218
2022-02-19,10932238,5518
2022-02-20,10935412,3174
2022-02-21,10941480,6068
2022-02-22,10943983,2503
