date,Mohave_cume,Mohave
2020-12-22 00:00:00,54,
2020-12-23 00:00:00,287,233
2020-12-24 00:00:00,443,156
2020-12-26 00:00:00,623,180
2020-12-27 00:00:00,684,61
2020-12-28 00:00:00,1013,329
2020-12-29 00:00:00,1431,418
2020-12-30 00:00:00,1794,363
2020-12-31 00:00:00,2095,301
2021-01-01 00:00:00,2136,41
2021-01-02 00:00:00,2185,49
2021-01-03 00:00:00,2215,30
2021-01-04 00:00:00,2452,237
2021-01-05 00:00:00,2603,151
2021-01-06 00:00:00,2940,337
2021-01-07 00:00:00,3236,296
2021-01-08 00:00:00,3563,327
2021-01-09 00:00:00,3640,77
2021-01-10 00:00:00,3693,53
2021-01-11 00:00:00,3925,232
2021-01-12 00:00:00,4248,323
2021-01-13 00:00:00,4605,357
2021-01-14 00:00:00,5044,439
2021-01-15 00:00:00,5624,580
2021-01-16 00:00:00,5779,155
2021-01-17 00:00:00,5819,40
2021-01-18 00:00:00,6203,384
2021-01-19 00:00:00,6538,335
2021-01-20 00:00:00,7183,645
2021-01-21 00:00:00,7647,464
2021-01-22 00:00:00,8191,544
2021-01-23 00:00:00,8997,806
2021-01-24 00:00:00,9704,707
2021-01-25 00:00:00,10404,700
2021-01-26 00:00:00,11162,758
2021-01-27 00:00:00,12126,964
2021-01-28 00:00:00,13162,1036
2021-01-29 00:00:00,13861,699
2021-01-30 00:00:00,14542,681
2021-01-31 00:00:00,15113,571
2021-02-01 00:00:00,15784,671
2021-02-02 00:00:00,16423,639
2021-02-03 00:00:00,17810,1387
2021-02-04 00:00:00,18614,804
2021-02-05 00:00:00,19403,789
2021-02-06 00:00:00,19718,315
2021-02-07 00:00:00,19868,150
2021-02-08 00:00:00,20317,449
2021-02-09 00:00:00,20794,477
2021-02-10 00:00:00,21867,1073
2021-02-11 00:00:00,22548,681
2021-02-12 00:00:00,23674,1126
2021-02-13 00:00:00,24200,526
2021-02-14 00:00:00,24330,130
2021-02-15 00:00:00,24951,621
2021-02-16 00:00:00,25546,595
2021-02-17 00:00:00,26107,561
2021-02-18 00:00:00,26508,401
2021-02-19 00:00:00,27029,521
2021-02-20 00:00:00,27193,164
2021-02-21 00:00:00,27250,57
2021-02-22 00:00:00,27626,376
2021-02-23 00:00:00,27887,261
2021-02-24 00:00:00,28764,877
2021-02-25 00:00:00,30013,1249
2021-02-26 00:00:00,31190,1177
2021-02-27 00:00:00,32158,968
2021-02-28 00:00:00,33080,922
2021-03-01 00:00:00,34060,980
2021-03-02 00:00:00,35099,1039
2021-03-03 00:00:00,37707,2608
2021-03-04 00:00:00,39421,1714
2021-03-05 00:00:00,41113,1692
2021-03-06 00:00:00,42053,940
2021-03-07 00:00:00,42544,491
2021-03-08 00:00:00,43472,928
2021-03-09 00:00:00,44572,1100
2021-03-10 00:00:00,46728,2156
2021-03-11 00:00:00,48461,1733
2021-03-12 00:00:00,50160,1699
2021-03-13 00:00:00,51049,889
2021-03-14 00:00:00,51436,387
2021-03-15 00:00:00,52351,915
2021-03-16 00:00:00,53445,1094
2021-03-17 00:00:00,55352,1907
2021-03-18 00:00:00,56810,1458
2021-03-19 00:00:00,58110,1300
2021-03-20 00:00:00,59358,1248
2021-03-21 00:00:00,59969,611
2021-03-22 00:00:00,61403,1434
2021-03-23 00:00:00,62774,1371
2021-03-24 00:00:00,64442,1668
2021-03-25 00:00:00,65997,1555
2021-03-26 00:00:00,67694,1697
2021-03-27 00:00:00,68832,1138
2021-03-28 00:00:00,70021,1189
2021-03-29 00:00:00,71699,1678
2021-03-30 00:00:00,73352,1653
2021-03-31 00:00:00,75883,2531
2021-04-01 00:00:00,77769,1886
2021-04-02 00:00:00,79436,1667
2021-04-03 00:00:00,80243,807
2021-04-04 00:00:00,80556,313
2021-04-05 00:00:00,81937,1381
2021-04-06 00:00:00,83463,1526
2021-04-07 00:00:00,85243,1780
2021-04-08 00:00:00,86868,1625
2021-04-09 00:00:00,88639,1771
2021-04-10 00:00:00,89653,1014
2021-04-11 00:00:00,90159,506
2021-04-12 00:00:00,92586,2427
2021-04-13 00:00:00,93837,1251
2021-04-14 00:00:00,95766,1929
2021-04-15 00:00:00,97771,2005
2021-04-16 00:00:00,99177,1406
2021-04-17 00:00:00,100156,979
2021-04-18 00:00:00,100665,509
2021-04-19 00:00:00,101808,1143
2021-04-20 00:00:00,103103,1295
2021-04-21 00:00:00,104551,1448
2021-04-22 00:00:00,105891,1340
2021-04-23 00:00:00,107243,1352
2021-04-24 00:00:00,108113,870
2021-04-25 00:00:00,108465,352
2021-04-26 00:00:00,109807,1342
2021-04-27 00:00:00,111265,1458
2021-04-28 00:00:00,112621,1356
2021-04-29 00:00:00,113864,1243
2021-04-30 00:00:00,115159,1295
2021-05-01 00:00:00,115651,492
2021-05-02 00:00:00,115922,271
2021-05-03 00:00:00,116866,944
2021-05-04 00:00:00,117848,982
2021-05-05 00:00:00,118899,1051
2021-05-06 00:00:00,119773,874
2021-05-07 00:00:00,120726,953
2021-05-08 00:00:00,121295,569
2021-05-09 00:00:00,121455,160
2021-05-10 00:00:00,122116,661
2021-05-11 00:00:00,122762,646
2021-05-12 00:00:00,123346,584
2021-05-13 00:00:00,124537,1191
2021-05-14 00:00:00,125275,738
2021-05-15 00:00:00,125728,453
2021-05-16 00:00:00,125936,208
2021-05-17 00:00:00,127773,1837
2021-05-18 00:00:00,128450,677
2021-05-19 00:00:00,129115,665
2021-05-20 00:00:00,129788,673
2021-05-21 00:00:00,130513,725
2021-05-22 00:00:00,130887,374
2021-05-23 00:00:00,131011,124
2021-05-24 00:00:00,131507,496
2021-05-25 00:00:00,132005,498
2021-05-26 00:00:00,132388,383
2021-05-27 00:00:00,132800,412
2021-05-28 00:00:00,133372,572
2021-05-29 00:00:00,133526,154
2021-05-30 00:00:00,133611,85
2021-05-31 00:00:00,133702,91
2021-06-01 00:00:00,134198,496
2021-06-02 00:00:00,134612,414
2021-06-03 00:00:00,135034,422
2021-06-04 00:00:00,135487,453
2021-06-05 00:00:00,135710,223
2021-06-06 00:00:00,135793,83
2021-06-07 00:00:00,136248,455
2021-06-08 00:00:00,136569,321
2021-06-09 00:00:00,136963,394
2021-06-10 00:00:00,137413,450
2021-06-11 00:00:00,137911,498
2021-06-12 00:00:00,138229,318
2021-06-13 00:00:00,138328,99
2021-06-14 00:00:00,138680,352
2021-06-15 00:00:00,139076,396
2021-06-16 00:00:00,139410,334
2021-06-17 00:00:00,139674,264
2021-06-18 00:00:00,140024,350
2021-06-19 00:00:00,140190,166
2021-06-20 00:00:00,140298,108
2021-06-21 00:00:00,140577,279
2021-06-22 00:00:00,140845,268
2021-06-23 00:00:00,141157,312
2021-06-24 00:00:00,141382,225
2021-06-25 00:00:00,141673,291
2021-06-26 00:00:00,141765,92
2021-06-27 00:00:00,141799,34
2021-06-28 00:00:00,141961,162
2021-06-29 00:00:00,142132,171
2021-06-30 00:00:00,142295,163
2021-07-01 00:00:00,142487,192
2021-07-02 00:00:00,142720,233
2021-07-03 00:00:00,142800,80
2021-07-04 00:00:00,142817,17
2021-07-05 00:00:00,142966,149
2021-07-06 00:00:00,143136,170
2021-07-07 00:00:00,143310,174
2021-07-08 00:00:00,143398,88
