date,Arizona_cume,Arizona
2020-12-01 00:00:00,136,
2020-12-02 00:00:00,152,16
2020-12-03 00:00:00,164,12
2020-12-04 00:00:00,171,7
2020-12-05 00:00:00,173,2
2020-12-06 00:00:00,175,2
2020-12-07 00:00:00,184,9
2020-12-08 00:00:00,191,7
2020-12-09 00:00:00,200,9
2020-12-10 00:00:00,215,15
2020-12-11 00:00:00,228,13
2020-12-12 00:00:00,235,7
2020-12-13 00:00:00,243,8
2020-12-14 00:00:00,260,17
2020-12-15 00:00:00,319,59
2020-12-16 00:00:00,915,596
2020-12-17 00:00:00,4089,3174
2020-12-18 00:00:00,7751,3662
2020-12-19 00:00:00,10317,2566
2020-12-20 00:00:00,11356,1039
2020-12-21 00:00:00,16891,5535
2020-12-22 00:00:00,24701,7810
2020-12-23 00:00:00,34522,9821
2020-12-24 00:00:00,38380,3858
2020-12-25 00:00:00,38521,141
2020-12-26 00:00:00,45060,6539
2020-12-27 00:00:00,47723,2663
2020-12-28 00:00:00,57176,9453
2020-12-29 00:00:00,70463,13287
2020-12-30 00:00:00,85549,15086
2020-12-31 00:00:00,93529,7980
2021-01-01 00:00:00,95139,1610
2021-01-02 00:00:00,102781,7642
2021-01-03 00:00:00,106007,3226
2021-01-04 00:00:00,114788,8781
2021-01-05 00:00:00,123910,9122
2021-01-06 00:00:00,136008,12098
2021-01-07 00:00:00,148785,12777
2021-01-08 00:00:00,160882,12097
2021-01-09 00:00:00,168853,7971
2021-01-10 00:00:00,172113,3260
2021-01-11 00:00:00,187966,15853
2021-01-12 00:00:00,211265,23299
2021-01-13 00:00:00,236658,25393
2021-01-14 00:00:00,261472,24814
2021-01-15 00:00:00,286747,25275
2021-01-16 00:00:00,302567,15820
2021-01-17 00:00:00,311937,9370
2021-01-18 00:00:00,331052,19115
2021-01-19 00:00:00,358311,27259
2021-01-20 00:00:00,390539,32228
2021-01-21 00:00:00,425819,35280
2021-01-22 00:00:00,464206,38387
2021-01-23 00:00:00,493022,28816
2021-01-24 00:00:00,509294,16272
2021-01-25 00:00:00,539259,29965
2021-01-26 00:00:00,576434,37175
2021-01-27 00:00:00,616656,40222
2021-01-28 00:00:00,656941,40285
2021-01-29 00:00:00,697171,40230
2021-01-30 00:00:00,723569,26398
2021-01-31 00:00:00,735245,11676
2021-02-01 00:00:00,767457,32212
2021-02-02 00:00:00,806736,39279
2021-02-03 00:00:00,850976,44240
2021-02-04 00:00:00,898217,47241
2021-02-05 00:00:00,942825,44608
2021-02-06 00:00:00,981846,39021
2021-02-07 00:00:00,998288,16442
2021-02-08 00:00:00,1037560,39272
2021-02-09 00:00:00,1082196,44636
2021-02-10 00:00:00,1133604,51408
2021-02-11 00:00:00,1185817,52213
2021-02-12 00:00:00,1248204,62387
2021-02-13 00:00:00,1294616,46412
2021-02-14 00:00:00,1312093,17477
2021-02-15 00:00:00,1343884,31791
2021-02-16 00:00:00,1389024,45140
2021-02-17 00:00:00,1436754,47730
2021-02-18 00:00:00,1482463,45709
2021-02-19 00:00:00,1526017,43554
2021-02-20 00:00:00,1561608,35591
2021-02-21 00:00:00,1576777,15169
2021-02-22 00:00:00,1605744,28967
2021-02-23 00:00:00,1650536,44792
2021-02-24 00:00:00,1708105,57569
2021-02-25 00:00:00,1769164,61059
2021-02-26 00:00:00,1836854,67690
2021-02-27 00:00:00,1888813,51959
2021-02-28 00:00:00,1914788,25975
2021-03-01 00:00:00,1963546,48758
2021-03-02 00:00:00,2015156,51610
2021-03-03 00:00:00,2074529,59373
2021-03-04 00:00:00,2133740,59211
2021-03-05 00:00:00,2194020,60280
2021-03-06 00:00:00,2239984,45964
2021-03-07 00:00:00,2266274,26290
2021-03-08 00:00:00,2318299,52025
2021-03-09 00:00:00,2376021,57722
2021-03-10 00:00:00,2444718,68697
2021-03-11 00:00:00,2516974,72256
2021-03-12 00:00:00,2591299,74325
2021-03-13 00:00:00,2644336,53037
2021-03-14 00:00:00,2673343,29007
2021-03-15 00:00:00,2722123,48780
2021-03-16 00:00:00,2778177,56054
2021-03-17 00:00:00,2842139,63962
2021-03-18 00:00:00,2907465,65326
2021-03-19 00:00:00,2968995,61530
2021-03-20 00:00:00,3016756,47761
2021-03-21 00:00:00,3048670,31914
2021-03-22 00:00:00,3093448,44778
2021-03-23 00:00:00,3143426,49978
2021-03-24 00:00:00,3208156,64730
2021-03-25 00:00:00,3281030,72874
2021-03-26 00:00:00,3352799,71769
2021-03-27 00:00:00,3406870,54071
2021-03-28 00:00:00,3445595,38725
2021-03-29 00:00:00,3508217,62622
2021-03-30 00:00:00,3576767,68550
2021-03-31 00:00:00,3655365,78598
2021-04-01 00:00:00,3733672,78307
2021-04-02 00:00:00,3803866,70194
2021-04-03 00:00:00,3854118,50252
2021-04-04 00:00:00,3875344,21226
2021-04-05 00:00:00,3934690,59346
2021-04-06 00:00:00,4001762,67072
2021-04-07 00:00:00,4077961,76199
2021-04-08 00:00:00,4155670,77709
2021-04-09 00:00:00,4227119,71449
2021-04-10 00:00:00,4276825,49706
2021-04-11 00:00:00,4308048,31223
2021-04-12 00:00:00,4361108,53060
2021-04-13 00:00:00,4411759,50651
2021-04-14 00:00:00,4472295,60536
2021-04-15 00:00:00,4537174,64879
2021-04-16 00:00:00,4600705,63531
2021-04-17 00:00:00,4643855,43150
2021-04-18 00:00:00,4673674,29819
2021-04-19 00:00:00,4726904,53230
2021-04-20 00:00:00,4782116,55212
2021-04-21 00:00:00,4844584,62468
2021-04-22 00:00:00,4907490,62906
2021-04-23 00:00:00,4966284,58794
2021-04-24 00:00:00,5006316,40032
2021-04-25 00:00:00,5032117,25801
2021-04-26 00:00:00,5079079,46962
2021-04-27 00:00:00,5128657,49578
2021-04-28 00:00:00,5178815,50158
2021-04-29 00:00:00,5225052,46237
2021-04-30 00:00:00,5270685,45633
2021-05-01 00:00:00,5297750,27065
2021-05-02 00:00:00,5318903,21153
2021-05-03 00:00:00,5349258,30355
2021-05-04 00:00:00,5388772,39514
2021-05-05 00:00:00,5424299,35527
2021-05-06 00:00:00,5462196,37897
2021-05-07 00:00:00,5500877,38681
2021-05-08 00:00:00,5527577,26700
2021-05-09 00:00:00,5540459,12882
2021-05-10 00:00:00,5566638,26179
2021-05-11 00:00:00,5593020,26382
2021-05-12 00:00:00,5623704,30684
2021-05-13 00:00:00,5663370,39666
2021-05-14 00:00:00,5703148,39778
2021-05-15 00:00:00,5733722,30574
2021-05-16 00:00:00,5750694,16972
2021-05-17 00:00:00,5783168,32474
2021-05-18 00:00:00,5811047,27879
2021-05-19 00:00:00,5847304,36257
2021-05-20 00:00:00,5878097,30793
2021-05-21 00:00:00,5911978,33881
2021-05-22 00:00:00,5938014,26036
2021-05-23 00:00:00,5948869,10855
2021-05-24 00:00:00,5971482,22613
2021-05-25 00:00:00,5993052,21570
2021-05-26 00:00:00,6016434,23382
2021-05-27 00:00:00,6037942,21508
2021-05-28 00:00:00,6061934,23992
2021-05-29 00:00:00,6075152,13218
2021-05-30 00:00:00,6082526,7374
2021-05-31 00:00:00,6086951,4425
2021-06-01 00:00:00,6107576,20625
2021-06-02 00:00:00,6127935,20359
2021-06-03 00:00:00,6151333,23398
2021-06-04 00:00:00,6177555,26222
2021-06-05 00:00:00,6198187,20632
2021-06-06 00:00:00,6207881,9694
2021-06-07 00:00:00,6227828,19947
2021-06-08 00:00:00,6246828,19000
2021-06-09 00:00:00,6267229,20401
2021-06-10 00:00:00,6287782,20553
2021-06-11 00:00:00,6313143,25361
2021-06-12 00:00:00,6329862,16719
2021-06-13 00:00:00,6337870,8008
2021-06-14 00:00:00,6355481,17611
2021-06-15 00:00:00,6371661,16180
2021-06-16 00:00:00,6388185,16524
2021-06-17 00:00:00,6404210,16025
2021-06-18 00:00:00,6423041,18831
2021-06-19 00:00:00,6434141,11100
2021-06-20 00:00:00,6439847,5706
2021-06-21 00:00:00,6451382,11535
2021-06-22 00:00:00,6465283,13901
2021-06-23 00:00:00,6480320,15037
2021-06-24 00:00:00,6494497,14177
2021-06-25 00:00:00,6510545,16048
2021-06-26 00:00:00,6520371,9826
2021-06-27 00:00:00,6526280,5909
2021-06-28 00:00:00,6538081,11801
2021-06-29 00:00:00,6549921,11840
2021-06-30 00:00:00,6562821,12900
2021-07-01 00:00:00,6575209,12388
2021-07-02 00:00:00,6588357,13148
2021-07-03 00:00:00,6596025,7668
2021-07-04 00:00:00,6597340,1315
2021-07-05 00:00:00,6606621,9281
2021-07-06 00:00:00,6617507,10886
2021-07-07 00:00:00,6628594,11087
2021-07-08 00:00:00,6639497,10903
2021-07-09 00:00:00,6654308,14811
2021-07-10 00:00:00,6664123,9815
2021-07-11 00:00:00,6669113,4990
2021-07-12 00:00:00,6680114,11001
2021-07-13 00:00:00,6690042,9928
2021-07-14 00:00:00,6700473,10431
2021-07-15 00:00:00,6710991,10518
2021-07-16 00:00:00,6724544,13553
2021-07-17 00:00:00,6732974,8430
2021-07-18 00:00:00,6738280,5306
2021-07-19 00:00:00,6750552,12272
2021-07-20 00:00:00,6762142,11590
2021-07-21 00:00:00,6774837,12695
2021-07-22 00:00:00,6787701,12864
2021-07-23 00:00:00,6803426,15725
2021-07-24 00:00:00,6814002,10576
2021-07-25 00:00:00,6820643,6641
2021-07-26 00:00:00,6834418,13775
2021-07-27 00:00:00,6848226,13808
2021-07-28 00:00:00,6862700,14474
2021-07-29 00:00:00,6876781,14081
2021-07-30 00:00:00,6895750,18969
2021-07-31 00:00:00,6908772,13022
2021-08-01 00:00:00,6916197,7425
2021-08-02 00:00:00,6930894,14697
2021-08-03 00:00:00,6944400,13506
2021-08-04 00:00:00,6958585,14185
2021-08-05 00:00:00,6972532,13947
2021-08-06 00:00:00,6991905,19373
2021-08-07 00:00:00,7004855,12950
2021-08-08 00:00:00,7012504,7649
2021-08-09 00:00:00,7027630,15126
2021-08-10 00:00:00,7041608,13978
2021-08-11 00:00:00,7055466,13858
2021-08-12 00:00:00,7070276,14810
2021-08-13 00:00:00,7090242,19966
2021-08-14 00:00:00,7103722,13480
2021-08-15 00:00:00,7111825,8103
2021-08-16 00:00:00,7128278,16453
2021-08-17 00:00:00,7144099,15821
2021-08-18 00:00:00,7160236,16137
2021-08-19 00:00:00,7175109,14873
2021-08-20 00:00:00,7194021,18912
2021-08-21 00:00:00,7207453,13432
2021-08-22 00:00:00,7215335,7882
2021-08-23 00:00:00,7231274,15939
2021-08-24 00:00:00,7246064,14790
2021-08-25 00:00:00,7252541,6477
