date,Arizona_cume,Arizona
2020-12-01 00:00:00,117,
2020-12-02 00:00:00,133,16
2020-12-03 00:00:00,144,11
2020-12-04 00:00:00,149,5
2020-12-05 00:00:00,151,2
2020-12-06 00:00:00,153,2
2020-12-07 00:00:00,161,8
2020-12-08 00:00:00,167,6
2020-12-09 00:00:00,176,9
2020-12-10 00:00:00,189,13
2020-12-11 00:00:00,201,12
2020-12-12 00:00:00,208,7
2020-12-13 00:00:00,214,6
2020-12-14 00:00:00,230,16
2020-12-15 00:00:00,282,52
2020-12-16 00:00:00,871,589
2020-12-17 00:00:00,4038,3167
2020-12-18 00:00:00,7695,3657
2020-12-19 00:00:00,10257,2562
2020-12-20 00:00:00,11293,1036
2020-12-21 00:00:00,16818,5525
2020-12-22 00:00:00,24622,7804
2020-12-23 00:00:00,34433,9811
2020-12-24 00:00:00,38286,3853
2020-12-25 00:00:00,38426,140
2020-12-26 00:00:00,44960,6534
2020-12-27 00:00:00,47619,2659
2020-12-28 00:00:00,57060,9441
2020-12-29 00:00:00,70264,13204
2020-12-30 00:00:00,85243,14979
2020-12-31 00:00:00,93131,7888
2021-01-01 00:00:00,94598,1467
2021-01-02 00:00:00,102218,7620
2021-01-03 00:00:00,105439,3221
2021-01-04 00:00:00,114197,8758
2021-01-05 00:00:00,123211,9014
2021-01-06 00:00:00,135182,11971
2021-01-07 00:00:00,147836,12654
2021-01-08 00:00:00,159900,12064
2021-01-09 00:00:00,167860,7960
2021-01-10 00:00:00,171115,3255
2021-01-11 00:00:00,186940,15825
2021-01-12 00:00:00,210207,23267
2021-01-13 00:00:00,235571,25364
2021-01-14 00:00:00,260361,24790
2021-01-15 00:00:00,285489,25128
2021-01-16 00:00:00,301292,15803
2021-01-17 00:00:00,310654,9362
2021-01-18 00:00:00,329746,19092
2021-01-19 00:00:00,356970,27224
2021-01-20 00:00:00,389145,32175
2021-01-21 00:00:00,424365,35220
2021-01-22 00:00:00,462717,38352
2021-01-23 00:00:00,491514,28797
2021-01-24 00:00:00,507770,16256
2021-01-25 00:00:00,537607,29837
2021-01-26 00:00:00,574649,37042
2021-01-27 00:00:00,614723,40074
2021-01-28 00:00:00,654824,40101
2021-01-29 00:00:00,694887,40063
2021-01-30 00:00:00,721268,26381
2021-01-31 00:00:00,732925,11657
2021-02-01 00:00:00,764721,31796
2021-02-02 00:00:00,803822,39101
2021-02-03 00:00:00,847896,44074
2021-02-04 00:00:00,894965,47069
2021-02-05 00:00:00,939326,44361
2021-02-06 00:00:00,977818,38492
2021-02-07 00:00:00,994241,16423
2021-02-08 00:00:00,1033325,39084
2021-02-09 00:00:00,1077853,44528
2021-02-10 00:00:00,1129110,51257
2021-02-11 00:00:00,1181153,52043
2021-02-12 00:00:00,1243356,62203
2021-02-13 00:00:00,1289169,45813
2021-02-14 00:00:00,1306631,17462
2021-02-15 00:00:00,1338335,31704
2021-02-16 00:00:00,1383333,44998
2021-02-17 00:00:00,1430920,47587
2021-02-18 00:00:00,1476465,45545
2021-02-19 00:00:00,1519828,43363
2021-02-20 00:00:00,1555368,35540
2021-02-21 00:00:00,1570495,15127
2021-02-22 00:00:00,1599255,28760
2021-02-23 00:00:00,1643892,44637
2021-02-24 00:00:00,1701316,57424
2021-02-25 00:00:00,1762164,60848
2021-02-26 00:00:00,1829606,67442
2021-02-27 00:00:00,1881524,51918
2021-02-28 00:00:00,1907444,25920
2021-03-01 00:00:00,1955514,48070
2021-03-02 00:00:00,2006951,51437
2021-03-03 00:00:00,2066231,59280
2021-03-04 00:00:00,2125356,59125
2021-03-05 00:00:00,2185383,60027
2021-03-06 00:00:00,2230816,45433
2021-03-07 00:00:00,2257070,26254
2021-03-08 00:00:00,2308898,51828
2021-03-09 00:00:00,2366388,57490
2021-03-10 00:00:00,2434856,68468
2021-03-11 00:00:00,2506904,72048
2021-03-12 00:00:00,2581039,74135
2021-03-13 00:00:00,2633516,52477
2021-03-14 00:00:00,2662500,28984
2021-03-15 00:00:00,2711075,48575
2021-03-16 00:00:00,2766964,55889
2021-03-17 00:00:00,2830734,63770
2021-03-18 00:00:00,2895856,65122
2021-03-19 00:00:00,2957030,61174
2021-03-20 00:00:00,3004617,47587
2021-03-21 00:00:00,3036482,31865
2021-03-22 00:00:00,3081023,44541
2021-03-23 00:00:00,3130827,49804
2021-03-24 00:00:00,3195419,64592
2021-03-25 00:00:00,3268134,72715
2021-03-26 00:00:00,3339674,71540
2021-03-27 00:00:00,3393701,54027
2021-03-28 00:00:00,3432388,38687
2021-03-29 00:00:00,3494803,62415
2021-03-30 00:00:00,3563149,68346
2021-03-31 00:00:00,3641627,78478
2021-04-01 00:00:00,3719442,77815
2021-04-02 00:00:00,3789491,70049
2021-04-03 00:00:00,3839700,50209
2021-04-04 00:00:00,3860899,21199
2021-04-05 00:00:00,3920149,59250
2021-04-06 00:00:00,3986992,66843
2021-04-07 00:00:00,4063054,76062
2021-04-08 00:00:00,4140593,77539
2021-04-09 00:00:00,4211903,71310
2021-04-10 00:00:00,4261572,49669
2021-04-11 00:00:00,4292767,31195
2021-04-12 00:00:00,4345696,52929
2021-04-13 00:00:00,4396221,50525
2021-04-14 00:00:00,4456652,60431
2021-04-15 00:00:00,4521388,64736
2021-04-16 00:00:00,4584670,63282
2021-04-17 00:00:00,4627531,42861
2021-04-18 00:00:00,4657332,29801
2021-04-19 00:00:00,4710463,53131
2021-04-20 00:00:00,4765590,55127
2021-04-21 00:00:00,4827983,62393
2021-04-22 00:00:00,4890805,62822
2021-04-23 00:00:00,4949528,58723
2021-04-24 00:00:00,4989525,39997
2021-04-25 00:00:00,5015306,25781
2021-04-26 00:00:00,5062213,46907
2021-04-27 00:00:00,5111663,49450
2021-04-28 00:00:00,5161713,50050
2021-04-29 00:00:00,5207855,46142
2021-04-30 00:00:00,5253397,45542
2021-05-01 00:00:00,5280299,26902
2021-05-02 00:00:00,5301433,21134
2021-05-03 00:00:00,5331735,30302
2021-05-04 00:00:00,5371096,39361
2021-05-05 00:00:00,5406558,35462
2021-05-06 00:00:00,5444369,37811
2021-05-07 00:00:00,5483017,38648
2021-05-08 00:00:00,5509695,26678
2021-05-09 00:00:00,5522560,12865
2021-05-10 00:00:00,5548702,26142
2021-05-11 00:00:00,5574987,26285
2021-05-12 00:00:00,5605619,30632
2021-05-13 00:00:00,5645232,39613
2021-05-14 00:00:00,5684928,39696
2021-05-15 00:00:00,5715448,30520
2021-05-16 00:00:00,5732394,16946
2021-05-17 00:00:00,5764816,32422
2021-05-18 00:00:00,5792645,27829
2021-05-19 00:00:00,5828839,36194
2021-05-20 00:00:00,5859566,30727
2021-05-21 00:00:00,5893397,33831
2021-05-22 00:00:00,5919403,26006
2021-05-23 00:00:00,5930249,10846
2021-05-24 00:00:00,5952820,22571
2021-05-25 00:00:00,5974336,21516
2021-05-26 00:00:00,5997681,23345
2021-05-27 00:00:00,6019133,21452
2021-05-28 00:00:00,6043088,23955
2021-05-29 00:00:00,6056289,13201
2021-05-30 00:00:00,6063655,7366
2021-05-31 00:00:00,6068058,4403
2021-06-01 00:00:00,6088564,20506
2021-06-02 00:00:00,6108881,20317
2021-06-03 00:00:00,6132243,23362
2021-06-04 00:00:00,6158388,26145
2021-06-05 00:00:00,6178974,20586
2021-06-06 00:00:00,6188659,9685
2021-06-07 00:00:00,6208581,19922
2021-06-08 00:00:00,6227509,18928
2021-06-09 00:00:00,6247847,20338
2021-06-10 00:00:00,6268214,20367
2021-06-11 00:00:00,6293426,25212
2021-06-12 00:00:00,6309923,16497
2021-06-13 00:00:00,6317927,8004
2021-06-14 00:00:00,6335493,17566
2021-06-15 00:00:00,6351601,16108
2021-06-16 00:00:00,6368087,16486
2021-06-17 00:00:00,6384063,15976
2021-06-18 00:00:00,6402757,18694
2021-06-19 00:00:00,6413844,11087
2021-06-20 00:00:00,6419543,5699
2021-06-21 00:00:00,6431041,11498
2021-06-22 00:00:00,6444892,13851
2021-06-23 00:00:00,6459899,15007
2021-06-24 00:00:00,6474040,14141
2021-06-25 00:00:00,6490056,16016
2021-06-26 00:00:00,6499872,9816
2021-06-27 00:00:00,6505773,5901
2021-06-28 00:00:00,6517549,11776
2021-06-29 00:00:00,6529364,11815
2021-06-30 00:00:00,6542204,12840
2021-07-01 00:00:00,6554518,12314
2021-07-02 00:00:00,6567637,13119
2021-07-03 00:00:00,6575291,7654
2021-07-04 00:00:00,6576605,1314
2021-07-05 00:00:00,6585873,9268
2021-07-06 00:00:00,6596733,10860
2021-07-07 00:00:00,6607729,10996
2021-07-08 00:00:00,6618607,10878
2021-07-09 00:00:00,6633296,14689
2021-07-10 00:00:00,6643096,9800
2021-07-11 00:00:00,6648079,4983
2021-07-12 00:00:00,6659043,10964
2021-07-13 00:00:00,6668937,9894
2021-07-14 00:00:00,6679257,10320
2021-07-15 00:00:00,6689713,10456
2021-07-16 00:00:00,6703191,13478
2021-07-17 00:00:00,6711609,8418
2021-07-18 00:00:00,6716898,5289
2021-07-19 00:00:00,6729039,12141
2021-07-20 00:00:00,6740539,11500
2021-07-21 00:00:00,6753102,12563
2021-07-22 00:00:00,6765831,12729
2021-07-23 00:00:00,6781321,15490
2021-07-24 00:00:00,6791824,10503
2021-07-25 00:00:00,6798449,6625
2021-07-26 00:00:00,6812039,13590
2021-07-27 00:00:00,6825673,13634
2021-07-28 00:00:00,6839786,14113
2021-07-29 00:00:00,6853518,13732
2021-07-30 00:00:00,6872081,18563
2021-07-31 00:00:00,6884648,12567
2021-08-01 00:00:00,6891892,7244
2021-08-02 00:00:00,6906173,14281
2021-08-03 00:00:00,6919163,12990
2021-08-04 00:00:00,6932471,13308
2021-08-05 00:00:00,6945864,13393
2021-08-06 00:00:00,6963695,17831
2021-08-07 00:00:00,6974164,10469
2021-08-08 00:00:00,6979370,5206
2021-08-09 00:00:00,6988593,9223
2021-08-10 00:00:00,6993668,5075
