date,Santa Cruz_cume,Santa Cruz
2020-12-22 00:00:00,61,
2020-12-23 00:00:00,81,20
2020-12-24 00:00:00,101,20
2020-12-28 00:00:00,141,40
2020-12-29 00:00:00,201,60
2020-12-30 00:00:00,265,64
2020-12-31 00:00:00,309,44
2021-01-04 00:00:00,350,41
2021-01-05 00:00:00,430,80
2021-01-06 00:00:00,565,135
2021-01-07 00:00:00,736,171
2021-01-08 00:00:00,915,179
2021-01-11 00:00:00,1011,96
2021-01-12 00:00:00,1166,155
2021-01-13 00:00:00,1375,209
2021-01-14 00:00:00,1597,222
2021-01-15 00:00:00,1799,202
2021-01-19 00:00:00,1916,117
2021-01-20 00:00:00,2357,441
2021-01-21 00:00:00,2776,419
2021-01-22 00:00:00,3280,504
2021-01-25 00:00:00,3394,114
2021-01-26 00:00:00,3803,409
2021-01-27 00:00:00,3984,181
2021-01-28 00:00:00,4499,515
2021-01-29 00:00:00,4915,416
2021-02-01 00:00:00,5032,117
2021-02-02 00:00:00,5617,585
2021-02-03 00:00:00,5810,193
2021-02-04 00:00:00,6377,567
2021-02-05 00:00:00,7059,682
2021-02-06 00:00:00,7065,6
2021-02-08 00:00:00,7235,170
2021-02-09 00:00:00,7804,569
2021-02-10 00:00:00,8422,618
2021-02-11 00:00:00,9051,629
2021-02-12 00:00:00,9682,631
2021-02-13 00:00:00,10160,478
2021-02-14 00:00:00,10599,439
2021-02-15 00:00:00,10687,88
2021-02-16 00:00:00,10774,87
2021-02-17 00:00:00,10777,3
2021-02-18 00:00:00,10788,11
2021-02-19 00:00:00,10835,47
2021-02-20 00:00:00,10837,2
2021-02-22 00:00:00,10877,40
2021-02-23 00:00:00,11507,630
2021-02-24 00:00:00,12307,800
2021-02-25 00:00:00,13067,760
2021-02-26 00:00:00,13793,726
2021-02-27 00:00:00,13805,12
2021-03-01 00:00:00,13948,143
2021-03-02 00:00:00,14810,862
2021-03-03 00:00:00,15546,736
2021-03-04 00:00:00,16349,803
2021-03-05 00:00:00,17134,785
2021-03-06 00:00:00,17208,74
2021-03-07 00:00:00,17224,16
2021-03-08 00:00:00,17387,163
2021-03-09 00:00:00,18045,658
2021-03-10 00:00:00,18760,715
2021-03-11 00:00:00,19454,694
2021-03-12 00:00:00,20142,688
2021-03-13 00:00:00,20654,512
2021-03-14 00:00:00,21021,367
2021-03-15 00:00:00,21182,161
2021-03-16 00:00:00,21879,697
2021-03-17 00:00:00,22629,750
2021-03-18 00:00:00,23323,694
2021-03-19 00:00:00,24166,843
2021-03-20 00:00:00,24188,22
2021-03-21 00:00:00,24200,12
2021-03-22 00:00:00,24388,188
2021-03-23 00:00:00,25145,757
2021-03-24 00:00:00,25847,702
2021-03-25 00:00:00,26490,643
2021-03-26 00:00:00,27237,747
2021-03-27 00:00:00,27283,46
2021-03-28 00:00:00,27284,1
2021-03-29 00:00:00,27443,159
2021-03-30 00:00:00,28287,844
2021-03-31 00:00:00,29113,826
2021-04-01 00:00:00,29972,859
2021-04-02 00:00:00,30661,689
2021-04-03 00:00:00,30687,26
2021-04-04 00:00:00,30698,11
2021-04-05 00:00:00,31242,544
2021-04-06 00:00:00,31953,711
2021-04-07 00:00:00,32751,798
2021-04-08 00:00:00,33477,726
2021-04-09 00:00:00,34195,718
2021-04-10 00:00:00,34752,557
2021-04-11 00:00:00,34762,10
2021-04-12 00:00:00,35094,332
2021-04-13 00:00:00,35898,804
2021-04-14 00:00:00,36766,868
2021-04-15 00:00:00,37597,831
2021-04-16 00:00:00,38562,965
2021-04-17 00:00:00,38586,24
2021-04-18 00:00:00,38625,39
2021-04-19 00:00:00,38882,257
2021-04-20 00:00:00,39680,798
2021-04-21 00:00:00,40429,749
2021-04-22 00:00:00,41232,803
2021-04-23 00:00:00,42038,806
2021-04-24 00:00:00,42402,364
2021-04-26 00:00:00,42962,560
2021-04-27 00:00:00,43730,768
2021-04-28 00:00:00,44425,695
2021-04-29 00:00:00,45120,695
2021-04-30 00:00:00,45709,589
2021-05-01 00:00:00,45740,31
2021-05-02 00:00:00,45752,12
2021-05-03 00:00:00,46239,487
2021-05-04 00:00:00,46834,595
2021-05-05 00:00:00,47564,730
2021-05-06 00:00:00,48136,572
2021-05-07 00:00:00,48801,665
2021-05-08 00:00:00,48825,24
2021-05-09 00:00:00,48837,12
2021-05-10 00:00:00,49284,447
2021-05-11 00:00:00,49391,107
2021-05-12 00:00:00,49754,363
2021-05-13 00:00:00,50626,872
2021-05-14 00:00:00,51324,698
2021-05-15 00:00:00,51347,23
2021-05-16 00:00:00,51368,21
2021-05-17 00:00:00,52215,847
2021-05-18 00:00:00,52732,517
2021-05-19 00:00:00,53153,421
2021-05-20 00:00:00,53855,702
2021-05-21 00:00:00,54270,415
2021-05-22 00:00:00,54320,50
2021-05-23 00:00:00,54352,32
2021-05-24 00:00:00,54599,247
2021-05-25 00:00:00,55286,687
2021-05-26 00:00:00,55660,374
2021-05-27 00:00:00,55934,274
2021-05-28 00:00:00,55975,41
2021-05-29 00:00:00,56014,39
2021-05-30 00:00:00,56041,27
2021-05-31 00:00:00,56065,24
2021-06-01 00:00:00,56174,109
2021-06-02 00:00:00,57110,936
2021-06-03 00:00:00,57873,763
2021-06-04 00:00:00,58024,151
2021-06-05 00:00:00,58049,25
2021-06-06 00:00:00,58053,4
2021-06-07 00:00:00,58138,85
2021-06-08 00:00:00,58872,734
2021-06-09 00:00:00,59435,563
2021-06-10 00:00:00,59604,169
2021-06-11 00:00:00,60202,598
2021-06-12 00:00:00,60216,14
2021-06-13 00:00:00,60226,10
2021-06-14 00:00:00,60273,47
2021-06-15 00:00:00,60417,144
2021-06-16 00:00:00,60477,60
2021-06-17 00:00:00,61251,774
2021-06-18 00:00:00,61305,54
2021-06-19 00:00:00,61329,24
2021-06-20 00:00:00,61351,22
2021-06-21 00:00:00,61515,164
2021-06-22 00:00:00,62046,531
2021-06-23 00:00:00,62178,132
2021-06-24 00:00:00,62774,596
2021-06-25 00:00:00,62927,153
2021-06-26 00:00:00,62968,41
2021-06-27 00:00:00,62985,17
2021-06-28 00:00:00,63026,41
2021-06-29 00:00:00,63210,184
2021-06-30 00:00:00,63399,189
2021-07-01 00:00:00,63581,182
2021-07-02 00:00:00,63646,65
2021-07-03 00:00:00,63684,38
2021-07-04 00:00:00,63694,10
2021-07-05 00:00:00,63735,41
2021-07-06 00:00:00,63916,181
2021-07-07 00:00:00,63972,56
2021-07-08 00:00:00,64171,199
2021-07-09 00:00:00,64225,54
2021-07-10 00:00:00,64250,25
2021-07-11 00:00:00,64262,12
2021-07-12 00:00:00,64306,44
2021-07-13 00:00:00,64465,159
2021-07-14 00:00:00,64495,30
2021-07-15 00:00:00,64686,191
2021-07-16 00:00:00,64705,19
