date,Arizona_cume,Arizona
2020-12-01 00:00:00,92,
2020-12-02 00:00:00,106,14
2020-12-03 00:00:00,116,10
2020-12-04 00:00:00,121,5
2020-12-05 00:00:00,123,2
2020-12-06 00:00:00,125,2
2020-12-07 00:00:00,133,8
2020-12-08 00:00:00,139,6
2020-12-09 00:00:00,147,8
2020-12-10 00:00:00,160,13
2020-12-11 00:00:00,172,12
2020-12-12 00:00:00,179,7
2020-12-13 00:00:00,184,5
2020-12-14 00:00:00,197,13
2020-12-15 00:00:00,244,47
2020-12-16 00:00:00,833,589
2020-12-17 00:00:00,3993,3160
2020-12-18 00:00:00,7644,3651
2020-12-19 00:00:00,10202,2558
2020-12-20 00:00:00,11229,1027
2020-12-21 00:00:00,16746,5517
2020-12-22 00:00:00,24537,7791
2020-12-23 00:00:00,34256,9719
2020-12-24 00:00:00,38106,3850
2020-12-25 00:00:00,38245,139
2020-12-26 00:00:00,44769,6524
2020-12-27 00:00:00,47422,2653
2020-12-28 00:00:00,56830,9408
2020-12-29 00:00:00,69731,12901
2020-12-30 00:00:00,84603,14872
2020-12-31 00:00:00,92420,7817
2021-01-01 00:00:00,93628,1208
2021-01-02 00:00:00,101219,7591
2021-01-03 00:00:00,104434,3215
2021-01-04 00:00:00,113148,8714
2021-01-05 00:00:00,122133,8985
2021-01-06 00:00:00,134085,11952
2021-01-07 00:00:00,146712,12627
2021-01-08 00:00:00,158744,12032
2021-01-09 00:00:00,166700,7956
2021-01-10 00:00:00,169942,3242
2021-01-11 00:00:00,185735,15793
2021-01-12 00:00:00,208958,23223
2021-01-13 00:00:00,234268,25310
2021-01-14 00:00:00,259021,24753
2021-01-15 00:00:00,284073,25052
2021-01-16 00:00:00,299858,15785
2021-01-17 00:00:00,309204,9346
2021-01-18 00:00:00,328265,19061
2021-01-19 00:00:00,355362,27097
2021-01-20 00:00:00,387451,32089
2021-01-21 00:00:00,422595,35144
2021-01-22 00:00:00,460632,38037
2021-01-23 00:00:00,489402,28770
2021-01-24 00:00:00,505633,16231
2021-01-25 00:00:00,535190,29557
2021-01-26 00:00:00,572008,36818
2021-01-27 00:00:00,611941,39933
2021-01-28 00:00:00,651945,40004
2021-01-29 00:00:00,691930,39985
2021-01-30 00:00:00,718281,26351
2021-01-31 00:00:00,729905,11624
2021-02-01 00:00:00,761094,31189
2021-02-02 00:00:00,800022,38928
2021-02-03 00:00:00,843997,43975
2021-02-04 00:00:00,890879,46882
2021-02-05 00:00:00,934908,44029
2021-02-06 00:00:00,973326,38418
2021-02-07 00:00:00,989725,16399
2021-02-08 00:00:00,1028714,38989
2021-02-09 00:00:00,1073169,44455
2021-02-10 00:00:00,1124094,50925
2021-02-11 00:00:00,1175847,51753
2021-02-12 00:00:00,1237867,62020
2021-02-13 00:00:00,1283627,45760
2021-02-14 00:00:00,1301056,17429
2021-02-15 00:00:00,1332650,31594
2021-02-16 00:00:00,1377458,44808
2021-02-17 00:00:00,1424837,47379
2021-02-18 00:00:00,1470141,45304
2021-02-19 00:00:00,1513153,43012
2021-02-20 00:00:00,1548598,35445
2021-02-21 00:00:00,1563636,15038
2021-02-22 00:00:00,1592122,28486
2021-02-23 00:00:00,1636555,44433
2021-02-24 00:00:00,1693840,57285
2021-02-25 00:00:00,1754522,60682
2021-02-26 00:00:00,1821769,67247
2021-02-27 00:00:00,1873621,51852
2021-02-28 00:00:00,1899423,25802
2021-03-01 00:00:00,1946554,47131
2021-03-02 00:00:00,1997795,51241
2021-03-03 00:00:00,2056852,59057
2021-03-04 00:00:00,2115786,58934
2021-03-05 00:00:00,2175387,59601
2021-03-06 00:00:00,2220732,45345
2021-03-07 00:00:00,2246929,26197
2021-03-08 00:00:00,2298565,51636
2021-03-09 00:00:00,2355922,57357
2021-03-10 00:00:00,2424012,68090
2021-03-11 00:00:00,2495742,71730
2021-03-12 00:00:00,2569693,73951
2021-03-13 00:00:00,2622133,52440
2021-03-14 00:00:00,2651082,28949
2021-03-15 00:00:00,2699371,48289
2021-03-16 00:00:00,2755077,55706
2021-03-17 00:00:00,2818613,63536
2021-03-18 00:00:00,2883494,64881
2021-03-19 00:00:00,2944499,61005
2021-03-20 00:00:00,2991981,47482
2021-03-21 00:00:00,3023751,31770
2021-03-22 00:00:00,3068030,44279
2021-03-23 00:00:00,3117684,49654
2021-03-24 00:00:00,3182099,64415
2021-03-25 00:00:00,3254764,72665
2021-03-26 00:00:00,3326277,71513
2021-03-27 00:00:00,3380311,54034
2021-03-28 00:00:00,3419042,38731
2021-03-29 00:00:00,3481501,62459
2021-03-30 00:00:00,3549997,68496
2021-03-31 00:00:00,3628507,78510
2021-04-01 00:00:00,3705888,77381
2021-04-02 00:00:00,3775969,70081
2021-04-03 00:00:00,3826101,50132
2021-04-04 00:00:00,3847260,21159
2021-04-05 00:00:00,3906415,59155
2021-04-06 00:00:00,3973217,66802
2021-04-07 00:00:00,4049409,76192
2021-04-08 00:00:00,4127034,77625
2021-04-09 00:00:00,4198274,71240
2021-04-10 00:00:00,4247870,49596
2021-04-11 00:00:00,4279040,31170
2021-04-12 00:00:00,4331824,52784
2021-04-13 00:00:00,4382247,50423
2021-04-14 00:00:00,4442533,60286
2021-04-15 00:00:00,4507099,64566
2021-04-16 00:00:00,4570053,62954
2021-04-17 00:00:00,4612857,42804
2021-04-18 00:00:00,4642698,29841
2021-04-19 00:00:00,4695842,53144
2021-04-20 00:00:00,4751101,55259
2021-04-21 00:00:00,4813724,62623
2021-04-22 00:00:00,4876740,63016
2021-04-23 00:00:00,4935613,58873
2021-04-24 00:00:00,4975663,40050
2021-04-25 00:00:00,5001456,25793
2021-04-26 00:00:00,5048659,47203
2021-04-27 00:00:00,5098264,49605
2021-04-28 00:00:00,5148530,50266
2021-04-29 00:00:00,5194917,46387
2021-04-30 00:00:00,5240636,45719
2021-05-01 00:00:00,5267345,26709
2021-05-02 00:00:00,5288462,21117
2021-05-03 00:00:00,5318473,30011
2021-05-04 00:00:00,5357978,39505
2021-05-05 00:00:00,5393565,35587
2021-05-06 00:00:00,5431455,37890
2021-05-07 00:00:00,5470065,38610
2021-05-08 00:00:00,5496944,26879
2021-05-09 00:00:00,5509812,12868
2021-05-10 00:00:00,5536074,26262
2021-05-11 00:00:00,5562486,26412
2021-05-12 00:00:00,5593154,30668
2021-05-13 00:00:00,5632840,39686
2021-05-14 00:00:00,5672560,39720
2021-05-15 00:00:00,5703156,30596
2021-05-16 00:00:00,5720231,17075
2021-05-17 00:00:00,5752716,32485
2021-05-18 00:00:00,5780543,27827
2021-05-19 00:00:00,5816731,36188
2021-05-20 00:00:00,5846975,30244
2021-05-21 00:00:00,5880798,33823
2021-05-22 00:00:00,5906657,25859
2021-05-23 00:00:00,5917529,10872
2021-05-24 00:00:00,5940087,22558
2021-05-25 00:00:00,5961496,21409
2021-05-26 00:00:00,5984740,23244
2021-05-27 00:00:00,6006113,21373
2021-05-28 00:00:00,6029997,23884
2021-05-29 00:00:00,6043184,13187
2021-05-30 00:00:00,6050528,7344
2021-05-31 00:00:00,6054891,4363
2021-06-01 00:00:00,6075193,20302
2021-06-02 00:00:00,6095458,20265
2021-06-03 00:00:00,6118800,23342
2021-06-04 00:00:00,6144863,26063
2021-06-05 00:00:00,6165388,20525
2021-06-06 00:00:00,6175055,9667
2021-06-07 00:00:00,6194935,19880
2021-06-08 00:00:00,6213714,18779
2021-06-09 00:00:00,6234052,20338
2021-06-10 00:00:00,6254393,20341
2021-06-11 00:00:00,6279589,25196
2021-06-12 00:00:00,6296157,16568
2021-06-13 00:00:00,6304154,7997
2021-06-14 00:00:00,6321709,17555
2021-06-15 00:00:00,6337788,16079
2021-06-16 00:00:00,6354250,16462
2021-06-17 00:00:00,6370177,15927
2021-06-18 00:00:00,6388836,18659
2021-06-19 00:00:00,6399895,11059
2021-06-20 00:00:00,6405580,5685
2021-06-21 00:00:00,6417145,11565
2021-06-22 00:00:00,6431044,13899
2021-06-23 00:00:00,6446128,15084
2021-06-24 00:00:00,6460477,14349
2021-06-25 00:00:00,6476545,16068
2021-06-26 00:00:00,6486316,9771
2021-06-27 00:00:00,6492238,5922
2021-06-28 00:00:00,6504245,12007
2021-06-29 00:00:00,6516022,11777
2021-06-30 00:00:00,6528750,12728
2021-07-01 00:00:00,6540959,12209
2021-07-02 00:00:00,6554114,13155
2021-07-03 00:00:00,6561703,7589
2021-07-04 00:00:00,6563023,1320
2021-07-05 00:00:00,6572269,9246
2021-07-06 00:00:00,6583097,10828
2021-07-07 00:00:00,6593961,10864
2021-07-08 00:00:00,6604727,10766
2021-07-09 00:00:00,6618317,13590
2021-07-10 00:00:00,6626981,8664
2021-07-11 00:00:00,6631436,4455
2021-07-12 00:00:00,6641443,10007
2021-07-13 00:00:00,6650422,8979
2021-07-14 00:00:00,6659493,9071
2021-07-15 00:00:00,6668351,8858
2021-07-16 00:00:00,6674946,6595
