date,Maricopa_cume,Maricopa
2020-12-01 00:00:00,51,
2020-12-02 00:00:00,60,9
2020-12-03 00:00:00,65,5
2020-12-04 00:00:00,66,1
2020-12-07 00:00:00,69,3
2020-12-08 00:00:00,72,3
2020-12-09 00:00:00,76,4
2020-12-10 00:00:00,84,8
2020-12-11 00:00:00,88,4
2020-12-12 00:00:00,90,2
2020-12-14 00:00:00,94,4
2020-12-15 00:00:00,107,13
2020-12-16 00:00:00,144,37
2020-12-17 00:00:00,1394,1250
2020-12-18 00:00:00,3050,1656
2020-12-19 00:00:00,4733,1683
2020-12-20 00:00:00,5703,970
2020-12-21 00:00:00,8963,3260
2020-12-22 00:00:00,13220,4257
2020-12-23 00:00:00,18038,4818
2020-12-24 00:00:00,19600,1562
2020-12-25 00:00:00,19601,1
2020-12-26 00:00:00,24717,5116
2020-12-27 00:00:00,27032,2315
2020-12-28 00:00:00,32317,5285
2020-12-29 00:00:00,40280,7963
2020-12-30 00:00:00,49090,8810
2020-12-31 00:00:00,52862,3772
2021-01-01 00:00:00,53378,516
2021-01-02 00:00:00,59585,6207
2021-01-03 00:00:00,62278,2693
2021-01-04 00:00:00,66922,4644
2021-01-05 00:00:00,71293,4371
2021-01-06 00:00:00,76300,5007
2021-01-07 00:00:00,81574,5274
2021-01-08 00:00:00,86139,4565
2021-01-09 00:00:00,90781,4642
2021-01-10 00:00:00,93503,2722
2021-01-11 00:00:00,102488,8985
2021-01-12 00:00:00,113254,10766
2021-01-13 00:00:00,124795,11541
2021-01-14 00:00:00,136242,11447
2021-01-15 00:00:00,146062,9820
2021-01-16 00:00:00,152451,6389
2021-01-17 00:00:00,155177,2726
2021-01-18 00:00:00,162006,6829
2021-01-19 00:00:00,174259,12253
2021-01-20 00:00:00,187792,13533
2021-01-21 00:00:00,202046,14254
2021-01-22 00:00:00,219334,17288
2021-01-23 00:00:00,233236,13902
2021-01-24 00:00:00,240391,7155
2021-01-25 00:00:00,251953,11562
2021-01-26 00:00:00,268816,16863
2021-01-27 00:00:00,284608,15792
2021-01-28 00:00:00,298851,14243
2021-01-29 00:00:00,316198,17347
2021-01-30 00:00:00,327571,11373
2021-01-31 00:00:00,331063,3492
2021-02-01 00:00:00,339970,8907
2021-02-02 00:00:00,354344,14374
2021-02-03 00:00:00,368618,14274
2021-02-04 00:00:00,385369,16751
2021-02-05 00:00:00,400514,15145
2021-02-06 00:00:00,414961,14447
2021-02-07 00:00:00,417440,2479
2021-02-08 00:00:00,428706,11266
2021-02-09 00:00:00,446715,18009
2021-02-10 00:00:00,463245,16530
2021-02-11 00:00:00,480426,17181
2021-02-12 00:00:00,507201,26775
2021-02-13 00:00:00,526909,19708
2021-02-14 00:00:00,530783,3874
2021-02-15 00:00:00,540175,9392
2021-02-16 00:00:00,558294,18119
2021-02-17 00:00:00,577812,19518
2021-02-18 00:00:00,597869,20057
2021-02-19 00:00:00,618622,20753
2021-02-20 00:00:00,634785,16163
2021-02-21 00:00:00,637798,3013
2021-02-22 00:00:00,647274,9476
2021-02-23 00:00:00,666709,19435
2021-02-24 00:00:00,688180,21471
2021-02-25 00:00:00,708019,19839
2021-02-26 00:00:00,734721,26702
2021-02-27 00:00:00,753969,19248
2021-02-28 00:00:00,758071,4102
2021-03-01 00:00:00,772590,14519
2021-03-02 00:00:00,789913,17323
2021-03-03 00:00:00,808294,18381
2021-03-04 00:00:00,827463,19169
2021-03-05 00:00:00,847620,20157
2021-03-06 00:00:00,862397,14777
2021-03-07 00:00:00,867190,4793
2021-03-08 00:00:00,884286,17096
2021-03-09 00:00:00,904034,19748
2021-03-10 00:00:00,926928,22894
2021-03-11 00:00:00,950679,23751
2021-03-12 00:00:00,980362,29683
2021-03-13 00:00:00,998197,17835
2021-03-14 00:00:00,1005440,7243
2021-03-15 00:00:00,1023315,17875
2021-03-16 00:00:00,1043844,20529
2021-03-17 00:00:00,1067565,23721
2021-03-18 00:00:00,1091372,23807
2021-03-19 00:00:00,1112999,21627
2021-03-20 00:00:00,1131340,18341
2021-03-21 00:00:00,1140291,8951
2021-03-22 00:00:00,1157388,17097
2021-03-23 00:00:00,1175860,18472
2021-03-24 00:00:00,1198194,22334
2021-03-25 00:00:00,1222715,24521
2021-03-26 00:00:00,1245547,22832
2021-03-27 00:00:00,1262615,17068
2021-03-28 00:00:00,1271244,8629
2021-03-29 00:00:00,1292051,20807
2021-03-30 00:00:00,1314300,22249
2021-03-31 00:00:00,1341661,27361
2021-04-01 00:00:00,1370649,28988
2021-04-02 00:00:00,1395116,24467
2021-04-03 00:00:00,1409342,14226
2021-04-04 00:00:00,1415969,6627
2021-04-05 00:00:00,1440539,24570
2021-04-06 00:00:00,1468860,28321
2021-04-07 00:00:00,1501471,32611
2021-04-08 00:00:00,1535938,34467
2021-04-09 00:00:00,1565176,29238
2021-04-10 00:00:00,1584349,19173
2021-04-11 00:00:00,1594437,10088
2021-04-12 00:00:00,1615941,21504
2021-04-13 00:00:00,1635949,20008
2021-04-14 00:00:00,1658111,22162
2021-04-15 00:00:00,1681888,23777
2021-04-16 00:00:00,1704688,22800
2021-04-17 00:00:00,1720488,15800
2021-04-18 00:00:00,1728888,8400
2021-04-19 00:00:00,1749495,20607
2021-04-20 00:00:00,1770559,21064
2021-04-21 00:00:00,1796550,25991
2021-04-22 00:00:00,1821954,25404
2021-04-23 00:00:00,1844351,22397
2021-04-24 00:00:00,1858570,14219
2021-04-25 00:00:00,1866512,7942
2021-04-26 00:00:00,1886440,19928
2021-04-27 00:00:00,1906872,20432
2021-04-28 00:00:00,1929262,22390
2021-04-29 00:00:00,1949475,20213
2021-04-30 00:00:00,1972028,22553
2021-05-01 00:00:00,1985851,13823
2021-05-02 00:00:00,1993689,7838
2021-05-03 00:00:00,2008434,14745
2021-05-04 00:00:00,2027167,18733
2021-05-05 00:00:00,2044682,17515
2021-05-06 00:00:00,2062659,17977
2021-05-07 00:00:00,2080908,18249
2021-05-08 00:00:00,2093851,12943
2021-05-09 00:00:00,2098755,4904
2021-05-10 00:00:00,2112683,13928
2021-05-11 00:00:00,2127655,14972
2021-05-12 00:00:00,2144549,16894
2021-05-13 00:00:00,2165030,20481
2021-05-14 00:00:00,2184319,19289
2021-05-15 00:00:00,2198035,13716
2021-05-16 00:00:00,2206844,8809
2021-05-17 00:00:00,2224671,17827
2021-05-18 00:00:00,2241174,16503
2021-05-19 00:00:00,2263198,22024
2021-05-20 00:00:00,2280452,17254
2021-05-21 00:00:00,2299590,19138
2021-05-22 00:00:00,2313835,14245
2021-05-23 00:00:00,2320858,7023
2021-05-24 00:00:00,2335096,14238
2021-05-25 00:00:00,2347931,12835
2021-05-26 00:00:00,2360454,12523
2021-05-27 00:00:00,2372594,12140
2021-05-28 00:00:00,2385628,13034
2021-05-29 00:00:00,2393502,7874
2021-05-30 00:00:00,2398452,4950
2021-05-31 00:00:00,2400964,2512
2021-06-01 00:00:00,2413290,12326
2021-06-02 00:00:00,2423794,10504
2021-06-03 00:00:00,2436671,12877
2021-06-04 00:00:00,2450652,13981
2021-06-05 00:00:00,2460922,10270
2021-06-06 00:00:00,2467232,6310
2021-06-07 00:00:00,2478966,11734
2021-06-08 00:00:00,2489805,10839
2021-06-09 00:00:00,2499698,9893
2021-06-10 00:00:00,2511463,11765
2021-06-11 00:00:00,2526650,15187
2021-06-12 00:00:00,2536553,9903
2021-06-13 00:00:00,2541425,4872
2021-06-14 00:00:00,2552071,10646
2021-06-15 00:00:00,2561860,9789
2021-06-16 00:00:00,2570945,9085
2021-06-17 00:00:00,2579482,8537
2021-06-18 00:00:00,2589862,10380
2021-06-19 00:00:00,2595542,5680
2021-06-20 00:00:00,2599104,3562
2021-06-21 00:00:00,2605615,6511
2021-06-22 00:00:00,2612833,7218
2021-06-23 00:00:00,2619640,6807
2021-06-24 00:00:00,2626216,6576
2021-06-25 00:00:00,2634298,8082
2021-06-26 00:00:00,2638547,4249
2021-06-27 00:00:00,2640815,2268
2021-06-28 00:00:00,2645583,4768
2021-06-29 00:00:00,2650718,5135
2021-06-30 00:00:00,2655983,5265
2021-07-01 00:00:00,2661471,5488
2021-07-02 00:00:00,2667102,5631
2021-07-03 00:00:00,2670286,3184
2021-07-04 00:00:00,2670995,709
2021-07-05 00:00:00,2671983,988
