date,Arizona,Arizona_cum,StatePODs,StatePODs_cum
2021-03-23 00:00:00,25166,2979531,9238.0,787802.0
2021-03-22 00:00:00,34200,2954365,11197.0,778564.0
2021-03-21 00:00:00,25365,2920165,15494.0,767367.0
2021-03-20 00:00:00,40570,2894800,16347.0,751873.0
2021-03-19 00:00:00,55901,2854230,17269.0,735526.0
2021-03-18 00:00:00,60871,2798329,16470.0,718257.0
2021-03-17 00:00:00,60145,2737458,16720.0,701787.0
2021-03-16 00:00:00,53001,2677313,14685.0,685067.0
2021-03-15 00:00:00,45838,2624312,13744.0,670382.0
2021-03-14 00:00:00,26570,2578474,16103.0,656638.0
2021-03-13 00:00:00,49640,2551904,17896.0,640535.0
2021-03-12 00:00:00,70133,2502264,16838.0,622639.0
2021-03-11 00:00:00,68663,2432131,17634.0,605801.0
2021-03-10 00:00:00,65259,2363468,16900.0,588167.0
2021-03-09 00:00:00,55606,2298209,16197.0,571267.0
2021-03-08 00:00:00,49685,2242603,16644.0,555070.0
2021-03-07 00:00:00,25639,2192918,16282.0,538426.0
2021-03-06 00:00:00,43970,2167279,16444.0,522144.0
2021-03-05 00:00:00,57232,2123309,16389.0,505700.0
2021-03-04 00:00:00,56604,2066077,15923.0,489311.0
2021-03-03 00:00:00,57375,2009473,15399.0,473388.0
2021-03-02 00:00:00,48950,1952098,14450.0,457989.0
2021-03-01 00:00:00,44643,1903148,12839.0,443539.0
2021-02-28 00:00:00,25423,1858505,15575.0,430700.0
2021-02-27 00:00:00,50701,1833082,15098.0,415125.0
2021-02-26 00:00:00,66114,1782381,13987.0,400027.0
2021-02-25 00:00:00,59728,1716267,13362.0,386040.0
2021-02-24 00:00:00,56077,1656539,13716.0,372678.0
2021-02-23 00:00:00,43668,1600462,12731.0,358962.0
2021-02-22 00:00:00,27528,1556794,11776.0,346231.0
2021-02-21 00:00:00,14752,1529266,10822.0,334455.0
2021-02-20 00:00:00,34335,1514514,11254.0,323633.0
2021-02-19 00:00:00,41803,1480179,10223.0,312379.0
2021-02-18 00:00:00,43790,1438376,9841.0,302156.0
2021-02-17 00:00:00,46208,1394586,10555.0,292315.0
2021-02-16 00:00:00,44061,1348378,11077.0,281760.0
2021-02-15 00:00:00,30927,1304317,11028.0,270683.0
2021-02-14 00:00:00,17225,1273390,10226.0,259655.0
2021-02-13 00:00:00,45442,1256165,10478.0,249429.0
2021-02-12 00:00:00,60608,1210723,11057.0,238951.0
2021-02-11 00:00:00,50396,1150115,10847.0,227894.0
2021-02-10 00:00:00,49941,1099719,11070.0,217047.0
2021-02-09 00:00:00,43630,1049778,11035.0,205977.0
2021-02-08 00:00:00,38281,1006148,13483.0,194942.0
2021-02-07 00:00:00,16209,967867,11442.0,181459.0
2021-02-06 00:00:00,37779,951658,10991.0,170017.0
2021-02-05 00:00:00,43337,913879,9140.0,159026.0
2021-02-04 00:00:00,45863,870542,9949.0,149886.0
2021-02-03 00:00:00,43245,824679,8975.0,139937.0
2021-02-02 00:00:00,38012,781434,8729.0,130962.0
2021-02-01 00:00:00,29122,743422,8253.0,122233.0
2021-01-31 00:00:00,11521,714300,4834.0,113980.0
2021-01-30 00:00:00,25957,702779,4759.0,109146.0
2021-01-29 00:00:00,39230,676822,4950.0,104387.0
2021-01-28 00:00:00,39139,637592,5409.0,99437.0
2021-01-27 00:00:00,39189,598453,5514.0,94028.0
2021-01-26 00:00:00,36354,559264,6135.0,88514.0
2021-01-25 00:00:00,28797,522910,5274.0,82379.0
2021-01-24 00:00:00,16026,494113,5752.0,77105.0
2021-01-23 00:00:00,28461,478087,5759.0,71353.0
2021-01-22 00:00:00,37293,449626,5562.0,65594.0
2021-01-21 00:00:00,34543,412333,6169.0,60032.0
2021-01-20 00:00:00,31135,377790,5694.0,53863.0
2021-01-19 00:00:00,26430,346655,6001.0,48169.0
2021-01-18 00:00:00,18804,320225,6008.0,42168.0
2021-01-17 00:00:00,9273,301421,5970.0,36160.0
2021-01-16 00:00:00,15681,292148,5663.0,30190.0
2021-01-15 00:00:00,24080,276467,5947.0,24527.0
2021-01-14 00:00:00,24350,252387,5885.0,18580.0
2021-01-13 00:00:00,24900,228037,6323.0,12695.0
2021-01-12 00:00:00,22844,203137,5637.0,6372.0
2021-01-11 00:00:00,15413,180293,733.0,735.0
2021-01-10 00:00:00,3163,164880,,
2021-01-09 00:00:00,7892,161717,,
2021-01-08 00:00:00,11606,153825,1.0,2.0
2021-01-07 00:00:00,12161,142219,,
2021-01-06 00:00:00,11669,130058,,
2021-01-05 00:00:00,8693,118389,1.0,1.0
2021-01-04 00:00:00,8421,109696,,
2021-01-03 00:00:00,3175,101275,,
2021-01-02 00:00:00,7520,98100,,
2021-01-01 00:00:00,499,90580,,
2020-12-31 00:00:00,7659,90081,,
2020-12-30 00:00:00,14615,82422,,
2020-12-29 00:00:00,12644,67807,,
2020-12-28 00:00:00,9003,55163,,
2020-12-27 00:00:00,2632,46160,,
2020-12-26 00:00:00,6499,43528,,
2020-12-25 00:00:00,137,37029,,
2020-12-24 00:00:00,3737,36892,,
2020-12-23 00:00:00,9544,33155,,
2020-12-22 00:00:00,7612,23611,,
2020-12-21 00:00:00,5386,15999,,
2020-12-20 00:00:00,1008,10613,,
2020-12-19 00:00:00,2549,9605,,
2020-12-18 00:00:00,3496,7056,,
2020-12-17 00:00:00,2902,3560,,
2020-12-16 00:00:00,554,658,,
2020-12-15 00:00:00,30,104,,
2020-12-14 00:00:00,4,74,,
2020-12-13 00:00:00,3,70,,
2020-12-12 00:00:00,4,67,,
2020-12-11 00:00:00,7,63,,
2020-12-10 00:00:00,1,56,,
2020-12-09 00:00:00,3,55,,
2020-12-08 00:00:00,3,52,,
2020-12-07 00:00:00,4,49,,
2020-12-05 00:00:00,1,45,,
2020-12-04 00:00:00,3,44,,
2020-12-03 00:00:00,5,41,,
2020-12-02 00:00:00,8,36,,
2020-12-01 00:00:00,28,28,,
