date,Maricopa_cume,Maricopa
1/1/2021,80,
1/10/2021,91,11
1/11/2021,96,5
1/12/2021,98,2
1/13/2021,102,4
1/14/2021,105,3
1/15/2021,110,5
1/16/2021,121,11
1/17/2021,125,4
1/18/2021,127,2
1/19/2021,130,3
1/2/2021,137,7
1/20/2021,154,17
1/21/2021,199,45
1/22/2021,1451,1252
1/23/2021,3113,1662
1/24/2021,4798,1685
1/25/2021,5779,981
1/26/2021,9052,3273
1/27/2021,13320,4268
1/28/2021,18143,4823
1/29/2021,19707,1564
1/3/2021,19710,3
1/30/2021,24835,5125
1/31/2021,27156,2321
1/4/2021,32457,5301
1/5/2021,40424,7967
1/6/2021,49243,8819
1/7/2021,53021,3778
1/8/2021,53805,784
1/9/2021,60046,6241
12/1/2020,62745,2699
12/10/2020,67435,4690
12/11/2020,71838,4403
12/12/2020,76877,5039
12/13/2020,82174,5297
12/14/2020,86763,4589
12/15/2020,91416,4653
12/16/2020,94151,2735
12/17/2020,103174,9023
12/18/2020,113981,10807
12/19/2020,125572,11591
12/2/2020,137045,11473
12/20/2020,146928,9883
12/21/2020,153338,6410
12/22/2020,156081,2743
12/23/2020,162940,6859
12/24/2020,175239,12299
12/25/2020,188840,13601
12/26/2020,203169,14329
12/27/2020,220521,17352
12/28/2020,234460,13939
12/29/2020,241644,7184
12/3/2020,253278,11634
12/30/2020,270193,16915
12/31/2020,286034,15841
12/4/2020,300339,14305
12/7/2020,317743,17404
12/8/2020,329142,11399
12/9/2020,332655,3513
2/1/2021,342173,9518
2/10/2021,356712,14539
2/11/2021,371083,14371
2/12/2021,387905,16822
2/13/2021,403111,15206
2/14/2021,417609,14498
2/15/2021,420121,2512
2/16/2021,431462,11341
2/17/2021,449544,18082
2/18/2021,466171,16627
2/19/2021,483415,17244
2/2/2021,510271,26856
2/20/2021,530017,19746
2/21/2021,533928,3911
2/22/2021,543449,9521
2/23/2021,561633,18184
2/24/2021,581222,19589
2/25/2021,601345,20123
2/26/2021,622174,20829
2/27/2021,638424,16250
2/28/2021,641528,3104
2/3/2021,651134,9606
2/4/2021,670655,19521
2/5/2021,692186,21531
2/6/2021,712096,19910
2/7/2021,738896,26800
2/8/2021,758207,19311
2/9/2021,762430,4223
3/1/2021,777837,15407
3/10/2021,795267,17430
3/11/2021,813784,18517
3/12/2021,833041,19257
3/13/2021,853296,20255
3/14/2021,868125,14829
3/15/2021,872967,4842
3/16/2021,890146,17179
3/17/2021,909980,19834
3/18/2021,932979,22999
3/19/2021,956798,23819
3/2/2021,986577,29779
3/20/2021,1004454,17877
3/21/2021,1011733,7279
3/22/2021,1029794,18061
3/23/2021,1050401,20607
3/24/2021,1074214,23813
3/25/2021,1098261,24047
3/26/2021,1119966,21705
3/27/2021,1138565,18599
3/28/2021,1147702,9137
3/29/2021,1164923,17221
3/3/2021,1183477,18554
3/30/2021,1205907,22430
3/31/2021,1230481,24574
3/4/2021,1253375,22894
3/5/2021,1270554,17179
3/6/2021,1279295,8741
3/7/2021,1300162,20867
3/8/2021,1322424,22262
3/9/2021,1349872,27448
4/1/2021,1379465,29593
4/10/2021,1404004,24539
4/11/2021,1418268,14264
4/12/2021,1424939,6671
4/13/2021,1449591,24652
4/14/2021,1478089,28498
4/15/2021,1510796,32707
4/16/2021,1545358,34562
4/17/2021,1574636,29278
4/18/2021,1593864,19228
4/19/2021,1603988,10124
4/2/2021,1625572,21584
4/20/2021,1645630,20058
4/21/2021,1667857,22227
4/22/2021,1691688,23831
4/23/2021,1714849,23161
4/24/2021,1730776,15927
4/25/2021,1739148,8372
4/26/2021,1759764,20616
4/27/2021,1780789,21025
4/28/2021,1806762,25973
4/29/2021,1832175,25413
4/3/2021,1854693,22518
4/30/2021,1869062,14369
4/4/2021,1877029,7967
4/5/2021,1897014,19985
4/6/2021,1917539,20525
4/7/2021,1940044,22505
4/8/2021,1960277,20233
4/9/2021,1982983,22706
5/1/2021,1997040,14057
5/10/2021,2004915,7875
5/11/2021,2019974,15059
5/12/2021,2038651,18677
5/13/2021,2056156,17505
5/14/2021,2074101,17945
5/15/2021,2092532,18431
5/16/2021,2105350,12818
5/17/2021,2110263,4913
5/18/2021,2124119,13856
5/19/2021,2139040,14921
5/2/2021,2155916,16876
5/20/2021,2176445,20529
5/21/2021,2195726,19281
5/22/2021,2209608,13882
5/23/2021,2218356,8748
5/24/2021,2236171,17815
5/25/2021,2252763,16592
5/26/2021,2274802,22039
5/27/2021,2292461,17659
5/28/2021,2311932,19471
5/29/2021,2326507,14575
5/3/2021,2333550,7043
5/30/2021,2347841,14291
5/31/2021,2360755,12914
5/4/2021,2373333,12578
5/5/2021,2385571,12238
5/6/2021,2398704,13133
5/7/2021,2406627,7923
5/8/2021,2411567,4940
5/9/2021,2414109,2542
6/1/2021,2426645,12536
6/10/2021,2437223,10578
6/11/2021,2450197,12974
6/12/2021,2464244,14047
6/13/2021,2474655,10411
6/14/2021,2480995,6340
6/15/2021,2492836,11841
6/16/2021,2503824,10988
6/17/2021,2514011,10187
6/18/2021,2526061,12050
6/19/2021,2541699,15638
6/2/2021,2552013,10314
6/20/2021,2557024,5011
6/21/2021,2567881,10857
6/22/2021,2577879,9998
6/23/2021,2587243,9364
6/24/2021,2596187,8944
6/25/2021,2607396,11209
6/26/2021,2613928,6532
6/27/2021,2617683,3755
6/28/2021,2624574,6891
6/29/2021,2632458,7884
6/3/2021,2640040,7582
6/30/2021,2647293,7253
6/4/2021,2656512,9219
6/5/2021,2662948,6436
6/6/2021,2665556,2608
6/7/2021,2671118,5562
6/8/2021,2678417,7299
6/9/2021,2684877,6460
7/1/2021,2691089,6212
7/10/2021,2697669,6580
7/11/2021,2701591,3922
7/12/2021,2702423,832
7/13/2021,2707153,4730
7/14/2021,2713858,6705
7/15/2021,2720518,6660
7/16/2021,2726919,6401
7/17/2021,2736758,9839
7/18/2021,2742189,5431
7/19/2021,2744972,2783
7/2/2021,2750413,5441
7/20/2021,2755842,5429
7/21/2021,2760847,5005
7/22/2021,2765689,4842
7/23/2021,2772474,6785
7/24/2021,2777133,4659
7/25/2021,2779854,2721
7/26/2021,2786158,6304
7/27/2021,2792658,6500
7/28/2021,2798976,6318
7/29/2021,2805386,6410
7/3/2021,2814168,8782
7/30/2021,2819797,5629
7/31/2021,2823450,3653
7/4/2021,2830449,6999
7/5/2021,2838875,8426
7/6/2021,2845809,6934
7/7/2021,2852807,6998
7/8/2021,2864860,12053
7/9/2021,2873498,8638
8/1/2021,2876938,3440
8/10/2021,2884249,7311
8/11/2021,2892327,8078
8/12/2021,2900476,8149
8/2/2021,2907131,6655
8/3/2021,2917971,10840
8/4/2021,2923403,5432
8/5/2021,2927060,3657
8/6/2021,2934092,7032
8/7/2021,2941923,7831
8/8/2021,2949560,7637
8/9/2021,2952251,2691
