date,Arizona_cume,Arizona
2020-12-01 00:00:00,120,
2020-12-02 00:00:00,136,16
2020-12-03 00:00:00,147,11
2020-12-04 00:00:00,153,6
2020-12-05 00:00:00,155,2
2020-12-06 00:00:00,157,2
2020-12-07 00:00:00,165,8
2020-12-08 00:00:00,171,6
2020-12-09 00:00:00,180,9
2020-12-10 00:00:00,194,14
2020-12-11 00:00:00,206,12
2020-12-12 00:00:00,213,7
2020-12-13 00:00:00,220,7
2020-12-14 00:00:00,236,16
2020-12-15 00:00:00,290,54
2020-12-16 00:00:00,880,590
2020-12-17 00:00:00,4048,3168
2020-12-18 00:00:00,7706,3658
2020-12-19 00:00:00,10269,2563
2020-12-20 00:00:00,11306,1037
2020-12-21 00:00:00,16833,5527
2020-12-22 00:00:00,24638,7805
2020-12-23 00:00:00,34450,9812
2020-12-24 00:00:00,38303,3853
2020-12-25 00:00:00,38444,141
2020-12-26 00:00:00,44980,6536
2020-12-27 00:00:00,47639,2659
2020-12-28 00:00:00,57080,9441
2020-12-29 00:00:00,70352,13272
2020-12-30 00:00:00,85416,15064
2020-12-31 00:00:00,93386,7970
2021-01-01 00:00:00,94889,1503
2021-01-02 00:00:00,102511,7622
2021-01-03 00:00:00,105732,3221
2021-01-04 00:00:00,114495,8763
2021-01-05 00:00:00,123598,9103
2021-01-06 00:00:00,135671,12073
2021-01-07 00:00:00,148431,12760
2021-01-08 00:00:00,160514,12083
2021-01-09 00:00:00,168475,7961
2021-01-10 00:00:00,171733,3258
2021-01-11 00:00:00,187562,15829
2021-01-12 00:00:00,210832,23270
2021-01-13 00:00:00,236202,25370
2021-01-14 00:00:00,260993,24791
2021-01-15 00:00:00,286231,25238
2021-01-16 00:00:00,302035,15804
2021-01-17 00:00:00,311397,9362
2021-01-18 00:00:00,330496,19099
2021-01-19 00:00:00,357723,27227
2021-01-20 00:00:00,389907,32184
2021-01-21 00:00:00,425144,35237
2021-01-22 00:00:00,463498,38354
2021-01-23 00:00:00,492298,28800
2021-01-24 00:00:00,508557,16259
2021-01-25 00:00:00,538476,29919
2021-01-26 00:00:00,575615,37139
2021-01-27 00:00:00,615801,40186
2021-01-28 00:00:00,656058,40257
2021-01-29 00:00:00,696247,40189
2021-01-30 00:00:00,722630,26383
2021-01-31 00:00:00,734290,11660
2021-02-01 00:00:00,766246,31956
2021-02-02 00:00:00,805446,39200
2021-02-03 00:00:00,849630,44184
2021-02-04 00:00:00,896819,47189
2021-02-05 00:00:00,941371,44552
2021-02-06 00:00:00,980353,38982
2021-02-07 00:00:00,996780,16427
2021-02-08 00:00:00,1035997,39217
2021-02-09 00:00:00,1080587,44590
2021-02-10 00:00:00,1131934,51347
2021-02-11 00:00:00,1184088,52154
2021-02-12 00:00:00,1246421,62333
2021-02-13 00:00:00,1292799,46378
2021-02-14 00:00:00,1310265,17466
2021-02-15 00:00:00,1341987,31722
2021-02-16 00:00:00,1387071,45084
2021-02-17 00:00:00,1434749,47678
2021-02-18 00:00:00,1480404,45655
2021-02-19 00:00:00,1523909,43505
2021-02-20 00:00:00,1559456,35547
2021-02-21 00:00:00,1574591,15135
2021-02-22 00:00:00,1603482,28891
2021-02-23 00:00:00,1648231,44749
2021-02-24 00:00:00,1705755,57524
2021-02-25 00:00:00,1766759,61004
2021-02-26 00:00:00,1834399,67640
2021-02-27 00:00:00,1886323,51924
2021-02-28 00:00:00,1912255,25932
2021-03-01 00:00:00,1960583,48328
2021-03-02 00:00:00,2012118,51535
2021-03-03 00:00:00,2071416,59298
2021-03-04 00:00:00,2130573,59157
2021-03-05 00:00:00,2190792,60219
2021-03-06 00:00:00,2236696,45904
2021-03-07 00:00:00,2262955,26259
2021-03-08 00:00:00,2314930,51975
2021-03-09 00:00:00,2372586,57656
2021-03-10 00:00:00,2441207,68621
2021-03-11 00:00:00,2513384,72177
2021-03-12 00:00:00,2587639,74255
2021-03-13 00:00:00,2640628,52989
2021-03-14 00:00:00,2669617,28989
2021-03-15 00:00:00,2718294,48677
2021-03-16 00:00:00,2774291,55997
2021-03-17 00:00:00,2838181,63890
2021-03-18 00:00:00,2903415,65234
2021-03-19 00:00:00,2964732,61317
2021-03-20 00:00:00,3012328,47596
2021-03-21 00:00:00,3044207,31879
2021-03-22 00:00:00,3088879,44672
2021-03-23 00:00:00,3138776,49897
2021-03-24 00:00:00,3203430,64654
2021-03-25 00:00:00,3276217,72787
2021-03-26 00:00:00,3347868,71651
2021-03-27 00:00:00,3401900,54032
2021-03-28 00:00:00,3440596,38696
2021-03-29 00:00:00,3503124,62528
2021-03-30 00:00:00,3571610,68486
2021-03-31 00:00:00,3650140,78530
2021-04-01 00:00:00,3728092,77952
2021-04-02 00:00:00,3798215,70123
2021-04-03 00:00:00,3848434,50219
2021-04-04 00:00:00,3869641,21207
2021-04-05 00:00:00,3928929,59288
2021-04-06 00:00:00,3995889,66960
2021-04-07 00:00:00,4072032,76143
2021-04-08 00:00:00,4149654,77622
2021-04-09 00:00:00,4221045,71391
2021-04-10 00:00:00,4270720,49675
2021-04-11 00:00:00,4301918,31198
2021-04-12 00:00:00,4354927,53009
2021-04-13 00:00:00,4405527,50600
2021-04-14 00:00:00,4466003,60476
2021-04-15 00:00:00,4530784,64781
2021-04-16 00:00:00,4594221,63437
2021-04-17 00:00:00,4637155,42934
2021-04-18 00:00:00,4666958,29803
2021-04-19 00:00:00,4720157,53199
2021-04-20 00:00:00,4775321,55164
2021-04-21 00:00:00,4837731,62410
2021-04-22 00:00:00,4900580,62849
2021-04-23 00:00:00,4959334,58754
2021-04-24 00:00:00,4999336,40002
2021-04-25 00:00:00,5025118,25782
2021-04-26 00:00:00,5072040,46922
2021-04-27 00:00:00,5121580,49540
2021-04-28 00:00:00,5171685,50105
2021-04-29 00:00:00,5217880,46195
2021-04-30 00:00:00,5263438,45558
2021-05-01 00:00:00,5290374,26936
2021-05-02 00:00:00,5311511,21137
2021-05-03 00:00:00,5341828,30317
2021-05-04 00:00:00,5381259,39431
2021-05-05 00:00:00,5416760,35501
2021-05-06 00:00:00,5454628,37868
2021-05-07 00:00:00,5493281,38653
2021-05-08 00:00:00,5519964,26683
2021-05-09 00:00:00,5532831,12867
2021-05-10 00:00:00,5558982,26151
2021-05-11 00:00:00,5585330,26348
2021-05-12 00:00:00,5615987,30657
2021-05-13 00:00:00,5655629,39642
2021-05-14 00:00:00,5695342,39713
2021-05-15 00:00:00,5725868,30526
2021-05-16 00:00:00,5742816,16948
2021-05-17 00:00:00,5775263,32447
2021-05-18 00:00:00,5803123,27860
2021-05-19 00:00:00,5839346,36223
2021-05-20 00:00:00,5870115,30769
2021-05-21 00:00:00,5903967,33852
2021-05-22 00:00:00,5929976,26009
2021-05-23 00:00:00,5940825,10849
2021-05-24 00:00:00,5963417,22592
2021-05-25 00:00:00,5984963,21546
2021-05-26 00:00:00,6008321,23358
2021-05-27 00:00:00,6029808,21487
2021-05-28 00:00:00,6053777,23969
2021-05-29 00:00:00,6066982,13205
2021-05-30 00:00:00,6074350,7368
2021-05-31 00:00:00,6078759,4409
2021-06-01 00:00:00,6099304,20545
2021-06-02 00:00:00,6119641,20337
2021-06-03 00:00:00,6143015,23374
2021-06-04 00:00:00,6169175,26160
2021-06-05 00:00:00,6189801,20626
2021-06-06 00:00:00,6199487,9686
2021-06-07 00:00:00,6219421,19934
2021-06-08 00:00:00,6238396,18975
2021-06-09 00:00:00,6258759,20363
2021-06-10 00:00:00,6279194,20435
2021-06-11 00:00:00,6304421,25227
2021-06-12 00:00:00,6320923,16502
2021-06-13 00:00:00,6328927,8004
2021-06-14 00:00:00,6346524,17597
2021-06-15 00:00:00,6362648,16124
2021-06-16 00:00:00,6379152,16504
2021-06-17 00:00:00,6395151,15999
2021-06-18 00:00:00,6413860,18709
2021-06-19 00:00:00,6424950,11090
2021-06-20 00:00:00,6430651,5701
2021-06-21 00:00:00,6442167,11516
2021-06-22 00:00:00,6456035,13868
2021-06-23 00:00:00,6471053,15018
2021-06-24 00:00:00,6485214,14161
2021-06-25 00:00:00,6501245,16031
2021-06-26 00:00:00,6511062,9817
2021-06-27 00:00:00,6516967,5905
2021-06-28 00:00:00,6528757,11790
2021-06-29 00:00:00,6540584,11827
2021-06-30 00:00:00,6553451,12867
2021-07-01 00:00:00,6565785,12334
2021-07-02 00:00:00,6578918,13133
2021-07-03 00:00:00,6586573,7655
2021-07-04 00:00:00,6587888,1315
2021-07-05 00:00:00,6597156,9268
2021-07-06 00:00:00,6608023,10867
2021-07-07 00:00:00,6619028,11005
2021-07-08 00:00:00,6629916,10888
2021-07-09 00:00:00,6644683,14767
2021-07-10 00:00:00,6654484,9801
2021-07-11 00:00:00,6659469,4985
2021-07-12 00:00:00,6670448,10979
2021-07-13 00:00:00,6680350,9902
2021-07-14 00:00:00,6690697,10347
2021-07-15 00:00:00,6701164,10467
2021-07-16 00:00:00,6714668,13504
2021-07-17 00:00:00,6723087,8419
2021-07-18 00:00:00,6728379,5292
2021-07-19 00:00:00,6740544,12165
2021-07-20 00:00:00,6752066,11522
2021-07-21 00:00:00,6764658,12592
2021-07-22 00:00:00,6777423,12765
2021-07-23 00:00:00,6792974,15551
2021-07-24 00:00:00,6803525,10551
2021-07-25 00:00:00,6810152,6627
2021-07-26 00:00:00,6823777,13625
2021-07-27 00:00:00,6837433,13656
2021-07-28 00:00:00,6851614,14181
2021-07-29 00:00:00,6865386,13772
2021-07-30 00:00:00,6884010,18624
2021-07-31 00:00:00,6896590,12580
2021-08-01 00:00:00,6903858,7268
2021-08-02 00:00:00,6918178,14320
2021-08-03 00:00:00,6931238,13060
2021-08-04 00:00:00,6944610,13372
2021-08-05 00:00:00,6958040,13430
2021-08-06 00:00:00,6975973,17933
2021-08-07 00:00:00,6986475,10502
2021-08-08 00:00:00,6993343,6868
2021-08-09 00:00:00,7006730,13387
2021-08-10 00:00:00,7019643,12913
2021-08-11 00:00:00,7031786,12143
2021-08-12 00:00:00,7039043,7257
