date,Arizona_cume,Arizona
2020-12-01 00:00:00,44,
2020-12-02 00:00:00,53,9
2020-12-03 00:00:00,62,9
2020-12-04 00:00:00,66,4
2020-12-05 00:00:00,67,1
2020-12-07 00:00:00,71,4
2020-12-08 00:00:00,74,3
2020-12-09 00:00:00,80,6
2020-12-10 00:00:00,87,7
2020-12-11 00:00:00,95,8
2020-12-12 00:00:00,101,6
2020-12-13 00:00:00,104,3
2020-12-14 00:00:00,113,9
2020-12-15 00:00:00,150,37
2020-12-16 00:00:00,714,564
2020-12-17 00:00:00,3830,3116
2020-12-18 00:00:00,7459,3629
2020-12-19 00:00:00,10011,2552
2020-12-20 00:00:00,11026,1015
2020-12-21 00:00:00,16520,5494
2020-12-22 00:00:00,24279,7759
2020-12-23 00:00:00,33977,9698
2020-12-24 00:00:00,37809,3832
2020-12-25 00:00:00,37946,137
2020-12-26 00:00:00,44458,6512
2020-12-27 00:00:00,47105,2647
2020-12-28 00:00:00,56368,9263
2020-12-29 00:00:00,69221,12853
2020-12-30 00:00:00,84057,14836
2020-12-31 00:00:00,91841,7784
2021-01-01 00:00:00,92596,755
2021-01-02 00:00:00,100145,7549
2021-01-03 00:00:00,103340,3195
2021-01-04 00:00:00,111943,8603
2021-01-05 00:00:00,120795,8852
2021-01-06 00:00:00,132667,11872
2021-01-07 00:00:00,145213,12546
2021-01-08 00:00:00,157170,11957
2021-01-09 00:00:00,165093,7923
2021-01-10 00:00:00,168300,3207
2021-01-11 00:00:00,184000,15700
2021-01-12 00:00:00,207121,23121
2021-01-13 00:00:00,232323,25202
2021-01-14 00:00:00,256970,24647
2021-01-15 00:00:00,281851,24881
2021-01-16 00:00:00,297568,15717
2021-01-17 00:00:00,306878,9310
2021-01-18 00:00:00,325831,18953
2021-01-19 00:00:00,352762,26931
2021-01-20 00:00:00,384324,31562
2021-01-21 00:00:00,419510,35186
2021-01-22 00:00:00,457333,37823
2021-01-23 00:00:00,485873,28540
2021-01-24 00:00:00,502123,16250
2021-01-25 00:00:00,531339,29216
2021-01-26 00:00:00,568022,36683
2021-01-27 00:00:00,607641,39619
2021-01-28 00:00:00,647447,39806
2021-01-29 00:00:00,687158,39711
2021-01-30 00:00:00,713414,26256
2021-01-31 00:00:00,724995,11581
2021-02-01 00:00:00,754932,29937
2021-02-02 00:00:00,793396,38464
2021-02-03 00:00:00,837023,43627
2021-02-04 00:00:00,883450,46427
2021-02-05 00:00:00,927156,43706
2021-02-06 00:00:00,965312,38156
2021-02-07 00:00:00,981622,16310
2021-02-08 00:00:00,1020344,38722
2021-02-09 00:00:00,1064516,44172
2021-02-10 00:00:00,1114906,50390
2021-02-11 00:00:00,1166042,51136
2021-02-12 00:00:00,1227533,61491
2021-02-13 00:00:00,1273148,45615
2021-02-14 00:00:00,1290474,17326
2021-02-15 00:00:00,1321706,31232
2021-02-16 00:00:00,1366219,44513
2021-02-17 00:00:00,1413143,46924
2021-02-18 00:00:00,1458132,44989
2021-02-19 00:00:00,1500855,42723
2021-02-20 00:00:00,1536044,35189
2021-02-21 00:00:00,1550922,14878
2021-02-22 00:00:00,1578920,27998
2021-02-23 00:00:00,1623013,44093
2021-02-24 00:00:00,1679906,56893
2021-02-25 00:00:00,1740347,60441
2021-02-26 00:00:00,1807136,66789
2021-02-27 00:00:00,1858888,51752
2021-02-28 00:00:00,1884462,25574
2021-03-01 00:00:00,1929927,45465
2021-03-02 00:00:00,1980845,50918
2021-03-03 00:00:00,2039534,58689
2021-03-04 00:00:00,2097607,58073
2021-03-05 00:00:00,2156220,58613
2021-03-06 00:00:00,2200881,44661
2021-03-07 00:00:00,2226941,26060
2021-03-08 00:00:00,2277974,51033
2021-03-09 00:00:00,2334794,56820
2021-03-10 00:00:00,2402074,67280
2021-03-11 00:00:00,2472781,70707
2021-03-12 00:00:00,2545911,73130
2021-03-13 00:00:00,2597448,51537
2021-03-14 00:00:00,2626260,28812
2021-03-15 00:00:00,2673616,47356
2021-03-16 00:00:00,2728458,54842
2021-03-17 00:00:00,2791152,62694
2021-03-18 00:00:00,2854991,63839
2021-03-19 00:00:00,2915219,60228
2021-03-20 00:00:00,2961784,46565
2021-03-21 00:00:00,2992919,31135
2021-03-22 00:00:00,3036248,43329
2021-03-23 00:00:00,3085090,48842
2021-03-24 00:00:00,3148508,63418
2021-03-25 00:00:00,3219653,71145
2021-03-26 00:00:00,3289430,69777
2021-03-27 00:00:00,3342170,52740
2021-03-28 00:00:00,3380055,37885
2021-03-29 00:00:00,3440419,60364
2021-03-30 00:00:00,3506932,66513
2021-03-31 00:00:00,3583235,76303
2021-04-01 00:00:00,3657534,74299
2021-04-02 00:00:00,3725354,67820
2021-04-03 00:00:00,3773979,48625
2021-04-04 00:00:00,3794931,20952
2021-04-05 00:00:00,3852483,57552
2021-04-06 00:00:00,3917365,64882
2021-04-07 00:00:00,3991285,73920
2021-04-08 00:00:00,4065996,74711
2021-04-09 00:00:00,4135655,69659
2021-04-10 00:00:00,4183607,47952
2021-04-11 00:00:00,4214530,30923
2021-04-12 00:00:00,4266321,51791
2021-04-13 00:00:00,4315903,49582
2021-04-14 00:00:00,4375143,59240
2021-04-15 00:00:00,4438511,63368
2021-04-16 00:00:00,4500355,61844
2021-04-17 00:00:00,4542440,42085
2021-04-18 00:00:00,4571551,29111
2021-04-19 00:00:00,4622823,51272
2021-04-20 00:00:00,4675262,52439
2021-04-21 00:00:00,4732953,57691
2021-04-22 00:00:00,4792664,59711
2021-04-23 00:00:00,4848469,55805
2021-04-24 00:00:00,4887242,38773
2021-04-25 00:00:00,4912518,25276
2021-04-26 00:00:00,4951416,38898
2021-04-27 00:00:00,4993940,42524
2021-04-28 00:00:00,5040383,46443
2021-04-29 00:00:00,5083904,43521
2021-04-30 00:00:00,5126070,42166
2021-05-01 00:00:00,5150234,24164
2021-05-02 00:00:00,5171164,20930
2021-05-03 00:00:00,5199925,28761
2021-05-04 00:00:00,5236130,36205
2021-05-05 00:00:00,5267707,31577
2021-05-06 00:00:00,5302115,34408
2021-05-07 00:00:00,5336453,34338
2021-05-08 00:00:00,5356764,20311
2021-05-09 00:00:00,5363835,7071
