date,Pima_cume,Pima
2020-12-01 00:00:00,8,
2020-12-02 00:00:00,9,1
2020-12-03 00:00:00,11,2
2020-12-04 00:00:00,12,1
2020-12-05 00:00:00,13,1
2020-12-09 00:00:00,15,2
2020-12-10 00:00:00,16,1
2020-12-11 00:00:00,19,3
2020-12-12 00:00:00,20,1
2020-12-13 00:00:00,21,1
2020-12-14 00:00:00,24,3
2020-12-15 00:00:00,39,15
2020-12-16 00:00:00,42,3
2020-12-17 00:00:00,1275,1233
2020-12-18 00:00:00,2679,1404
2020-12-19 00:00:00,3416,737
2020-12-20 00:00:00,3419,3
2020-12-21 00:00:00,4942,1523
2020-12-22 00:00:00,6444,1502
2020-12-23 00:00:00,8286,1842
2020-12-24 00:00:00,9320,1034
2020-12-25 00:00:00,9321,1
2020-12-26 00:00:00,10108,787
2020-12-27 00:00:00,10273,165
2020-12-28 00:00:00,12119,1846
2020-12-29 00:00:00,14193,2074
2020-12-30 00:00:00,16440,2247
2020-12-31 00:00:00,18096,1656
2021-01-01 00:00:00,18249,153
2021-01-02 00:00:00,18863,614
2021-01-03 00:00:00,19298,435
2021-01-04 00:00:00,21095,1797
2021-01-05 00:00:00,22828,1733
2021-01-06 00:00:00,24979,2151
2021-01-07 00:00:00,27220,2241
2021-01-08 00:00:00,29866,2646
2021-01-09 00:00:00,31383,1517
2021-01-10 00:00:00,31780,397
2021-01-11 00:00:00,34546,2766
2021-01-12 00:00:00,37268,2722
2021-01-13 00:00:00,39726,2458
2021-01-14 00:00:00,42143,2417
2021-01-15 00:00:00,46156,4013
2021-01-16 00:00:00,47553,1397
2021-01-17 00:00:00,48052,499
2021-01-18 00:00:00,51997,3945
2021-01-19 00:00:00,56076,4079
2021-01-20 00:00:00,60752,4676
2021-01-21 00:00:00,66057,5305
2021-01-22 00:00:00,72565,6508
2021-01-23 00:00:00,75127,2562
2021-01-24 00:00:00,76124,997
2021-01-25 00:00:00,83409,7285
2021-01-26 00:00:00,90387,6978
2021-01-27 00:00:00,97916,7529
2021-01-28 00:00:00,104811,6895
2021-01-29 00:00:00,112069,7258
2021-01-30 00:00:00,115869,3800
2021-01-31 00:00:00,117368,1499
2021-02-01 00:00:00,122681,5313
2021-02-02 00:00:00,128942,6261
2021-02-03 00:00:00,135886,6944
2021-02-04 00:00:00,143112,7226
2021-02-05 00:00:00,151835,8723
2021-02-06 00:00:00,156171,4336
2021-02-07 00:00:00,157254,1083
2021-02-08 00:00:00,164064,6810
2021-02-09 00:00:00,170232,6168
2021-02-10 00:00:00,177680,7448
2021-02-11 00:00:00,185314,7634
2021-02-12 00:00:00,194038,8724
2021-02-13 00:00:00,198336,4298
2021-02-14 00:00:00,199250,914
2021-02-15 00:00:00,205310,6060
2021-02-16 00:00:00,212152,6842
2021-02-17 00:00:00,219659,7507
2021-02-18 00:00:00,226819,7160
2021-02-19 00:00:00,231090,4271
2021-02-20 00:00:00,233145,2055
2021-02-21 00:00:00,233781,636
2021-02-22 00:00:00,237510,3729
2021-02-23 00:00:00,242007,4497
2021-02-24 00:00:00,248371,6364
2021-02-25 00:00:00,256516,8145
2021-02-26 00:00:00,266558,10042
2021-02-27 00:00:00,270996,4438
2021-02-28 00:00:00,273064,2068
2021-03-01 00:00:00,279821,6757
2021-03-02 00:00:00,286394,6573
2021-03-03 00:00:00,294489,8095
2021-03-04 00:00:00,300698,6209
2021-03-05 00:00:00,308507,7809
2021-03-06 00:00:00,313173,4666
2021-03-07 00:00:00,315425,2252
2021-03-08 00:00:00,323275,7850
2021-03-09 00:00:00,331181,7906
2021-03-10 00:00:00,340945,9764
2021-03-11 00:00:00,350433,9488
2021-03-12 00:00:00,360762,10329
2021-03-13 00:00:00,365846,5084
2021-03-14 00:00:00,367658,1812
2021-03-15 00:00:00,374242,6584
2021-03-16 00:00:00,381829,7587
2021-03-17 00:00:00,390594,8765
2021-03-18 00:00:00,399070,8476
2021-03-19 00:00:00,408058,8988
2021-03-20 00:00:00,412370,4312
2021-03-21 00:00:00,415873,3503
2021-03-22 00:00:00,422264,6391
2021-03-23 00:00:00,429472,7208
2021-03-24 00:00:00,438193,8721
2021-03-25 00:00:00,448181,9988
2021-03-26 00:00:00,458387,10206
2021-03-27 00:00:00,463992,5605
2021-03-28 00:00:00,466898,2906
2021-03-29 00:00:00,473578,6680
2021-03-30 00:00:00,481875,8297
2021-03-31 00:00:00,491416,9541
2021-04-01 00:00:00,498688,7272
2021-04-02 00:00:00,507296,8608
2021-04-03 00:00:00,512286,4990
2021-04-04 00:00:00,514043,1757
2021-04-05 00:00:00,521864,7821
2021-04-06 00:00:00,530512,8648
2021-04-07 00:00:00,541263,10751
2021-04-08 00:00:00,551687,10424
2021-04-09 00:00:00,562789,11102
2021-04-10 00:00:00,568317,5528
2021-04-11 00:00:00,570205,1888
2021-04-12 00:00:00,578513,8308
2021-04-13 00:00:00,585947,7434
2021-04-14 00:00:00,594382,8435
2021-04-15 00:00:00,603180,8798
2021-04-16 00:00:00,612164,8984
2021-04-17 00:00:00,615682,3518
2021-04-18 00:00:00,618150,2468
2021-04-19 00:00:00,624392,6242
2021-04-20 00:00:00,630893,6501
2021-04-21 00:00:00,638394,7501
2021-04-22 00:00:00,645717,7323
2021-04-23 00:00:00,653787,8070
2021-04-24 00:00:00,658748,4961
2021-04-25 00:00:00,660219,1471
2021-04-26 00:00:00,666830,6611
2021-04-27 00:00:00,673179,6349
2021-04-28 00:00:00,680076,6897
2021-04-29 00:00:00,686769,6693
2021-04-30 00:00:00,692664,5895
2021-05-01 00:00:00,694567,1903
2021-05-02 00:00:00,695743,1176
2021-05-03 00:00:00,701211,5468
2021-05-04 00:00:00,706105,4894
2021-05-05 00:00:00,711624,5519
2021-05-06 00:00:00,716410,4786
2021-05-07 00:00:00,721248,4838
2021-05-08 00:00:00,722516,1268
2021-05-09 00:00:00,722823,307
