date,Maricopa_cume,Maricopa
2020-12-01,138,
2020-12-02,151,13
2020-12-03,160,9
2020-12-04,164,4
2020-12-05,166,2
2020-12-07,175,9
2020-12-08,181,6
2020-12-09,188,7
2020-12-10,202,14
2020-12-11,209,7
2020-12-12,212,3
2020-12-13,217,5
2020-12-14,230,13
2020-12-15,261,31
2020-12-16,310,49
2020-12-17,1562,1252
2020-12-18,3227,1665
2020-12-19,4881,1654
2020-12-20,5867,986
2020-12-21,9024,3157
2020-12-22,13103,4079
2020-12-23,17797,4694
2020-12-24,19353,1556
2020-12-25,19358,5
2020-12-26,24298,4940
2020-12-27,26531,2233
2020-12-28,31675,5144
2020-12-29,39429,7754
2020-12-30,47958,8529
2020-12-31,51943,3985
2021-01-01,53144,1201
2021-01-02,59163,6019
2021-01-03,61709,2546
2021-01-04,66354,4645
2021-01-05,70668,4314
2021-01-06,75541,4873
2021-01-07,80825,5284
2021-01-08,85380,4555
2021-01-09,89997,4617
2021-01-10,92592,2595
2021-01-11,102083,9491
2021-01-12,117992,15909
2021-01-13,135164,17172
2021-01-14,151745,16581
2021-01-15,166987,15242
2021-01-16,178473,11486
2021-01-17,186823,8350
2021-01-18,199540,12717
2021-01-19,217101,17561
2021-01-20,235821,18720
2021-01-21,255554,19733
2021-01-22,277624,22070
2021-01-23,296526,18902
2021-01-24,308822,12296
2021-01-25,324982,16160
2021-01-26,347137,22155
2021-01-27,367464,20327
2021-01-28,386355,18891
2021-01-29,407777,21422
2021-01-30,423260,15483
2021-01-31,431278,8018
2021-02-01,449031,17753
2021-02-02,471144,22113
2021-02-03,493163,22019
2021-02-04,518324,25161
2021-02-05,540953,22629
2021-02-06,564904,23951
2021-02-07,577795,12891
2021-02-08,601353,23558
2021-02-09,628678,27325
2021-02-10,654695,26017
2021-02-11,681080,26385
2021-02-12,716597,35517
2021-02-13,744521,27924
2021-02-14,757737,13216
2021-02-15,777186,19449
2021-02-16,804788,27602
2021-02-17,833290,28502
2021-02-18,861465,28175
2021-02-19,890075,28610
2021-02-20,915400,25325
2021-02-21,928501,13101
2021-02-22,947325,18824
2021-02-23,976137,28812
2021-02-24,1007074,30937
2021-02-25,1036776,29702
2021-02-26,1073284,36508
2021-02-27,1103739,30455
2021-02-28,1121047,17308
2021-03-01,1146902,25855
2021-03-02,1174649,27747
2021-03-03,1204343,29694
2021-03-04,1235008,30665
2021-03-05,1266944,31936
2021-03-06,1294011,27067
2021-03-07,1311470,17459
2021-03-08,1340847,29377
2021-03-09,1372428,31581
2021-03-10,1407539,35111
2021-03-11,1444022,36483
2021-03-12,1485149,41127
2021-03-13,1516397,31248
2021-03-14,1536183,19786
2021-03-15,1564055,27872
2021-03-16,1594914,30859
2021-03-17,1630830,35916
2021-03-18,1666705,35875
2021-03-19,1701003,34298
2021-03-20,1732464,31461
2021-03-21,1754419,21955
2021-03-22,1780472,26053
2021-03-23,1807197,26725
2021-03-24,1842996,35799
2021-03-25,1883744,40748
2021-03-26,1924056,40312
2021-03-27,1959407,35351
2021-03-28,1986515,27108
2021-03-29,2025431,38916
2021-03-30,2065395,39964
2021-03-31,2110085,44690
2021-04-01,2157069,46984
2021-04-02,2199158,42089
2021-04-03,2230775,31617
2021-04-04,2243097,12322
2021-04-05,2277622,34525
2021-04-06,2316277,38655
2021-04-07,2360135,43858
2021-04-08,2405182,45047
2021-04-09,2445992,40810
2021-04-10,2477588,31596
2021-04-11,2499740,22152
2021-04-12,2530557,30817
2021-04-13,2560949,30392
2021-04-14,2595079,34130
2021-04-15,2631698,36619
2021-04-16,2667918,36220
2021-04-17,2696055,28137
2021-04-18,2717135,21080
2021-04-19,2749483,32348
2021-04-20,2782576,33093
2021-04-21,2819913,37337
2021-04-22,2857515,37602
2021-04-23,2891037,33522
2021-04-24,2915061,24024
2021-04-25,2932500,17439
2021-04-26,2959031,26531
2021-04-27,2985933,26902
2021-04-28,3013549,27616
2021-04-29,3039085,25536
2021-04-30,3064868,25783
2021-05-01,3082848,17980
2021-05-02,3098227,15379
2021-05-03,3114689,16462
2021-05-04,3138505,23816
2021-05-05,3157296,18791
2021-05-06,3179995,22699
2021-05-07,3203694,23699
2021-05-08,3222326,18632
2021-05-09,3231730,9404
2021-05-10,3247651,15921
2021-05-11,3264468,16817
2021-05-12,3282689,18221
2021-05-13,3306925,24236
2021-05-14,3331153,24228
2021-05-15,3350822,19669
2021-05-16,3362668,11846
2021-05-17,3382146,19478
2021-05-18,3399339,17193
2021-05-19,3422544,23205
2021-05-20,3441614,19070
2021-05-21,3463022,21408
2021-05-22,3480369,17347
2021-05-23,3487962,7593
2021-05-24,3502167,14205
2021-05-25,3514908,12741
2021-05-26,3529028,14120
2021-05-27,3541982,12954
2021-05-28,3556361,14379
2021-05-29,3565691,9330
2021-05-30,3570949,5258
2021-05-31,3573849,2900
2021-06-01,3586781,12932
2021-06-02,3598386,11605
2021-06-03,3612658,14272
2021-06-04,3628624,15966
2021-06-05,3642176,13552
2021-06-06,3648870,6694
2021-06-07,3660820,11950
2021-06-08,3672238,11418
2021-06-09,3683564,11326
2021-06-10,3696458,12894
2021-06-11,3712741,16283
2021-06-12,3724142,11401
2021-06-13,3729823,5681
2021-06-14,3740401,10578
2021-06-15,3750545,10144
2021-06-16,3760624,10079
2021-06-17,3770073,9449
2021-06-18,3781882,11809
2021-06-19,3789228,7346
2021-06-20,3793149,3921
2021-06-21,3800061,6912
2021-06-22,3807839,7778
2021-06-23,3816061,8222
2021-06-24,3823688,7627
2021-06-25,3833345,9657
2021-06-26,3840137,6792
2021-06-27,3844266,4129
2021-06-28,3851589,7323
2021-06-29,3858605,7016
2021-06-30,3865642,7037
2021-07-01,3872547,6905
2021-07-02,3880650,8103
2021-07-03,3885795,5145
2021-07-04,3886655,860
2021-07-05,3892867,6212
2021-07-06,3899372,6505
2021-07-07,3905906,6534
2021-07-08,3912230,6324
2021-07-09,3922296,10066
2021-07-10,3929484,7188
2021-07-11,3933119,3635
2021-07-12,3939852,6733
2021-07-13,3945778,5926
2021-07-14,3951808,6030
2021-07-15,3957786,5978
2021-07-16,3965963,8177
2021-07-17,3971447,5484
2021-07-18,3975038,3591
2021-07-19,3982825,7787
2021-07-20,3989800,6975
2021-07-21,3997504,7704
2021-07-22,4005404,7900
2021-07-23,4015328,9924
2021-07-24,4022414,7086
2021-07-25,4027054,4640
2021-07-26,4035685,8631
2021-07-27,4044055,8370
2021-07-28,4052561,8506
2021-07-29,4061075,8514
2021-07-30,4073621,12546
2021-07-31,4082238,8617
2021-08-01,4087481,5243
2021-08-02,4096736,9255
2021-08-03,4104923,8187
2021-08-04,4113564,8641
2021-08-05,4121952,8388
2021-08-06,4133671,11719
2021-08-07,4142423,8752
2021-08-08,4147735,5312
2021-08-09,4157010,9275
2021-08-10,4165510,8500
2021-08-11,4174158,8648
2021-08-12,4183272,9114
2021-08-13,4195046,11774
2021-08-14,4204292,9246
2021-08-15,4210074,5782
2021-08-16,4220444,10370
2021-08-17,4230215,9771
2021-08-18,4239964,9749
2021-08-19,4249059,9095
2021-08-20,4261149,12090
2021-08-21,4269671,8522
2021-08-22,4275027,5356
2021-08-23,4285132,10105
2021-08-24,4294535,9403
2021-08-25,4303898,9363
2021-08-26,4312984,9086
2021-08-27,4325025,12041
2021-08-28,4334304,9279
2021-08-29,4339587,5283
2021-08-30,4348841,9254
2021-08-31,4356902,8061
2021-09-01,4365613,8711
2021-09-02,4372265,6652
2021-09-03,4383154,10889
2021-09-04,4390210,7056
2021-09-05,4394648,4438
2021-09-06,4396048,1400
2021-09-07,4404494,8446
2021-09-08,4412490,7996
2021-09-09,4418962,6472
2021-09-10,4429223,10261
2021-09-11,4436461,7238
2021-09-12,4440755,4294
2021-09-13,4449239,8484
2021-09-14,4456612,7373
2021-09-15,4460846,4234
2021-09-16,4466660,5814
2021-09-17,4475901,9241
2021-09-18,4482582,6681
2021-09-19,4486246,3664
2021-09-20,4490516,4270
2021-09-21,4497118,6602
2021-09-22,4504037,6919
2021-09-23,4510853,6816
2021-09-24,4524328,13475
2021-09-25,4534662,10334
2021-09-26,4540579,5917
2021-09-27,4555014,14435
2021-09-28,4568773,13759
2021-09-29,4582622,13849
2021-09-30,4596507,13885
2021-10-01,4611633,15126
2021-10-02,4619949,8316
2021-10-03,4624200,4251
2021-10-04,4636800,12600
2021-10-05,4649288,12488
2021-10-06,4660152,10864
2021-10-07,4669284,9132
2021-10-08,4679879,10595
2021-10-09,4687353,7474
2021-10-10,4692261,4908
2021-10-11,4703838,11577
2021-10-12,4709898,6060
2021-10-13,4718578,8680
2021-10-14,4729212,10634
2021-10-15,4740814,11602
2021-10-16,4747428,6614
2021-10-17,4751801,4373
2021-10-18,4762279,10478
2021-10-19,4772006,9727
2021-10-20,4781584,9578
2021-10-21,4790568,8984
2021-10-22,4803951,13383
2021-10-23,4812281,8330
2021-10-24,4817704,5423
2021-10-25,4831221,13517
2021-10-26,4843857,12636
2021-10-27,4856503,12646
2021-10-28,4868364,11861
2021-10-29,4881447,13083
2021-10-30,4888091,6644
2021-10-31,4891611,3520
2021-11-01,4901847,10236
2021-11-02,4912648,10801
2021-11-03,4921269,8621
2021-11-04,4930975,9706
2021-11-05,4943922,12947
2021-11-06,4951835,7913
2021-11-07,4956876,5041
2021-11-08,4968153,11277
2021-11-09,4978741,10588
2021-11-10,4988909,10168
2021-11-11,4993176,4267
