date,Maricopa_cume,Maricopa
2020-12-01 00:00:00,33,
2020-12-02 00:00:00,39,6
2020-12-03 00:00:00,44,5
2020-12-04 00:00:00,45,1
2020-12-07 00:00:00,46,1
2020-12-08 00:00:00,48,2
2020-12-09 00:00:00,52,4
2020-12-10 00:00:00,57,5
2020-12-11 00:00:00,61,4
2020-12-12 00:00:00,63,2
2020-12-14 00:00:00,66,3
2020-12-15 00:00:00,75,9
2020-12-16 00:00:00,104,29
2020-12-17 00:00:00,1348,1244
2020-12-18 00:00:00,3000,1652
2020-12-19 00:00:00,4682,1682
2020-12-20 00:00:00,5648,966
2020-12-21 00:00:00,8896,3248
2020-12-22 00:00:00,13136,4240
2020-12-23 00:00:00,17950,4814
2020-12-24 00:00:00,19511,1561
2020-12-25 00:00:00,19512,1
2020-12-26 00:00:00,24624,5112
2020-12-27 00:00:00,26938,2314
2020-12-28 00:00:00,32213,5275
2020-12-29 00:00:00,40160,7947
2020-12-30 00:00:00,48964,8804
2020-12-31 00:00:00,52728,3764
2021-01-01 00:00:00,53079,351
2021-01-02 00:00:00,59262,6183
2021-01-03 00:00:00,61950,2688
2021-01-04 00:00:00,66549,4599
2021-01-05 00:00:00,70889,4340
2021-01-06 00:00:00,75866,4977
2021-01-07 00:00:00,81123,5257
2021-01-08 00:00:00,85668,4545
2021-01-09 00:00:00,90298,4630
2021-01-10 00:00:00,93001,2703
2021-01-11 00:00:00,101956,8955
2021-01-12 00:00:00,112670,10714
2021-01-13 00:00:00,124182,11512
2021-01-14 00:00:00,135591,11409
2021-01-15 00:00:00,145349,9758
2021-01-16 00:00:00,151701,6352
2021-01-17 00:00:00,154414,2713
2021-01-18 00:00:00,161191,6777
2021-01-19 00:00:00,173402,12211
2021-01-20 00:00:00,186872,13470
2021-01-21 00:00:00,201045,14173
2021-01-22 00:00:00,218272,17227
2021-01-23 00:00:00,232141,13869
2021-01-24 00:00:00,239322,7181
2021-01-25 00:00:00,250828,11506
2021-01-26 00:00:00,267644,16816
2021-01-27 00:00:00,283416,15772
2021-01-28 00:00:00,297630,14214
2021-01-29 00:00:00,314798,17168
2021-01-30 00:00:00,326145,11347
2021-01-31 00:00:00,329617,3472
2021-02-01 00:00:00,338083,8466
2021-02-02 00:00:00,352346,14263
2021-02-03 00:00:00,366568,14222
2021-02-04 00:00:00,383292,16724
2021-02-05 00:00:00,398238,14946
2021-02-06 00:00:00,412647,14409
2021-02-07 00:00:00,415077,2430
2021-02-08 00:00:00,426250,11173
2021-02-09 00:00:00,444170,17920
2021-02-10 00:00:00,460586,16416
2021-02-11 00:00:00,477680,17094
2021-02-12 00:00:00,504371,26691
2021-02-13 00:00:00,524045,19674
2021-02-14 00:00:00,527887,3842
2021-02-15 00:00:00,537116,9229
2021-02-16 00:00:00,555166,18050
2021-02-17 00:00:00,574599,19433
2021-02-18 00:00:00,594665,20066
2021-02-19 00:00:00,615354,20689
2021-02-20 00:00:00,631380,16026
2021-02-21 00:00:00,634331,2951
2021-02-22 00:00:00,643639,9308
2021-02-23 00:00:00,663012,19373
2021-02-24 00:00:00,684266,21254
2021-02-25 00:00:00,704034,19768
2021-02-26 00:00:00,730669,26635
2021-02-27 00:00:00,749854,19185
2021-02-28 00:00:00,753860,4006
2021-03-01 00:00:00,767778,13918
2021-03-02 00:00:00,784982,17204
2021-03-03 00:00:00,803171,18189
2021-03-04 00:00:00,821789,18618
2021-03-05 00:00:00,841376,19587
2021-03-06 00:00:00,855819,14443
2021-03-07 00:00:00,860562,4743
2021-03-08 00:00:00,877338,16776
2021-03-09 00:00:00,896735,19397
2021-03-10 00:00:00,919230,22495
2021-03-11 00:00:00,942561,23331
2021-03-12 00:00:00,971826,29265
2021-03-13 00:00:00,989017,17191
2021-03-14 00:00:00,996196,7179
2021-03-15 00:00:00,1013491,17295
2021-03-16 00:00:00,1033536,20045
2021-03-17 00:00:00,1056855,23319
2021-03-18 00:00:00,1080227,23372
2021-03-19 00:00:00,1101396,21169
2021-03-20 00:00:00,1119405,18009
2021-03-21 00:00:00,1128254,8849
2021-03-22 00:00:00,1144970,16716
2021-03-23 00:00:00,1163164,18194
2021-03-24 00:00:00,1185034,21870
2021-03-25 00:00:00,1208643,23609
2021-03-26 00:00:00,1230366,21723
2021-03-27 00:00:00,1246536,16170
2021-03-28 00:00:00,1254657,8121
2021-03-29 00:00:00,1273991,19334
2021-03-30 00:00:00,1294855,20864
2021-03-31 00:00:00,1320773,25918
2021-04-01 00:00:00,1347819,27046
2021-04-02 00:00:00,1370682,22863
2021-04-03 00:00:00,1383822,13140
2021-04-04 00:00:00,1390390,6568
2021-04-05 00:00:00,1413844,23454
2021-04-06 00:00:00,1440826,26982
2021-04-07 00:00:00,1471917,31091
2021-04-08 00:00:00,1504583,32666
2021-04-09 00:00:00,1532603,28020
2021-04-10 00:00:00,1550654,18051
2021-04-11 00:00:00,1560682,10028
2021-04-12 00:00:00,1581705,21023
2021-04-13 00:00:00,1601209,19504
2021-04-14 00:00:00,1622750,21541
2021-04-15 00:00:00,1645877,23127
2021-04-16 00:00:00,1667877,22000
2021-04-17 00:00:00,1683305,15428
2021-04-18 00:00:00,1691196,7891
2021-04-19 00:00:00,1710586,19390
2021-04-20 00:00:00,1729936,19350
2021-04-21 00:00:00,1752685,22749
2021-04-22 00:00:00,1775984,23299
2021-04-23 00:00:00,1796501,20517
2021-04-24 00:00:00,1810019,13518
2021-04-25 00:00:00,1817676,7657
2021-04-26 00:00:00,1833286,15610
2021-04-27 00:00:00,1850370,17084
2021-04-28 00:00:00,1870253,19883
2021-04-29 00:00:00,1888672,18419
2021-04-30 00:00:00,1909006,20334
2021-05-01 00:00:00,1921449,12443
2021-05-02 00:00:00,1929220,7771
2021-05-03 00:00:00,1943411,14191
2021-05-04 00:00:00,1960457,17046
2021-05-05 00:00:00,1976271,15814
2021-05-06 00:00:00,1992838,16567
2021-05-07 00:00:00,2009839,17001
2021-05-08 00:00:00,2020374,10535
2021-05-09 00:00:00,2025130,4756
2021-05-10 00:00:00,2036867,11737
2021-05-11 00:00:00,2048984,12117
2021-05-12 00:00:00,2063425,14441
2021-05-13 00:00:00,2080035,16610
2021-05-14 00:00:00,2096446,16411
2021-05-15 00:00:00,2104822,8376
2021-05-16 00:00:00,2112132,7310
2021-05-17 00:00:00,2122713,10581
2021-05-18 00:00:00,2128225,5512
2021-05-19 00:00:00,2136781,8556
