date,ED_covid,ICU_covid,inpatient_beds_covid,ventilators_covid,deaths,hospitalizations,icu_covid,icu_non_covid,icu_empty,inpatient_covid,inpatient_non_covid,inpatient_empty,vents_in_use,vents_available
2021-01-19,2006.0,1050.0,4663.0,778.0,1.0,1,1050.0,600.0,144.0,4663.0,3306.0,714.0,1297.0,1209.0
2021-01-18,1839.0,1105.0,4780.0,797.0,5.0,39,1105.0,562.0,138.0,4780.0,3178.0,708.0,1326.0,1182.0
2021-01-17,1844.0,1097.0,4752.0,797.0,7.0,157,1097.0,574.0,130.0,4752.0,3199.0,714.0,1291.0,1193.0
2021-01-16,2012.0,1118.0,4773.0,800.0,1.0,325,1118.0,551.0,131.0,4773.0,3163.0,719.0,1314.0,1197.0
2021-01-15,1991.0,1144.0,4849.0,821.0,18.0,370,1144.0,518.0,138.0,4849.0,3159.0,656.0,1332.0,1715.0
2021-01-14,2120.0,1138.0,4866.0,753.0,26.0,404,1138.0,522.0,143.0,4866.0,3105.0,672.0,1333.0,1710.0
2021-01-13,2055.0,1167.0,4930.0,821.0,46.0,427,1167.0,506.0,122.0,4930.0,3064.0,655.0,1331.0,1212.0
2021-01-12,2085.0,1158.0,5055.0,805.0,75.0,416,1158.0,494.0,145.0,5055.0,2917.0,667.0,1348.0,925.0
2021-01-11,1872.0,1183.0,5082.0,786.0,74.0,422,1183.0,457.0,144.0,5082.0,2898.0,689.0,1347.0,918.0
2021-01-10,2054.0,1158.0,4997.0,783.0,92.0,421,1158.0,475.0,150.0,4997.0,2981.0,686.0,1292.0,899.0
2021-01-09,2194.0,1122.0,4988.0,791.0,93.0,444,1122.0,512.0,152.0,4988.0,2979.0,699.0,1301.0,892.0
2021-01-08,2109.0,688.0,4918.0,791.0,106.0,532,688.0,958.0,138.0,4918.0,3105.0,633.0,1271.0,881.0
2021-01-07,2188.0,1122.0,4907.0,799.0,98.0,514,1122.0,537.0,131.0,4907.0,3092.0,619.0,1283.0,865.0
2021-01-06,2280.0,1101.0,4920.0,776.0,100.0,507,1101.0,558.0,128.0,4920.0,3084.0,594.0,1294.0,879.0
2021-01-05,2253.0,1084.0,4877.0,747.0,121.0,552,1084.0,571.0,129.0,4877.0,3129.0,604.0,1243.0,903.0
2021-01-04,1984.0,1096.0,4789.0,761.0,124.0,560,1096.0,545.0,136.0,4789.0,3149.0,666.0,1235.0,924.0
2021-01-03,2001.0,1082.0,4647.0,782.0,118.0,483,1082.0,558.0,131.0,4647.0,3281.0,667.0,1224.0,880.0
2021-01-02,2010.0,1081.0,4557.0,762.0,116.0,496,1081.0,563.0,127.0,4557.0,3402.0,630.0,1219.0,888.0
2021-01-01,2066.0,1074.0,4484.0,761.0,100.0,514,1074.0,565.0,132.0,4484.0,3498.0,607.0,1193.0,914.0
2020-12-31,2264.0,1072.0,4501.0,759.0,121.0,498,1072.0,572.0,123.0,4501.0,3522.0,559.0,1214.0,898.0
2020-12-30,2304.0,1028.0,4564.0,746.0,115.0,462,1028.0,625.0,121.0,4564.0,3436.0,581.0,1214.0,925.0
2020-12-29,2341.0,1076.0,4526.0,750.0,109.0,502,1076.0,522.0,178.0,4526.0,3288.0,698.0,1253.0,903.0
2020-12-28,2117.0,1053.0,4475.0,720.0,111.0,495,1053.0,572.0,154.0,4475.0,3265.0,765.0,1225.0,924.0
2020-12-27,1877.0,1007.0,4390.0,715.0,121.0,469,1007.0,603.0,166.0,4390.0,3272.0,847.0,1198.0,968.0
2020-12-26,1699.0,988.0,4190.0,667.0,106.0,462,988.0,609.0,177.0,4190.0,3400.0,922.0,1147.0,988.0
2020-12-25,1827.0,983.0,4165.0,652.0,90.0,408,983.0,635.0,154.0,4165.0,3430.0,906.0,1120.0,1030.0
2020-12-24,2023.0,976.0,4226.0,636.0,96.0,418,976.0,671.0,131.0,4226.0,3560.0,731.0,1149.0,970.0
2020-12-23,1965.0,965.0,4221.0,620.0,106.0,488,965.0,681.0,132.0,4221.0,3579.0,711.0,1103.0,988.0
2020-12-22,1961.0,972.0,4163.0,673.0,122.0,464,972.0,682.0,119.0,4163.0,3616.0,718.0,1111.0,1013.0
2020-12-21,1817.0,943.0,4019.0,644.0,114.0,524,943.0,663.0,161.0,4019.0,3707.0,742.0,1075.0,988.0
2020-12-20,1795.0,904.0,3925.0,628.0,115.0,439,904.0,707.0,145.0,3925.0,3860.0,683.0,1050.0,1010.0
2020-12-19,1973.0,885.0,3899.0,595.0,117.0,415,885.0,727.0,153.0,3899.0,4005.0,641.0,1022.0,1026.0
2020-12-18,2052.0,939.0,4014.0,612.0,122.0,392,939.0,688.0,136.0,4014.0,3868.0,666.0,1088.0,986.0
2020-12-17,2017.0,915.0,3931.0,601.0,126.0,449,915.0,724.0,128.0,3931.0,4005.0,618.0,1070.0,1013.0
2020-12-16,1920.0,899.0,3884.0,618.0,94.0,407,899.0,707.0,140.0,3884.0,4025.0,632.0,1050.0,1045.0
2020-12-15,1856.0,882.0,3809.0,602.0,92.0,439,882.0,709.0,155.0,3809.0,4040.0,689.0,1031.0,1016.0
2020-12-14,1579.0,863.0,3702.0,579.0,115.0,465,863.0,731.0,154.0,3702.0,4079.0,844.0,994.0,1051.0
2020-12-13,1779.0,829.0,3677.0,542.0,80.0,336,829.0,753.0,165.0,3677.0,4129.0,811.0,990.0,1019.0
2020-12-12,1870.0,831.0,3622.0,537.0,83.0,325,831.0,769.0,146.0,3622.0,4201.0,792.0,980.0,1038.0
2020-12-11,1966.0,799.0,3534.0,515.0,86.0,336,799.0,798.0,163.0,3534.0,4319.0,768.0,959.0,1060.0
2020-12-10,2120.0,809.0,3482.0,508.0,104.0,323,809.0,773.0,171.0,3482.0,4409.0,744.0,972.0,1050.0
2020-12-09,2166.0,799.0,3408.0,496.0,97.0,421,799.0,784.0,169.0,3408.0,4373.0,880.0,951.0,1078.0
2020-12-08,1978.0,766.0,3287.0,492.0,83.0,404,766.0,804.0,178.0,3287.0,4469.0,902.0,921.0,1055.0
2020-12-07,1550.0,744.0,3157.0,487.0,89.0,472,744.0,821.0,175.0,3157.0,4472.0,1035.0,950.0,1040.0
2020-12-06,1485.0,736.0,3059.0,459.0,71.0,346,736.0,865.0,143.0,3059.0,4704.0,893.0,916.0,1084.0
2020-12-05,1678.0,714.0,2977.0,462.0,88.0,325,714.0,879.0,168.0,2977.0,4844.0,913.0,922.0,1066.0
2020-12-04,1708.0,701.0,2931.0,431.0,69.0,344,701.0,898.0,144.0,2931.0,4874.0,861.0,904.0,1098.0
2020-12-03,1773.0,666.0,2899.0,412.0,61.0,327,666.0,918.0,155.0,2899.0,4916.0,849.0,868.0,1126.0
2020-12-02,1774.0,642.0,2743.0,386.0,58.0,378,642.0,924.0,182.0,2743.0,5016.0,901.0,856.0,1141.0
2020-12-01,1864.0,642.0,2699.0,386.0,61.0,347,642.0,932.0,176.0,2699.0,4872.0,1083.0,850.0,1132.0
2020-11-30,1545.0,597.0,2594.0,369.0,49.0,342,597.0,967.0,189.0,2594.0,4926.0,1138.0,825.0,1163.0
2020-11-29,1488.0,579.0,2513.0,352.0,60.0,295,579.0,983.0,189.0,2513.0,4968.0,1173.0,787.0,1173.0
2020-11-28,1474.0,573.0,2458.0,356.0,50.0,311,573.0,991.0,189.0,2458.0,4964.0,1232.0,787.0,1155.0
2020-11-27,1286.0,553.0,2383.0,343.0,41.0,288,553.0,1002.0,196.0,2383.0,5055.0,1213.0,769.0,1209.0
2020-11-26,1418.0,532.0,2301.0,325.0,43.0,232,532.0,1030.0,189.0,2301.0,5041.0,1318.0,752.0,1184.0
2020-11-25,1563.0,523.0,2289.0,335.0,49.0,280,523.0,1050.0,176.0,2289.0,5382.0,986.0,752.0,1190.0
2020-11-24,1593.0,531.0,2217.0,335.0,55.0,273,531.0,1040.0,180.0,2217.0,5368.0,1082.0,771.0,1191.0
2020-11-23,1388.0,474.0,2084.0,310.0,45.0,298,474.0,1062.0,192.0,2084.0,5500.0,1093.0,739.0,1233.0
2020-11-22,1372.0,469.0,2008.0,294.0,41.0,234,469.0,1083.0,175.0,2008.0,5594.0,1071.0,718.0,1257.0
2020-11-21,1490.0,438.0,1932.0,256.0,40.0,235,438.0,1124.0,175.0,1932.0,5697.0,1021.0,683.0,1265.0
2020-11-20,1511.0,435.0,1916.0,253.0,31.0,214,435.0,1122.0,174.0,1916.0,5788.0,944.0,682.0,1272.0
2020-11-19,1490.0,431.0,1835.0,244.0,30.0,236,431.0,1052.0,196.0,1835.0,5832.0,940.0,673.0,1238.0
2020-11-18,1414.0,433.0,1796.0,227.0,22.0,204,433.0,1075.0,184.0,1796.0,5921.0,931.0,678.0,1255.0
2020-11-17,1288.0,396.0,1700.0,218.0,43.0,230,396.0,1085.0,212.0,1700.0,5975.0,967.0,613.0,1276.0
2020-11-16,1143.0,385.0,1624.0,191.0,29.0,195,385.0,1073.0,226.0,1624.0,5931.0,1127.0,608.0,1283.0
2020-11-15,1038.0,374.0,1557.0,194.0,29.0,152,374.0,1089.0,208.0,1557.0,5898.0,1152.0,590.0,1273.0
2020-11-14,1088.0,368.0,1506.0,183.0,25.0,187,368.0,1090.0,212.0,1506.0,6042.0,1050.0,597.0,1290.0
2020-11-13,1207.0,362.0,1470.0,189.0,18.0,177,362.0,1095.0,217.0,1470.0,6094.0,1051.0,603.0,1271.0
2020-11-12,1105.0,335.0,1381.0,176.0,22.0,138,335.0,1106.0,232.0,1381.0,6210.0,1033.0,609.0,1264.0
2020-11-11,1121.0,331.0,1368.0,180.0,22.0,151,331.0,1111.0,228.0,1368.0,6253.0,1016.0,604.0,1289.0
2020-11-10,1103.0,309.0,1360.0,156.0,19.0,143,309.0,1127.0,243.0,1360.0,6190.0,1061.0,592.0,1265.0
2020-11-09,1023.0,294.0,1289.0,148.0,17.0,133,294.0,1145.0,241.0,1289.0,6162.0,1155.0,571.0,1252.0
2020-11-08,992.0,292.0,1232.0,142.0,19.0,109,292.0,1148.0,241.0,1232.0,6211.0,1150.0,571.0,1295.0
2020-11-07,1030.0,272.0,1185.0,148.0,18.0,100,272.0,1187.0,223.0,1185.0,6196.0,1224.0,570.0,1306.0
2020-11-06,1093.0,249.0,1139.0,137.0,22.0,135,249.0,1201.0,230.0,1139.0,6372.0,1120.0,556.0,1297.0
2020-11-05,1077.0,250.0,1082.0,138.0,22.0,141,250.0,1206.0,221.0,1082.0,6392.0,1141.0,574.0,1306.0
2020-11-04,1007.0,254.0,1100.0,128.0,22.0,110,254.0,1184.0,237.0,1100.0,6290.0,1225.0,557.0,1324.0
2020-11-03,989.0,241.0,1065.0,127.0,20.0,95,241.0,1175.0,236.0,1065.0,6306.0,1250.0,532.0,1292.0
2020-11-02,826.0,227.0,956.0,112.0,17.0,105,227.0,1167.0,253.0,956.0,6277.0,1363.0,508.0,1311.0
2020-11-01,848.0,231.0,918.0,120.0,16.0,85,231.0,1146.0,272.0,918.0,6115.0,1353.0,524.0,1310.0
2020-10-31,885.0,222.0,875.0,112.0,10.0,96,222.0,1217.0,237.0,875.0,6237.0,1282.0,515.0,1313.0
2020-10-30,874.0,197.0,889.0,104.0,20.0,98,197.0,1235.0,247.0,889.0,6484.0,1243.0,500.0,1298.0
2020-10-29,898.0,188.0,900.0,99.0,15.0,88,188.0,1260.0,230.0,900.0,6474.0,1239.0,503.0,1300.0
2020-10-28,855.0,186.0,874.0,95.0,12.0,92,186.0,1252.0,239.0,874.0,6530.0,1204.0,514.0,1306.0
2020-10-27,857.0,188.0,871.0,94.0,16.0,89,188.0,1225.0,257.0,871.0,6510.0,1221.0,515.0,1283.0
2020-10-26,784.0,187.0,861.0,100.0,13.0,84,187.0,1190.0,284.0,861.0,6417.0,1330.0,524.0,1273.0
2020-10-25,770.0,179.0,837.0,97.0,9.0,68,179.0,1203.0,281.0,837.0,6503.0,1281.0,538.0,1255.0
2020-10-24,846.0,181.0,828.0,91.0,13.0,71,181.0,1224.0,269.0,828.0,6486.0,1294.0,531.0,1290.0
2020-10-23,839.0,191.0,819.0,87.0,14.0,78,191.0,1213.0,273.0,819.0,6611.0,1175.0,514.0,1344.0
2020-10-22,815.0,172.0,815.0,85.0,6.0,77,172.0,1240.0,258.0,815.0,6609.0,1191.0,483.0,1397.0
2020-10-21,858.0,164.0,848.0,92.0,8.0,76,164.0,1239.0,267.0,848.0,6624.0,1148.0,476.0,1402.0
2020-10-20,853.0,171.0,832.0,91.0,16.0,78,171.0,1223.0,276.0,832.0,6598.0,1180.0,468.0,1390.0
2020-10-19,747.0,170.0,777.0,91.0,6.0,80,170.0,1185.0,315.0,777.0,6398.0,1442.0,463.0,1391.0
2020-10-18,717.0,177.0,721.0,94.0,8.0,52,177.0,1207.0,293.0,721.0,6491.0,1402.0,464.0,1390.0
2020-10-17,701.0,176.0,714.0,85.0,9.0,55,176.0,1222.0,281.0,714.0,6367.0,1307.0,470.0,1363.0
2020-10-16,739.0,174.0,757.0,81.0,9.0,62,174.0,1211.0,282.0,757.0,6326.0,1304.0,476.0,1364.0
2020-10-15,801.0,167.0,747.0,79.0,9.0,60,167.0,1209.0,276.0,747.0,6602.0,1289.0,469.0,1364.0
2020-10-14,753.0,173.0,726.0,75.0,10.0,55,173.0,1195.0,288.0,726.0,6640.0,1277.0,455.0,1399.0
2020-10-13,774.0,163.0,711.0,85.0,6.0,55,163.0,1206.0,281.0,711.0,6598.0,1335.0,458.0,1379.0
2020-10-12,676.0,146.0,706.0,88.0,11.0,65,146.0,1228.0,315.0,706.0,6544.0,1477.0,496.0,1404.0
2020-10-11,710.0,155.0,667.0,80.0,5.0,53,155.0,1164.0,329.0,667.0,6267.0,1457.0,458.0,1394.0
2020-10-10,688.0,144.0,630.0,79.0,11.0,47,144.0,1161.0,346.0,630.0,6762.0,1326.0,440.0,1381.0
2020-10-09,726.0,145.0,685.0,71.0,8.0,50,145.0,1163.0,344.0,685.0,6665.0,1369.0,453.0,1385.0
2020-10-08,740.0,155.0,706.0,70.0,12.0,43,155.0,1153.0,345.0,706.0,7364.0,1325.0,441.0,1384.0
2020-10-07,774.0,156.0,728.0,63.0,8.0,49,156.0,1172.0,326.0,728.0,7258.0,1409.0,437.0,1389.0
2020-10-06,728.0,147.0,681.0,66.0,13.0,46,147.0,1182.0,319.0,681.0,7292.0,1400.0,426.0,1418.0
2020-10-05,644.0,138.0,665.0,65.0,7.0,50,138.0,1179.0,335.0,665.0,7182.0,1525.0,410.0,1425.0
2020-10-04,706.0,134.0,567.0,57.0,8.0,41,134.0,1159.0,352.0,567.0,7337.0,1464.0,424.0,1392.0
2020-10-03,651.0,133.0,545.0,59.0,11.0,41,133.0,1183.0,332.0,545.0,7422.0,1402.0,443.0,1385.0
2020-10-02,738.0,127.0,605.0,52.0,5.0,41,127.0,1145.0,359.0,605.0,7394.0,1376.0,435.0,1399.0
2020-10-01,760.0,125.0,586.0,48.0,4.0,37,125.0,1166.0,335.0,586.0,7009.0,1364.0,418.0,1375.0
2020-09-30,753.0,122.0,620.0,54.0,6.0,39,122.0,1155.0,353.0,620.0,7379.0,1384.0,413.0,1412.0
2020-09-29,725.0,115.0,560.0,55.0,5.0,29,115.0,1124.0,388.0,560.0,5867.0,1483.0,421.0,1397.0
2020-09-28,653.0,119.0,540.0,64.0,7.0,44,119.0,1101.0,407.0,540.0,5719.0,1646.0,438.0,1383.0
2020-09-27,684.0,115.0,468.0,57.0,9.0,41,115.0,1083.0,427.0,468.0,5774.0,1650.0,429.0,1376.0
2020-09-26,732.0,116.0,483.0,59.0,4.0,34,116.0,1124.0,387.0,483.0,5848.0,1552.0,435.0,1398.0
2020-09-25,718.0,115.0,509.0,56.0,12.0,29,115.0,1145.0,369.0,509.0,5870.0,1518.0,464.0,1356.0
2020-09-24,721.0,119.0,521.0,65.0,8.0,35,119.0,1149.0,360.0,521.0,5928.0,1479.0,448.0,1393.0
2020-09-23,680.0,122.0,565.0,64.0,12.0,24,122.0,1164.0,338.0,565.0,5857.0,1434.0,448.0,1422.0
2020-09-22,701.0,114.0,583.0,62.0,17.0,30,114.0,1160.0,350.0,583.0,5866.0,1407.0,452.0,1412.0
2020-09-21,867.0,122.0,527.0,47.0,13.0,33,122.0,1175.0,357.0,527.0,5864.0,1545.0,438.0,1428.0
2020-09-20,829.0,119.0,472.0,57.0,9.0,31,119.0,1154.0,379.0,472.0,5909.0,1546.0,408.0,1450.0
2020-09-19,895.0,120.0,472.0,57.0,7.0,21,120.0,1193.0,341.0,472.0,6004.0,1457.0,444.0,1408.0
2020-09-18,890.0,120.0,528.0,70.0,7.0,23,120.0,1160.0,374.0,528.0,6022.0,1390.0,464.0,1417.0
2020-09-17,854.0,130.0,516.0,72.0,9.0,31,130.0,1193.0,334.0,516.0,6004.0,1409.0,485.0,1380.0
2020-09-16,863.0,119.0,594.0,65.0,14.0,22,119.0,1193.0,344.0,594.0,5991.0,1356.0,459.0,1394.0
2020-09-15,915.0,135.0,538.0,81.0,11.0,26,135.0,1164.0,356.0,538.0,6019.0,1379.0,475.0,1429.0
2020-09-14,811.0,138.0,550.0,76.0,17.0,28,138.0,1156.0,368.0,550.0,5802.0,1583.0,460.0,1414.0
2020-09-13,861.0,168.0,489.0,81.0,10.0,16,168.0,1146.0,345.0,489.0,5877.0,1561.0,483.0,1403.0
2020-09-12,838.0,171.0,525.0,87.0,13.0,20,171.0,1149.0,341.0,525.0,5874.0,1532.0,478.0,1399.0
2020-09-11,854.0,185.0,574.0,93.0,12.0,24,185.0,1111.0,367.0,574.0,5947.0,1427.0,500.0,1355.0
2020-09-10,836.0,171.0,577.0,100.0,14.0,22,171.0,1129.0,367.0,577.0,5940.0,1446.0,516.0,1357.0
2020-09-09,888.0,204.0,628.0,120.0,11.0,25,204.0,1098.0,366.0,628.0,5864.0,1472.0,536.0,1331.0
2020-09-08,843.0,203.0,658.0,111.0,14.0,28,203.0,1055.0,408.0,658.0,5652.0,1652.0,525.0,1341.0
2020-09-07,855.0,212.0,657.0,112.0,8.0,29,212.0,1053.0,404.0,657.0,5643.0,1658.0,541.0,1328.0
2020-09-06,841.0,221.0,658.0,119.0,10.0,33,221.0,1073.0,374.0,658.0,5721.0,1572.0,545.0,1346.0
2020-09-05,847.0,229.0,666.0,121.0,13.0,25,229.0,1072.0,369.0,666.0,5810.0,1474.0,526.0,1367.0
2020-09-04,884.0,225.0,702.0,131.0,26.0,28,225.0,1093.0,352.0,702.0,5916.0,1344.0,526.0,1372.0
2020-09-03,814.0,236.0,742.0,145.0,15.0,28,236.0,1094.0,338.0,742.0,5801.0,1415.0,528.0,1299.0
2020-09-02,924.0,241.0,745.0,135.0,13.0,34,241.0,1088.0,339.0,745.0,5764.0,1441.0,548.0,1272.0
2020-09-01,871.0,248.0,752.0,146.0,17.0,28,248.0,1063.0,353.0,752.0,5660.0,1528.0,508.0,1292.0
2020-08-31,832.0,253.0,729.0,150.0,23.0,32,253.0,1036.0,376.0,729.0,5706.0,1501.0,556.0,1315.0
2020-08-30,894.0,256.0,768.0,152.0,12.0,32,256.0,1027.0,377.0,768.0,5643.0,1518.0,547.0,1346.0
2020-08-29,930.0,263.0,757.0,161.0,19.0,37,263.0,1058.0,349.0,757.0,5719.0,1450.0,563.0,1303.0
2020-08-28,904.0,262.0,812.0,164.0,27.0,37,262.0,1055.0,351.0,812.0,5818.0,1315.0,579.0,1296.0
2020-08-27,922.0,272.0,809.0,160.0,24.0,45,272.0,1066.0,354.0,809.0,5869.0,1279.0,554.0,1311.0
2020-08-26,1019.0,311.0,895.0,176.0,30.0,48,311.0,1043.0,337.0,895.0,5732.0,1330.0,583.0,1305.0
2020-08-25,966.0,305.0,967.0,180.0,19.0,32,305.0,1028.0,355.0,967.0,5657.0,1346.0,562.0,1349.0
2020-08-24,900.0,319.0,999.0,168.0,23.0,36,319.0,970.0,389.0,999.0,5384.0,1550.0,573.0,1379.0
2020-08-23,896.0,345.0,908.0,176.0,17.0,36,345.0,971.0,361.0,908.0,5576.0,1460.0,535.0,1392.0
2020-08-22,868.0,329.0,969.0,191.0,21.0,39,329.0,990.0,360.0,969.0,5617.0,1376.0,558.0,1372.0
2020-08-21,992.0,363.0,1046.0,209.0,36.0,48,363.0,956.0,363.0,1046.0,5584.0,1337.0,584.0,1338.0
2020-08-20,982.0,365.0,1068.0,234.0,24.0,63,365.0,951.0,371.0,1068.0,5553.0,1336.0,568.0,1298.0
2020-08-19,1035.0,388.0,1070.0,233.0,17.0,53,388.0,934.0,366.0,1070.0,5535.0,1375.0,602.0,1312.0
2020-08-18,1000.0,414.0,1160.0,250.0,32.0,61,414.0,944.0,349.0,1160.0,5342.0,1495.0,606.0,1290.0
2020-08-17,960.0,427.0,1167.0,260.0,29.0,56,427.0,935.0,348.0,1167.0,5344.0,1486.0,629.0,1299.0
2020-08-16,990.0,430.0,1182.0,266.0,35.0,51,430.0,926.0,345.0,1182.0,5339.0,1469.0,619.0,1339.0
2020-08-15,955.0,417.0,1208.0,267.0,30.0,54,417.0,951.0,340.0,1208.0,5257.0,1528.0,643.0,1317.0
2020-08-14,1053.0,442.0,1282.0,284.0,33.0,54,442.0,889.0,370.0,1282.0,5374.0,1346.0,645.0,1317.0
2020-08-13,1037.0,473.0,1359.0,324.0,49.0,63,473.0,894.0,337.0,1359.0,5246.0,1389.0,689.0,1237.0
2020-08-12,1026.0,497.0,1411.0,334.0,42.0,71,497.0,876.0,340.0,1411.0,5122.0,1459.0,708.0,1227.0
2020-08-11,927.0,519.0,1469.0,328.0,48.0,75,519.0,859.0,351.0,1469.0,5007.0,1517.0,679.0,1245.0
2020-08-10,949.0,510.0,1574.0,346.0,46.0,70,510.0,857.0,361.0,1574.0,4749.0,1657.0,692.0,1232.0
2020-08-09,987.0,506.0,1575.0,366.0,33.0,57,506.0,902.0,322.0,1575.0,4823.0,1585.0,703.0,1246.0
2020-08-08,1084.0,514.0,1626.0,374.0,37.0,76,514.0,926.0,289.0,1626.0,4829.0,1523.0,724.0,1221.0
2020-08-07,1121.0,539.0,1659.0,400.0,52.0,78,539.0,908.0,293.0,1659.0,4895.0,1430.0,766.0,1181.0
2020-08-06,1144.0,565.0,1772.0,411.0,54.0,83,565.0,898.0,274.0,1772.0,4886.0,1384.0,770.0,1180.0
2020-08-05,1136.0,593.0,1879.0,427.0,53.0,99,593.0,849.0,297.0,1879.0,4810.0,1366.0,796.0,1142.0
2020-08-04,1171.0,618.0,1945.0,455.0,57.0,116,618.0,823.0,307.0,1945.0,4587.0,1513.0,806.0,1154.0
2020-08-03,1111.0,638.0,2024.0,474.0,35.0,173,638.0,805.0,303.0,2024.0,4463.0,1545.0,795.0,1149.0
2020-08-02,1138.0,628.0,2017.0,461.0,60.0,136,628.0,822.0,292.0,2017.0,4528.0,1462.0,812.0,1153.0
2020-08-01,1198.0,685.0,2147.0,474.0,62.0,88,685.0,795.0,255.0,2147.0,4458.0,1397.0,815.0,1146.0
2020-07-31,1225.0,710.0,2226.0,490.0,49.0,164,710.0,766.0,255.0,2226.0,4410.0,1324.0,844.0,1091.0
2020-07-30,1195.0,719.0,2302.0,505.0,66.0,177,719.0,761.0,246.0,2302.0,4310.0,1257.0,858.0,1068.0
2020-07-29,1315.0,758.0,2348.0,531.0,56.0,145,758.0,720.0,248.0,2348.0,4211.0,1323.0,905.0,1026.0
2020-07-28,1225.0,800.0,2424.0,561.0,77.0,151,800.0,651.0,263.0,2424.0,4119.0,1335.0,922.0,987.0
2020-07-27,1158.0,814.0,2564.0,574.0,72.0,195,814.0,619.0,272.0,2564.0,3822.0,1484.0,920.0,1029.0
2020-07-26,1189.0,820.0,2626.0,567.0,58.0,131,820.0,645.0,240.0,2626.0,4007.0,1263.0,902.0,1040.0
2020-07-25,1236.0,837.0,2650.0,581.0,66.0,162,837.0,635.0,234.0,2650.0,3963.0,1289.0,901.0,1047.0
2020-07-24,1293.0,842.0,2758.0,594.0,69.0,184,842.0,614.0,243.0,2758.0,3878.0,1266.0,925.0,1019.0
2020-07-23,1407.0,837.0,2844.0,575.0,81.0,245,837.0,605.0,249.0,2844.0,3834.0,1226.0,921.0,979.0
2020-07-22,1327.0,851.0,2966.0,617.0,76.0,226,851.0,620.0,224.0,2966.0,3761.0,1177.0,987.0,957.0
2020-07-21,1369.0,870.0,3094.0,609.0,70.0,240,870.0,595.0,230.0,3094.0,3550.0,1245.0,994.0,950.0
2020-07-20,1243.0,865.0,3041.0,608.0,78.0,255,865.0,583.0,252.0,3041.0,3595.0,1319.0,952.0,978.0
2020-07-19,1357.0,886.0,3084.0,622.0,82.0,252,886.0,594.0,213.0,3084.0,3728.0,1120.0,963.0,999.0
2020-07-18,1466.0,894.0,3136.0,622.0,75.0,240,894.0,593.0,204.0,3136.0,3668.0,1140.0,951.0,974.0
2020-07-17,1504.0,894.0,3238.0,657.0,104.0,239,894.0,612.0,189.0,3238.0,3531.0,1100.0,979.0,940.0
2020-07-16,1574.0,944.0,3466.0,687.0,99.0,301,944.0,572.0,177.0,3466.0,3360.0,1055.0,1030.0,877.0
2020-07-15,1695.0,918.0,3454.0,657.0,97.0,326,918.0,581.0,187.0,3454.0,3418.0,1008.0,1012.0,890.0
2020-07-14,1810.0,929.0,3493.0,671.0,80.0,365,929.0,594.0,172.0,3493.0,3330.0,1053.0,1009.0,945.0
2020-07-13,1553.0,970.0,3517.0,674.0,81.0,384,970.0,528.0,197.0,3517.0,3204.0,1155.0,996.0,916.0
2020-07-12,1650.0,936.0,3373.0,671.0,69.0,255,936.0,563.0,175.0,3373.0,3523.0,987.0,949.0,910.0
2020-07-11,1727.0,922.0,3432.0,631.0,67.0,270,922.0,589.0,178.0,3432.0,3359.0,1102.0,926.0,950.0
2020-07-10,1747.0,899.0,3485.0,620.0,85.0,302,899.0,657.0,174.0,3485.0,3540.0,946.0,957.0,929.0
2020-07-09,1875.0,876.0,3432.0,615.0,84.0,268,876.0,614.0,187.0,3432.0,3523.0,993.0,944.0,898.0
2020-07-08,1980.0,861.0,3437.0,575.0,85.0,282,861.0,636.0,181.0,3437.0,3462.0,1057.0,920.0,834.0
2020-07-07,2008.0,871.0,3421.0,570.0,86.0,298,871.0,666.0,145.0,3421.0,3363.0,1152.0,929.0,828.0
2020-07-06,1385.0,869.0,3356.0,544.0,89.0,321,869.0,612.0,167.0,3356.0,3116.0,1457.0,895.0,874.0
2020-07-05,1306.0,839.0,3212.0,533.0,75.0,298,839.0,611.0,188.0,3212.0,3216.0,1239.0,857.0,906.0
2020-07-04,1465.0,821.0,3182.0,531.0,79.0,276,821.0,643.0,178.0,3182.0,3261.0,1237.0,871.0,913.0
2020-07-03,1443.0,796.0,3113.0,413.0,68.0,288,796.0,677.0,171.0,3113.0,3449.0,1122.0,816.0,900.0
2020-07-02,1847.0,741.0,3013.0,489.0,67.0,296,741.0,779.0,156.0,3013.0,3525.0,1135.0,807.0,917.0
2020-07-01,1371.0,723.0,2938.0,488.0,63.0,315,723.0,760.0,189.0,2938.0,3664.0,1065.0,819.0,949.0
2020-06-30,1289.0,675.0,2876.0,466.0,65.0,323,675.0,820.0,187.0,2876.0,3656.0,1140.0,795.0,950.0
2020-06-29,1077.0,683.0,2793.0,455.0,53.0,291,683.0,752.0,224.0,2793.0,3695.0,1180.0,773.0,945.0
2020-06-28,992.0,679.0,2721.0,465.0,49.0,232,679.0,820.0,211.0,2721.0,3724.0,1209.0,763.0,940.0
2020-06-27,1118.0,666.0,2691.0,475.0,54.0,248,666.0,815.0,218.0,2691.0,3824.0,1149.0,750.0,938.0
2020-06-26,1183.0,657.0,2577.0,433.0,42.0,265,657.0,802.0,222.0,2577.0,4046.0,1111.0,783.0,951.0
2020-06-25,1057.0,625.0,2655.0,427.0,56.0,264,625.0,855.0,209.0,2655.0,4019.0,1097.0,780.0,948.0
2020-06-24,1161.0,611.0,2453.0,415.0,36.0,242,611.0,884.0,198.0,2453.0,4192.0,1132.0,779.0,900.0
2020-06-23,1212.0,581.0,2270.0,407.0,46.0,241,581.0,891.0,200.0,2270.0,4435.0,1120.0,760.0,967.0
2020-06-22,1228.0,614.0,2136.0,386.0,21.0,255,614.0,798.0,266.0,2136.0,4333.0,1353.0,716.0,1043.0
2020-06-21,1228.0,583.0,1992.0,379.0,36.0,205,583.0,810.0,269.0,1992.0,4406.0,1376.0,726.0,1009.0
2020-06-20,1226.0,556.0,1942.0,361.0,33.0,181,556.0,862.0,246.0,1942.0,4547.0,1296.0,724.0,1015.0
2020-06-19,1184.0,546.0,1938.0,368.0,44.0,226,546.0,859.0,257.0,1938.0,4660.0,1238.0,744.0,978.0
2020-06-18,964.0,519.0,1832.0,362.0,26.0,186,519.0,877.0,268.0,1832.0,4801.0,1202.0,726.0,986.0
2020-06-17,1109.0,540.0,1667.0,341.0,29.0,173,540.0,867.0,259.0,1667.0,4861.0,1155.0,729.0,1085.0
2020-06-16,1093.0,531.0,1582.0,346.0,35.0,179,531.0,854.0,276.0,1582.0,4949.0,1146.0,714.0,1133.0
2020-06-15,956.0,502.0,1506.0,340.0,34.0,190,502.0,805.0,334.0,1506.0,4725.0,1437.0,707.0,1138.0
2020-06-14,931.0,464.0,1449.0,307.0,35.0,135,464.0,883.0,291.0,1449.0,5165.0,1335.0,685.0,1114.0
2020-06-13,856.0,452.0,1457.0,317.0,34.0,144,452.0,861.0,344.0,1457.0,5207.0,1290.0,651.0,1125.0
2020-06-12,902.0,447.0,1412.0,309.0,33.0,136,447.0,870.0,347.0,1412.0,5056.0,1237.0,652.0,1157.0
2020-06-11,915.0,429.0,1336.0,303.0,26.0,134,429.0,899.0,337.0,1336.0,4727.0,1214.0,682.0,1083.0
2020-06-10,848.0,429.0,1291.0,278.0,22.0,122,429.0,856.0,373.0,1291.0,5202.0,1276.0,671.0,1096.0
2020-06-09,846.0,413.0,1274.0,273.0,26.0,136,413.0,889.0,355.0,1274.0,5085.0,1293.0,679.0,1151.0
2020-06-08,848.0,438.0,1243.0,264.0,23.0,138,438.0,820.0,400.0,1243.0,4351.0,1594.0,641.0,1192.0
2020-06-07,815.0,390.0,1266.0,246.0,29.0,110,390.0,802.0,363.0,1266.0,4394.0,1506.0,626.0,1150.0
2020-06-06,837.0,392.0,1252.0,249.0,27.0,101,392.0,811.0,364.0,1252.0,4430.0,1485.0,612.0,1196.0
2020-06-05,818.0,391.0,1278.0,292.0,21.0,105,391.0,807.0,369.0,1278.0,4436.0,1447.0,614.0,1220.0
2020-06-04,725.0,372.0,1233.0,240.0,14.0,94,372.0,821.0,375.0,1233.0,4312.0,1609.0,620.0,1207.0
2020-06-03,638.0,375.0,1079.0,233.0,28.0,107,375.0,927.0,374.0,1079.0,5149.0,1339.0,607.0,1212.0
2020-06-02,587.0,379.0,1088.0,239.0,23.0,109,379.0,900.0,395.0,1088.0,4943.0,1543.0,585.0,1181.0
2020-06-01,565.0,380.0,1009.0,235.0,12.0,111,380.0,873.0,419.0,1009.0,4711.0,1842.0,612.0,1221.0
2020-05-31,534.0,377.0,976.0,240.0,25.0,68,377.0,887.0,408.0,976.0,4785.0,1798.0,615.0,1234.0
2020-05-30,619.0,376.0,972.0,239.0,16.0,71,376.0,903.0,385.0,972.0,4903.0,1702.0,606.0,1244.0
2020-05-29,615.0,386.0,975.0,241.0,18.0,74,386.0,874.0,405.0,975.0,5027.0,1694.0,605.0,1243.0
2020-05-28,667.0,378.0,934.0,238.0,30.0,73,378.0,884.0,411.0,934.0,5150.0,1575.0,603.0,1178.0
2020-05-27,600.0,374.0,945.0,222.0,21.0,78,374.0,870.0,418.0,945.0,4919.0,1782.0,583.0,1211.0
2020-05-26,627.0,376.0,907.0,237.0,21.0,76,376.0,880.0,405.0,907.0,4682.0,2069.0,577.0,1204.0
2020-05-25,566.0,337.0,818.0,208.0,18.0,74,337.0,898.0,427.0,818.0,4663.0,2169.0,582.0,1202.0
2020-05-24,518.0,334.0,833.0,212.0,14.0,61,334.0,925.0,406.0,833.0,4888.0,1884.0,583.0,1182.0
2020-05-23,541.0,321.0,816.0,201.0,22.0,65,321.0,975.0,358.0,816.0,4927.0,1861.0,595.0,1183.0
2020-05-22,552.0,309.0,784.0,193.0,19.0,75,309.0,987.0,364.0,784.0,5093.0,1754.0,585.0,1213.0
2020-05-21,510.0,311.0,794.0,203.0,16.0,65,311.0,954.0,387.0,794.0,5046.0,1769.0,604.0,1157.0
2020-05-20,530.0,299.0,812.0,197.0,12.0,62,299.0,958.0,398.0,812.0,5031.0,1761.0,575.0,1147.0
2020-05-19,530.0,298.0,810.0,208.0,17.0,51,298.0,936.0,429.0,810.0,4907.0,1922.0,575.0,1163.0
2020-05-18,524.0,318.0,792.0,201.0,14.0,69,318.0,903.0,442.0,792.0,4687.0,2159.0,549.0,1213.0
2020-05-17,531.0,347.0,797.0,198.0,21.0,46,347.0,861.0,451.0,797.0,4888.0,1950.0,530.0,1198.0
2020-05-16,513.0,337.0,796.0,201.0,23.0,50,337.0,879.0,454.0,796.0,4887.0,1944.0,540.0,1213.0
2020-05-15,517.0,340.0,789.0,210.0,21.0,53,340.0,860.0,469.0,789.0,4857.0,1978.0,556.0,1217.0
2020-05-14,534.0,312.0,808.0,222.0,21.0,72,312.0,877.0,451.0,808.0,4949.0,1910.0,566.0,1233.0
2020-05-13,569.0,323.0,781.0,201.0,24.0,53,323.0,875.0,452.0,781.0,4921.0,1948.0,560.0,1215.0
2020-05-12,522.0,292.0,755.0,191.0,15.0,59,292.0,870.0,482.0,755.0,4878.0,1983.0,553.0,1224.0
2020-05-11,455.0,318.0,765.0,204.0,14.0,52,318.0,799.0,529.0,765.0,4666.0,2206.0,533.0,1212.0
2020-05-10,478.0,297.0,717.0,201.0,20.0,37,297.0,888.0,460.0,717.0,4776.0,2083.0,541.0,1194.0
2020-05-09,491.0,300.0,713.0,195.0,10.0,43,300.0,860.0,487.0,713.0,4867.0,2024.0,544.0,1192.0
2020-05-08,454.0,296.0,739.0,186.0,24.0,62,296.0,863.0,489.0,739.0,4869.0,2022.0,516.0,1249.0
2020-05-07,485.0,295.0,730.0,197.0,28.0,48,295.0,865.0,488.0,730.0,4755.0,2131.0,511.0,1236.0
2020-05-06,439.0,288.0,766.0,196.0,20.0,56,288.0,838.0,521.0,766.0,4611.0,2142.0,519.0,1190.0
2020-05-05,423.0,286.0,754.0,193.0,21.0,60,286.0,824.0,541.0,754.0,4522.0,2263.0,569.0,1163.0
2020-05-04,433.0,303.0,728.0,185.0,19.0,52,303.0,780.0,567.0,728.0,4337.0,2486.0,508.0,1212.0
2020-05-03,390.0,288.0,693.0,199.0,24.0,57,288.0,816.0,544.0,693.0,4428.0,2379.0,502.0,1215.0
2020-05-02,439.0,282.0,732.0,192.0,13.0,47,282.0,813.0,552.0,732.0,4441.0,2322.0,497.0,1233.0
2020-05-01,480.0,291.0,718.0,198.0,17.0,53,291.0,804.0,546.0,718.0,4514.0,2245.0,519.0,1221.0
2020-04-30,447.0,311.0,709.0,187.0,28.0,57,311.0,797.0,546.0,709.0,4471.0,2347.0,527.0,1213.0
2020-04-29,455.0,311.0,755.0,194.0,20.0,63,311.0,835.0,500.0,755.0,4564.0,2036.0,517.0,1184.0
2020-04-28,421.0,312.0,756.0,191.0,14.0,51,312.0,772.0,563.0,756.0,4461.0,2166.0,505.0,1183.0
2020-04-27,388.0,303.0,737.0,193.0,21.0,62,303.0,790.0,578.0,737.0,4198.0,2328.0,492.0,1226.0
2020-04-26,396.0,328.0,647.0,200.0,14.0,44,328.0,815.0,519.0,647.0,4415.0,2192.0,481.0,1223.0
2020-04-25,451.0,308.0,671.0,200.0,14.0,47,308.0,833.0,520.0,671.0,4413.0,2133.0,495.0,1224.0
2020-04-24,461.0,313.0,697.0,191.0,12.0,54,313.0,838.0,507.0,697.0,4341.0,2204.0,482.0,1231.0
2020-04-23,417.0,332.0,639.0,186.0,24.0,46,332.0,780.0,532.0,639.0,4325.0,2280.0,492.0,1231.0
2020-04-22,433.0,305.0,699.0,201.0,14.0,45,305.0,892.0,465.0,699.0,4376.0,2165.0,504.0,1193.0
2020-04-21,403.0,301.0,664.0,195.0,11.0,31,301.0,859.0,508.0,664.0,4273.0,2299.0,498.0,1186.0
2020-04-20,416.0,290.0,669.0,211.0,23.0,69,290.0,795.0,566.0,669.0,4124.0,2401.0,490.0,1192.0
2020-04-19,426.0,285.0,637.0,181.0,22.0,47,285.0,767.0,595.0,637.0,4096.0,2354.0,457.0,1189.0
2020-04-18,414.0,283.0,631.0,187.0,15.0,50,283.0,819.0,545.0,631.0,4077.0,2386.0,470.0,1196.0
2020-04-17,369.0,281.0,613.0,179.0,15.0,31,281.0,746.0,620.0,613.0,4154.0,2357.0,487.0,1188.0
2020-04-16,402.0,285.0,566.0,178.0,17.0,47,285.0,710.0,650.0,566.0,4112.0,2452.0,485.0,1190.0
2020-04-15,381.0,278.0,578.0,188.0,14.0,43,278.0,754.0,585.0,578.0,4048.0,2482.0,494.0,1249.0
2020-04-14,334.0,279.0,590.0,202.0,18.0,49,279.0,714.0,616.0,590.0,4063.0,2639.0,483.0,1259.0
2020-04-13,334.0,270.0,580.0,216.0,14.0,51,270.0,757.0,561.0,580.0,4054.0,2578.0,405.0,1198.0
2020-04-12,304.0,274.0,525.0,195.0,18.0,38,274.0,742.0,555.0,525.0,3972.0,2402.0,366.0,1195.0
2020-04-11,350.0,286.0,508.0,197.0,21.0,42,286.0,754.0,542.0,508.0,3985.0,2414.0,365.0,1174.0
2020-04-10,405.0,268.0,522.0,195.0,15.0,46,268.0,761.0,557.0,522.0,3913.0,2355.0,376.0,1123.0
2020-04-09,445.0,248.0,519.0,212.0,13.0,45,248.0,711.0,607.0,519.0,3963.0,2360.0,369.0,1117.0
2020-04-08,81.0,155.0,338.0,133.0,10.0,53,155.0,837.0,577.0,338.0,4196.0,2396.0,369.0,1072.0
2020-04-07,,,,,15.0,36,,978.0,599.0,,4765.0,2347.0,383.0,1127.0
2020-04-06,,,,,12.0,58,,1034.0,549.0,,4793.0,2378.0,379.0,1125.0
2020-04-05,,,,,11.0,47,,1012.0,563.0,,4767.0,2300.0,381.0,1135.0
2020-04-04,,,,,7.0,44,,1033.0,538.0,,4845.0,2227.0,401.0,1150.0
2020-04-03,,,,,11.0,52,,1048.0,525.0,,4748.0,2335.0,377.0,1185.0
2020-04-02,,,,,6.0,35,,1037.0,517.0,,4939.0,2254.0,379.0,1156.0
2020-04-01,,,,,10.0,48,,1066.0,498.0,,4756.0,2147.0,369.0,1172.0
2020-03-31,,,,,13.0,56,,1096.0,467.0,,4347.0,2175.0,362.0,1183.0
2020-03-30,,,,,8.0,50,,1065.0,477.0,,4317.0,2214.0,328.0,1186.0
2020-03-29,,,,,6.0,41,,969.0,514.0,,4056.0,2240.0,335.0,1194.0
2020-03-28,,,,,6.0,45,,1003.0,474.0,,3976.0,1970.0,310.0,1142.0
2020-03-27,,,,,7.0,40,,989.0,461.0,,4053.0,1913.0,276.0,1081.0
2020-03-26,,,,,7.0,39,,741.0,458.0,,3815.0,1828.0,233.0,889.0
2020-03-25,,,,,4.0,46,,,,,,,,
2020-03-24,,,,,2.0,30,,,,,,,,
2020-03-23,,,,,5.0,44,,,,,,,,
2020-03-22,,,,,1.0,17,,,,,,,,
2020-03-21,,,,,1.0,19,,,,,,,,
2020-03-20,,,,,2.0,21,,,,,,,,
2020-03-19,,,,,2.0,18,,,,,,,,
2020-03-17,,,,,1.0,13,,,,,,,,
2020-03-18,,,,,,12,,,,,,,,
2020-03-16,,,,,,6,,,,,,,,
2020-03-15,,,,,,10,,,,,,,,
2020-03-14,,,,,,4,,,,,,,,
2020-03-13,,,,,,6,,,,,,,,
2020-03-12,,,,,,5,,,,,,,,
2020-03-11,,,,,,3,,,,,,,,
2020-03-09,,,,,,3,,,,,,,,
2020-03-08,,,,,,1,,,,,,,,
2020-03-06,,,,,,1,,,,,,,,
2020-03-05,,,,,,1,,,,,,,,
2020-03-04,,,,,,1,,,,,,,,
2020-03-03,,,,,,1,,,,,,,,
2020-02-28,,,,,,1,,,,,,,,
2020-02-21,,,,,,1,,,,,,,,
2020-01-04,,,,,,2,,,,,,,,
2020-01-03,,,,,,6,,,,,,,,
2020-01-02,,,,,,1,,,,,,,,
