date,Arizona_cume,Arizona
2020-12-01 00:00:00,3145,
2020-12-02 00:00:00,14680,11535
2020-12-03 00:00:00,4070,-10610
2020-12-04 00:00:00,6638,2568
2020-12-05 00:00:00,13853,7215
2020-12-06 00:00:00,11647,-2206
2020-12-07 00:00:00,13983,2336
2020-12-08 00:00:00,16050,2067
2020-12-09 00:00:00,15531,-519
2020-12-10 00:00:00,5166,-10365
2020-12-11 00:00:00,10739,5573
2020-12-12 00:00:00,21229,10490
2020-12-13 00:00:00,19751,-1478
2020-12-14 00:00:00,19674,-77
2020-12-15 00:00:00,19543,-131
2020-12-16 00:00:00,18112,-1431
2020-12-17 00:00:00,8204,-9908
2020-12-18 00:00:00,14806,6602
2020-12-19 00:00:00,19956,5150
2020-12-20 00:00:00,10847,-9109
2020-12-21 00:00:00,11186,339
2020-12-22 00:00:00,10585,-601
2020-12-23 00:00:00,7139,-3446
2020-12-24 00:00:00,5439,-1700
2020-12-25 00:00:00,9844,4405
2020-12-26 00:00:00,15520,5676
2020-12-27 00:00:00,9876,-5644
2020-12-28 00:00:00,7387,-2489
2020-12-29 00:00:00,12199,4812
2020-12-30 00:00:00,13505,1306
2020-12-31 00:00:00,6565,-6940
2021-01-01 00:00:00,10910,4345
2021-01-02 00:00:00,16743,5833
2021-01-03 00:00:00,10890,-5853
2021-01-04 00:00:00,12986,2096
2021-01-05 00:00:00,13650,664
2021-01-06 00:00:00,2345,-11305
2021-01-07 00:00:00,6519,4174
2021-01-08 00:00:00,10551,4032
2021-01-09 00:00:00,18195,7644
2021-01-10 00:00:00,11322,-6873
2021-01-11 00:00:00,14085,2763
2021-01-12 00:00:00,13186,-899
2021-01-13 00:00:00,15429,2243
2021-01-14 00:00:00,8063,-7366
2021-01-15 00:00:00,13511,5448
2021-01-16 00:00:00,20520,7009
2021-01-17 00:00:00,15698,-4822
2021-01-18 00:00:00,16140,442
2021-01-19 00:00:00,16125,-15
2021-01-20 00:00:00,16790,665
2021-01-21 00:00:00,8045,-8745
2021-01-22 00:00:00,13765,5720
2021-01-23 00:00:00,19971,6206
2021-01-24 00:00:00,15484,-4487
2021-01-25 00:00:00,16760,1276
2021-01-26 00:00:00,16212,-548
2021-01-27 00:00:00,17080,868
2021-01-28 00:00:00,8528,-8552
2021-01-29 00:00:00,13884,5356
2021-01-30 00:00:00,20571,6687
2021-01-31 00:00:00,15201,-5370
2021-02-01 00:00:00,14247,-954
2021-02-02 00:00:00,14299,52
2021-02-03 00:00:00,15404,1105
2021-02-04 00:00:00,7688,-7716
2021-02-05 00:00:00,13107,5419
2021-02-06 00:00:00,19716,6609
2021-02-07 00:00:00,14175,-5541
2021-02-08 00:00:00,14444,269
2021-02-09 00:00:00,13733,-711
2021-02-10 00:00:00,14945,1212
2021-02-11 00:00:00,7563,-7382
2021-02-12 00:00:00,13246,5683
2021-02-13 00:00:00,19427,6181
2021-02-14 00:00:00,14316,-5111
2021-02-15 00:00:00,14669,353
2021-02-16 00:00:00,14002,-667
2021-02-17 00:00:00,13955,-47
2021-02-18 00:00:00,6657,-7298
2021-02-19 00:00:00,10722,4065
2021-02-20 00:00:00,15939,5217
2021-02-21 00:00:00,13043,-2896
2021-02-22 00:00:00,12867,-176
2021-02-23 00:00:00,11765,-1102
2021-02-24 00:00:00,12413,648
2021-02-25 00:00:00,5318,-7095
2021-02-26 00:00:00,8470,3152
2021-02-27 00:00:00,13650,5180
2021-02-28 00:00:00,10688,-2962
2021-03-01 00:00:00,10569,-119
2021-03-02 00:00:00,10033,-536
2021-03-03 00:00:00,11067,1034
2021-03-04 00:00:00,5001,-6066
2021-03-05 00:00:00,10090,5089
2021-03-06 00:00:00,15172,5082
2021-03-07 00:00:00,11049,-4123
2021-03-08 00:00:00,11198,149
2021-03-09 00:00:00,10935,-263
2021-03-10 00:00:00,9313,-1622
2021-03-11 00:00:00,1326,-7987
2021-03-12 00:00:00,7685,6359
2021-03-13 00:00:00,13323,5638
2021-03-14 00:00:00,12672,-651
2021-03-15 00:00:00,13025,353
2021-03-16 00:00:00,11910,-1115
2021-03-17 00:00:00,11846,-64
2021-03-18 00:00:00,5920,-5926
2021-03-19 00:00:00,9934,4014
2021-03-20 00:00:00,16260,6326
2021-03-21 00:00:00,14252,-2008
2021-03-22 00:00:00,15161,909
2021-03-23 00:00:00,13969,-1192
2021-03-24 00:00:00,11602,-2367
2021-03-25 00:00:00,5734,-5868
2021-03-26 00:00:00,11135,5401
2021-03-27 00:00:00,18965,7830
2021-03-28 00:00:00,16121,-2844
2021-03-29 00:00:00,16605,484
2021-03-30 00:00:00,16276,-329
2021-03-31 00:00:00,17665,1389
2021-04-01 00:00:00,8019,-9646
2021-04-02 00:00:00,16872,8853
2021-04-03 00:00:00,25504,8632
2021-04-04 00:00:00,20627,-4877
2021-04-05 00:00:00,20464,-163
2021-04-06 00:00:00,19056,-1408
2021-04-07 00:00:00,20029,973
2021-04-08 00:00:00,9714,-10315
2021-04-09 00:00:00,20666,10952
2021-04-10 00:00:00,26303,5637
2021-04-11 00:00:00,23438,-2865
2021-04-12 00:00:00,20427,-3011
2021-04-13 00:00:00,20984,557
2021-04-14 00:00:00,4481,-16503
2021-04-15 00:00:00,7420,2939
2021-04-16 00:00:00,13262,5842
2021-04-17 00:00:00,24078,10816
2021-04-18 00:00:00,21586,-2492
2021-04-19 00:00:00,23472,1886
2021-04-20 00:00:00,21652,-1820
2021-04-21 00:00:00,22697,1045
2021-04-22 00:00:00,10883,-11814
2021-04-23 00:00:00,26116,15233
2021-04-24 00:00:00,34020,7904
2021-04-25 00:00:00,30944,-3076
2021-04-26 00:00:00,36353,5409
2021-04-27 00:00:00,27948,-8405
2021-04-28 00:00:00,32553,4605
2021-04-29 00:00:00,17215,-15338
2021-04-30 00:00:00,30993,13778
2021-05-01 00:00:00,40134,9141
2021-05-02 00:00:00,39749,-385
2021-05-03 00:00:00,30806,-8943
2021-05-04 00:00:00,26483,-4323
2021-05-05 00:00:00,26267,-216
2021-05-06 00:00:00,12911,-13356
2021-05-07 00:00:00,26859,13948
2021-05-08 00:00:00,38785,11926
2021-05-09 00:00:00,38002,-783
2021-05-10 00:00:00,35658,-2344
2021-05-11 00:00:00,39604,3946
2021-05-12 00:00:00,30472,-9132
2021-05-13 00:00:00,21202,-9270
2021-05-14 00:00:00,27880,6678
2021-05-15 00:00:00,45856,17976
2021-05-16 00:00:00,46439,583
2021-05-17 00:00:00,50358,3919
2021-05-18 00:00:00,49795,-563
2021-05-19 00:00:00,47140,-2655
2021-05-20 00:00:00,25862,-21278
2021-05-21 00:00:00,40115,14253
2021-05-22 00:00:00,58949,18834
2021-05-23 00:00:00,63114,4165
2021-05-24 00:00:00,62660,-454
2021-05-25 00:00:00,55400,-7260
2021-05-26 00:00:00,53353,-2047
2021-05-27 00:00:00,30099,-23254
2021-05-28 00:00:00,43231,13132
2021-05-29 00:00:00,63681,20450
2021-05-30 00:00:00,65123,1442
2021-05-31 00:00:00,60732,-4391
2021-06-01 00:00:00,50808,-9924
2021-06-02 00:00:00,53272,2464
2021-06-03 00:00:00,31278,-21994
2021-06-04 00:00:00,49823,18545
2021-06-05 00:00:00,71770,21947
2021-06-06 00:00:00,77909,6139
2021-06-07 00:00:00,76402,-1507
2021-06-08 00:00:00,67268,-9134
2021-06-09 00:00:00,59594,-7674
2021-06-10 00:00:00,21316,-38278
2021-06-11 00:00:00,50327,29011
2021-06-12 00:00:00,70437,20110
2021-06-13 00:00:00,79938,9501
2021-06-14 00:00:00,78918,-1020
2021-06-15 00:00:00,68832,-10086
2021-06-16 00:00:00,62900,-5932
2021-06-17 00:00:00,38877,-24023
2021-06-18 00:00:00,54215,15338
2021-06-19 00:00:00,72049,17834
2021-06-20 00:00:00,73114,1065
2021-06-21 00:00:00,64946,-8168
2021-06-22 00:00:00,50201,-14745
2021-06-23 00:00:00,45039,-5162
2021-06-24 00:00:00,32078,-12961
2021-06-25 00:00:00,48112,16034
2021-06-26 00:00:00,61737,13625
2021-06-27 00:00:00,65551,3814
2021-06-28 00:00:00,64275,-1276
2021-06-29 00:00:00,56224,-8051
2021-06-30 00:00:00,49154,-7070
2021-07-01 00:00:00,29098,-20056
2021-07-02 00:00:00,53249,24151
2021-07-03 00:00:00,74576,21327
2021-07-04 00:00:00,72486,-2090
2021-07-05 00:00:00,68989,-3497
2021-07-06 00:00:00,57934,-11055
2021-07-07 00:00:00,52250,-5684
2021-07-08 00:00:00,26377,-25873
2021-07-09 00:00:00,46124,19747
2021-07-10 00:00:00,60516,14392
2021-07-11 00:00:00,59426,-1090
2021-07-12 00:00:00,59615,189
2021-07-13 00:00:00,51883,-7732
2021-07-14 00:00:00,50462,-1421
2021-07-15 00:00:00,26222,-24240
2021-07-16 00:00:00,52119,25897
2021-07-17 00:00:00,67859,15740
2021-07-18 00:00:00,61267,-6592
2021-07-19 00:00:00,57825,-3442
2021-07-20 00:00:00,44952,-12873
2021-07-21 00:00:00,29200,-15752
2021-07-22 00:00:00,15297,-13903
2021-07-23 00:00:00,35780,20483
2021-07-24 00:00:00,43706,7926
2021-07-25 00:00:00,45909,2203
2021-07-26 00:00:00,47907,1998
2021-07-27 00:00:00,45279,-2628
2021-07-28 00:00:00,32068,-13211
2021-07-29 00:00:00,17544,-14524
2021-07-30 00:00:00,46533,28989
2021-07-31 00:00:00,62557,16024
2021-08-01 00:00:00,52395,-10162
2021-08-02 00:00:00,51648,-747
2021-08-03 00:00:00,44808,-6840
2021-08-04 00:00:00,39464,-5344
2021-08-05 00:00:00,16497,-22967
2021-08-06 00:00:00,39155,22658
2021-08-07 00:00:00,44803,5648
2021-08-08 00:00:00,47455,2652
2021-08-09 00:00:00,44489,-2966
2021-08-10 00:00:00,39568,-4921
2021-08-11 00:00:00,33418,-6150
2021-08-12 00:00:00,11753,-21665
2021-08-13 00:00:00,26459,14706
2021-08-14 00:00:00,40357,13898
2021-08-15 00:00:00,40440,83
2021-08-16 00:00:00,40332,-108
2021-08-17 00:00:00,37269,-3063
2021-08-18 00:00:00,30094,-7175
2021-08-19 00:00:00,16310,-13784
2021-08-20 00:00:00,28880,12570
2021-08-21 00:00:00,38494,9614
2021-08-22 00:00:00,35445,-3049
2021-08-23 00:00:00,32410,-3035
2021-08-24 00:00:00,27373,-5037
2021-08-25 00:00:00,19192,-8181
2021-08-26 00:00:00,9401,-9791
2021-08-27 00:00:00,15869,6468
2021-08-28 00:00:00,25414,9545
2021-08-29 00:00:00,24937,-477
2021-08-30 00:00:00,25504,567
2021-08-31 00:00:00,23379,-2125
2021-09-01 00:00:00,15936,-7443
2021-09-02 00:00:00,3299,-12637
2021-09-03 00:00:00,7989,4690
2021-09-04 00:00:00,12180,4191
2021-09-05 00:00:00,12848,668
2021-09-06 00:00:00,12202,-646
2021-09-07 00:00:00,9219,-2983
2021-09-08 00:00:00,8903,-316
2021-09-09 00:00:00,3243,-5660
2021-09-10 00:00:00,7703,4460
2021-09-11 00:00:00,2234,-5469
2021-09-12 00:00:00,8024,5790
2021-09-13 00:00:00,15130,7106
2021-09-14 00:00:00,13313,-1817
2021-09-15 00:00:00,9492,-3821
2021-09-16 00:00:00,2671,-6821
2021-09-17 00:00:00,6552,3881
2021-09-18 00:00:00,145,-6407
2021-09-19 00:00:00,3876,3731
2021-09-20 00:00:00,9856,5980
2021-09-21 00:00:00,7831,-2025
2021-09-22 00:00:00,5560,-2271
2021-09-23 00:00:00,1060,-4500
2021-09-24 00:00:00,2570,1510
2021-09-25 00:00:00,3707,1137
2021-09-26 00:00:00,3235,-472
2021-09-27 00:00:00,625,-2610
2021-09-28 00:00:00,83,-542
2021-09-29 00:00:00,23,-60
2021-09-30 00:00:00,8,-15
2021-10-01 00:00:00,12,4
2021-10-02 00:00:00,16,4
2021-10-03 00:00:00,21,5
2021-10-04 00:00:00,18,-3
2021-10-05 00:00:00,11,-7
2021-10-06 00:00:00,18,7
2021-10-07 00:00:00,2,-16
2021-10-08 00:00:00,2,0
2021-10-09 00:00:00,8,6
2021-10-10 00:00:00,20,12
2021-10-11 00:00:00,19,-1
2021-10-12 00:00:00,199,180
