date,Arizona_cume,Arizona
2020-12-01 00:00:00,175,
2020-12-02 00:00:00,194,19
2020-12-03 00:00:00,212,18
2020-12-04 00:00:00,219,7
2020-12-05 00:00:00,221,2
2020-12-06 00:00:00,223,2
2020-12-07 00:00:00,238,15
2020-12-08 00:00:00,249,11
2020-12-09 00:00:00,263,14
2020-12-10 00:00:00,282,19
2020-12-11 00:00:00,297,15
2020-12-12 00:00:00,308,11
2020-12-13 00:00:00,316,8
2020-12-14 00:00:00,337,21
2020-12-15 00:00:00,406,69
2020-12-16 00:00:00,1017,611
2020-12-17 00:00:00,4199,3182
2020-12-18 00:00:00,7874,3675
2020-12-19 00:00:00,10443,2569
2020-12-20 00:00:00,11496,1053
2020-12-21 00:00:00,17047,5551
2020-12-22 00:00:00,24871,7824
2020-12-23 00:00:00,34717,9846
2020-12-24 00:00:00,38587,3870
2020-12-25 00:00:00,38730,143
2020-12-26 00:00:00,45280,6550
2020-12-27 00:00:00,47948,2668
2020-12-28 00:00:00,57426,9478
2020-12-29 00:00:00,70731,13305
2020-12-30 00:00:00,85838,15107
2020-12-31 00:00:00,93833,7995
2021-01-01 00:00:00,95804,1971
2021-01-02 00:00:00,103483,7679
2021-01-03 00:00:00,106717,3234
2021-01-04 00:00:00,115549,8832
2021-01-05 00:00:00,124714,9165
2021-01-06 00:00:00,136860,12146
2021-01-07 00:00:00,149680,12820
2021-01-08 00:00:00,161812,12132
2021-01-09 00:00:00,169791,7979
2021-01-10 00:00:00,173073,3282
2021-01-11 00:00:00,188973,15900
2021-01-12 00:00:00,212314,23341
2021-01-13 00:00:00,237775,25461
2021-01-14 00:00:00,262652,24877
2021-01-15 00:00:00,288008,25356
2021-01-16 00:00:00,303858,15850
2021-01-17 00:00:00,313248,9390
2021-01-18 00:00:00,332409,19161
2021-01-19 00:00:00,359726,27317
2021-01-20 00:00:00,392048,32322
2021-01-21 00:00:00,427420,35372
2021-01-22 00:00:00,465859,38439
2021-01-23 00:00:00,494714,28855
2021-01-24 00:00:00,511001,16287
2021-01-25 00:00:00,541030,30029
2021-01-26 00:00:00,578256,37226
2021-01-27 00:00:00,618539,40283
2021-01-28 00:00:00,658909,40370
2021-01-29 00:00:00,699207,40298
2021-01-30 00:00:00,725641,26434
2021-01-31 00:00:00,737358,11717
2021-02-01 00:00:00,770287,32929
2021-02-02 00:00:00,809734,39447
2021-02-03 00:00:00,854086,44352
2021-02-04 00:00:00,901432,47346
2021-02-05 00:00:00,946146,44714
2021-02-06 00:00:00,985241,39095
2021-02-07 00:00:00,1001717,16476
2021-02-08 00:00:00,1041095,39378
2021-02-09 00:00:00,1085813,44718
2021-02-10 00:00:00,1137354,51541
2021-02-11 00:00:00,1189665,52311
2021-02-12 00:00:00,1252133,62468
2021-02-13 00:00:00,1298627,46494
2021-02-14 00:00:00,1316144,17517
2021-02-15 00:00:00,1348095,31951
2021-02-16 00:00:00,1393309,45214
2021-02-17 00:00:00,1441134,47825
2021-02-18 00:00:00,1486952,45818
2021-02-19 00:00:00,1530592,43640
2021-02-20 00:00:00,1566297,35705
2021-02-21 00:00:00,1581547,15250
2021-02-22 00:00:00,1610649,29102
2021-02-23 00:00:00,1655529,44880
2021-02-24 00:00:00,1713187,57658
2021-02-25 00:00:00,1774355,61168
2021-02-26 00:00:00,1842146,67791
2021-02-27 00:00:00,1894185,52039
2021-02-28 00:00:00,1920318,26133
2021-03-01 00:00:00,1970098,49780
2021-03-02 00:00:00,2021850,51752
2021-03-03 00:00:00,2081359,59509
2021-03-04 00:00:00,2140694,59335
2021-03-05 00:00:00,2201129,60435
2021-03-06 00:00:00,2247178,46049
2021-03-07 00:00:00,2273516,26338
2021-03-08 00:00:00,2325667,52151
2021-03-09 00:00:00,2383521,57854
2021-03-10 00:00:00,2452390,68869
2021-03-11 00:00:00,2524783,72393
2021-03-12 00:00:00,2599266,74483
2021-03-13 00:00:00,2652463,53197
2021-03-14 00:00:00,2681517,29054
2021-03-15 00:00:00,2730523,49006
2021-03-16 00:00:00,2786670,56147
2021-03-17 00:00:00,2850836,64166
2021-03-18 00:00:00,2916301,65465
2021-03-19 00:00:00,2977970,61669
2021-03-20 00:00:00,3025977,48007
2021-03-21 00:00:00,3057986,32009
2021-03-22 00:00:00,3102927,44941
2021-03-23 00:00:00,3153032,50105
2021-03-24 00:00:00,3217900,64868
2021-03-25 00:00:00,3290923,73023
2021-03-26 00:00:00,3362883,71960
2021-03-27 00:00:00,3417032,54149
2021-03-28 00:00:00,3455845,38813
2021-03-29 00:00:00,3518586,62741
2021-03-30 00:00:00,3587277,68691
2021-03-31 00:00:00,3666042,78765
2021-04-01 00:00:00,3745289,79247
2021-04-02 00:00:00,3815638,70349
2021-04-03 00:00:00,3865939,50301
2021-04-04 00:00:00,3887211,21272
2021-04-05 00:00:00,3946699,59488
2021-04-06 00:00:00,4013888,67189
2021-04-07 00:00:00,4090224,76336
2021-04-08 00:00:00,4168069,77845
2021-04-09 00:00:00,4239634,71565
2021-04-10 00:00:00,4289407,49773
2021-04-11 00:00:00,4320663,31256
2021-04-12 00:00:00,4373859,53196
2021-04-13 00:00:00,4424591,50732
2021-04-14 00:00:00,4485231,60640
2021-04-15 00:00:00,4550248,65017
2021-04-16 00:00:00,4613863,63615
2021-04-17 00:00:00,4657053,43190
2021-04-18 00:00:00,4687118,30065
2021-04-19 00:00:00,4740418,53300
2021-04-20 00:00:00,4795740,55322
2021-04-21 00:00:00,4858323,62583
2021-04-22 00:00:00,4921349,63026
2021-04-23 00:00:00,4980251,58902
2021-04-24 00:00:00,5020331,40080
2021-04-25 00:00:00,5046164,25833
2021-04-26 00:00:00,5093223,47059
2021-04-27 00:00:00,5142878,49655
2021-04-28 00:00:00,5193121,50243
2021-04-29 00:00:00,5239469,46348
2021-04-30 00:00:00,5285236,45767
2021-05-01 00:00:00,5312871,27635
2021-05-02 00:00:00,5334045,21174
2021-05-03 00:00:00,5364470,30425
2021-05-04 00:00:00,5404029,39559
2021-05-05 00:00:00,5439635,35606
2021-05-06 00:00:00,5477584,37949
2021-05-07 00:00:00,5516323,38739
2021-05-08 00:00:00,5543155,26832
2021-05-09 00:00:00,5556055,12900
2021-05-10 00:00:00,5582288,26233
2021-05-11 00:00:00,5608742,26454
2021-05-12 00:00:00,5639505,30763
2021-05-13 00:00:00,5679221,39716
2021-05-14 00:00:00,5719318,40097
2021-05-15 00:00:00,5750280,30962
2021-05-16 00:00:00,5767284,17004
2021-05-17 00:00:00,5799797,32513
2021-05-18 00:00:00,5827718,27921
2021-05-19 00:00:00,5864049,36331
2021-05-20 00:00:00,5894935,30886
2021-05-21 00:00:00,5928913,33978
2021-05-22 00:00:00,5954989,26076
2021-05-23 00:00:00,5965853,10864
2021-05-24 00:00:00,5988515,22662
2021-05-25 00:00:00,6010134,21619
2021-05-26 00:00:00,6033581,23447
2021-05-27 00:00:00,6055130,21549
2021-05-28 00:00:00,6079180,24050
2021-05-29 00:00:00,6092419,13239
2021-05-30 00:00:00,6099822,7403
2021-05-31 00:00:00,6104280,4458
2021-06-01 00:00:00,6125127,20847
2021-06-02 00:00:00,6145525,20398
2021-06-03 00:00:00,6168950,23425
2021-06-04 00:00:00,6195223,26273
2021-06-05 00:00:00,6215876,20653
2021-06-06 00:00:00,6225582,9706
2021-06-07 00:00:00,6245588,20006
2021-06-08 00:00:00,6264621,19033
2021-06-09 00:00:00,6285069,20448
2021-06-10 00:00:00,6305668,20599
2021-06-11 00:00:00,6331156,25488
2021-06-12 00:00:00,6348010,16854
2021-06-13 00:00:00,6356025,8015
2021-06-14 00:00:00,6373679,17654
2021-06-15 00:00:00,6389928,16249
2021-06-16 00:00:00,6406510,16582
2021-06-17 00:00:00,6422616,16106
2021-06-18 00:00:00,6441561,18945
2021-06-19 00:00:00,6452689,11128
2021-06-20 00:00:00,6458412,5723
2021-06-21 00:00:00,6469980,11568
2021-06-22 00:00:00,6483930,13950
2021-06-23 00:00:00,6499074,15144
2021-06-24 00:00:00,6513290,14216
2021-06-25 00:00:00,6529524,16234
2021-06-26 00:00:00,6539451,9927
2021-06-27 00:00:00,6545368,5917
2021-06-28 00:00:00,6557204,11836
2021-06-29 00:00:00,6569108,11904
2021-06-30 00:00:00,6582108,13000
2021-07-01 00:00:00,6594652,12544
2021-07-02 00:00:00,6607963,13311
2021-07-03 00:00:00,6615644,7681
2021-07-04 00:00:00,6616966,1322
2021-07-05 00:00:00,6626264,9298
2021-07-06 00:00:00,6637191,10927
2021-07-07 00:00:00,6648377,11186
2021-07-08 00:00:00,6659413,11036
2021-07-09 00:00:00,6674512,15099
2021-07-10 00:00:00,6684364,9852
2021-07-11 00:00:00,6689363,4999
2021-07-12 00:00:00,6700415,11052
2021-07-13 00:00:00,6710436,10021
2021-07-14 00:00:00,6720981,10545
2021-07-15 00:00:00,6731599,10618
2021-07-16 00:00:00,6745224,13625
2021-07-17 00:00:00,6753680,8456
2021-07-18 00:00:00,6758995,5315
2021-07-19 00:00:00,6771343,12348
2021-07-20 00:00:00,6783012,11669
2021-07-21 00:00:00,6795801,12789
2021-07-22 00:00:00,6808737,12936
2021-07-23 00:00:00,6824596,15859
2021-07-24 00:00:00,6835194,10598
2021-07-25 00:00:00,6841847,6653
2021-07-26 00:00:00,6855691,13844
2021-07-27 00:00:00,6869605,13914
2021-07-28 00:00:00,6884180,14575
2021-07-29 00:00:00,6898373,14193
2021-07-30 00:00:00,6917583,19210
2021-07-31 00:00:00,6930684,13101
2021-08-01 00:00:00,6938177,7493
2021-08-02 00:00:00,6953013,14836
2021-08-03 00:00:00,6966640,13627
2021-08-04 00:00:00,6980966,14326
2021-08-05 00:00:00,6995028,14062
2021-08-06 00:00:00,7014628,19600
2021-08-07 00:00:00,7027708,13080
2021-08-08 00:00:00,7035387,7679
2021-08-09 00:00:00,7050678,15291
2021-08-10 00:00:00,7064887,14209
2021-08-11 00:00:00,7079029,14142
2021-08-12 00:00:00,7094121,15092
2021-08-13 00:00:00,7114586,20465
2021-08-14 00:00:00,7128436,13850
2021-08-15 00:00:00,7136953,8517
2021-08-16 00:00:00,7153886,16933
2021-08-17 00:00:00,7170016,16130
2021-08-18 00:00:00,7186696,16680
2021-08-19 00:00:00,7202054,15358
2021-08-20 00:00:00,7221909,19855
2021-08-21 00:00:00,7235663,13754
2021-08-22 00:00:00,7243699,8036
2021-08-23 00:00:00,7260387,16688
2021-08-24 00:00:00,7276394,16007
2021-08-25 00:00:00,7292458,16064
2021-08-26 00:00:00,7307979,15521
2021-08-27 00:00:00,7328303,20324
2021-08-28 00:00:00,7341461,13158
2021-08-29 00:00:00,7349512,8051
2021-08-30 00:00:00,7364791,15279
2021-08-31 00:00:00,7377839,13048
2021-09-01 00:00:00,7391689,13850
2021-09-02 00:00:00,7402846,11157
2021-09-03 00:00:00,7420878,18032
2021-09-04 00:00:00,7431395,10517
2021-09-05 00:00:00,7437905,6510
2021-09-06 00:00:00,7440223,2318
2021-09-07 00:00:00,7453694,13471
2021-09-08 00:00:00,7466537,12843
2021-09-09 00:00:00,7477178,10641
2021-09-10 00:00:00,7493716,16538
2021-09-11 00:00:00,7504428,10712
2021-09-12 00:00:00,7510948,6520
2021-09-13 00:00:00,7524176,13228
2021-09-14 00:00:00,7536159,11983
2021-09-15 00:00:00,7543300,7141
2021-09-16 00:00:00,7552847,9547
2021-09-17 00:00:00,7567921,15074
2021-09-18 00:00:00,7577342,9421
2021-09-19 00:00:00,7582667,5325
2021-09-20 00:00:00,7589395,6728
2021-09-21 00:00:00,7598390,8995
2021-09-22 00:00:00,7601704,3314
