date,Apache_cume,Apache
1/1/2021,1,
1/11/2021,3,2
1/12/2021,5,2
1/13/2021,7,2
1/14/2021,10,3
1/15/2021,141,131
1/16/2021,142,1
1/18/2021,144,2
1/19/2021,215,71
1/20/2021,566,351
1/21/2021,736,170
1/22/2021,801,65
1/23/2021,802,1
1/25/2021,803,1
1/26/2021,813,10
1/27/2021,872,59
1/28/2021,998,126
1/29/2021,1226,228
1/3/2021,1277,51
1/30/2021,1287,10
1/31/2021,1377,90
1/4/2021,1572,195
1/5/2021,1730,158
1/6/2021,2095,365
1/7/2021,2176,81
1/8/2021,2197,21
1/9/2021,2267,70
12/16/2020,2457,190
12/17/2020,2689,232
12/21/2020,3045,356
12/22/2020,3391,346
12/23/2020,3421,30
12/24/2020,3741,320
12/26/2020,4060,319
12/28/2020,4368,308
12/29/2020,4824,456
12/30/2020,4949,125
12/31/2020,4950,1
12/8/2020,4956,6
2/1/2021,5157,201
2/10/2021,5342,185
2/11/2021,5725,383
2/12/2021,6341,616
2/13/2021,6666,325
2/15/2021,6708,42
2/16/2021,6709,1
2/17/2021,6919,210
2/18/2021,7166,247
2/19/2021,7911,745
2/2/2021,8738,827
2/20/2021,9023,285
2/21/2021,9092,69
2/22/2021,9183,91
2/23/2021,9496,313
2/24/2021,9911,415
2/25/2021,10400,489
2/26/2021,10746,346
2/27/2021,10790,44
2/28/2021,10799,9
2/3/2021,11139,340
2/4/2021,11417,278
2/5/2021,11657,240
2/6/2021,12346,689
2/7/2021,12561,215
2/8/2021,12587,26
2/9/2021,12599,12
3/1/2021,13013,414
3/10/2021,13232,219
3/11/2021,13803,571
3/12/2021,14186,383
3/13/2021,14571,385
3/14/2021,14594,23
3/15/2021,14604,10
3/16/2021,14878,274
3/17/2021,15182,304
3/18/2021,15966,784
3/19/2021,16424,458
3/2/2021,16684,260
3/20/2021,16748,64
3/21/2021,16764,16
3/22/2021,16986,222
3/23/2021,17399,413
3/24/2021,17657,258
3/25/2021,17896,239
3/26/2021,18049,153
3/27/2021,18077,28
3/28/2021,18108,31
3/29/2021,18363,255
3/3/2021,18567,204
3/30/2021,18976,409
3/31/2021,19202,226
3/4/2021,19331,129
3/5/2021,19345,14
3/6/2021,19379,34
3/7/2021,19577,198
3/8/2021,19765,188
3/9/2021,19964,199
4/1/2021,20150,186
4/10/2021,20315,165
4/11/2021,20375,60
4/12/2021,20386,11
4/13/2021,20567,181
4/14/2021,20768,201
4/15/2021,20947,179
4/16/2021,21110,163
4/17/2021,21232,122
4/18/2021,21447,215
4/19/2021,21472,25
4/2/2021,21634,162
4/20/2021,21776,142
4/21/2021,21906,130
4/22/2021,22032,126
4/23/2021,22144,112
4/24/2021,22157,13
4/25/2021,22179,22
4/26/2021,22294,115
4/27/2021,22395,101
4/28/2021,22479,84
4/29/2021,22578,99
4/3/2021,22649,71
4/30/2021,22688,39
4/4/2021,22701,13
4/5/2021,22766,65
4/6/2021,22873,107
4/7/2021,22974,101
4/8/2021,23078,104
4/9/2021,23135,57
5/1/2021,23177,42
5/10/2021,23187,10
5/11/2021,23247,60
5/12/2021,23350,103
5/13/2021,23408,58
5/14/2021,23457,49
5/15/2021,23523,66
5/16/2021,23563,40
5/17/2021,23572,9
5/18/2021,23626,54
5/19/2021,23717,91
5/2/2021,23794,77
5/20/2021,23939,145
5/21/2021,24130,191
5/22/2021,24549,419
5/23/2021,24560,11
5/24/2021,24810,250
5/25/2021,25047,237
5/26/2021,25224,177
5/27/2021,25358,134
5/28/2021,25431,73
5/29/2021,25493,62
5/3/2021,25498,5
5/30/2021,25602,104
5/4/2021,25734,132
5/5/2021,25846,112
5/6/2021,25934,88
5/7/2021,26004,70
5/8/2021,26033,29
5/9/2021,26047,14
6/1/2021,26127,80
6/10/2021,26221,94
6/11/2021,26311,90
6/12/2021,26503,192
6/13/2021,26847,344
6/14/2021,26857,10
6/15/2021,27119,262
6/16/2021,27417,298
6/17/2021,27636,219
6/18/2021,27727,91
6/19/2021,27828,101
6/2/2021,27863,35
6/20/2021,27867,4
6/21/2021,27985,118
6/22/2021,28107,122
6/23/2021,28229,122
6/24/2021,28310,81
6/25/2021,28368,58
6/26/2021,28410,42
6/27/2021,28420,10
6/28/2021,28505,85
6/29/2021,28601,96
6/3/2021,28695,94
6/30/2021,28761,66
6/4/2021,28829,68
6/5/2021,28871,42
6/6/2021,28882,11
6/7/2021,28969,87
6/8/2021,29067,98
6/9/2021,29169,102
7/1/2021,29234,65
7/10/2021,29309,75
7/11/2021,29333,24
7/12/2021,29353,20
7/13/2021,29448,95
7/14/2021,29517,69
7/15/2021,29587,70
7/16/2021,29640,53
7/17/2021,29653,13
7/18/2021,29664,11
7/19/2021,29748,84
7/2/2021,29826,78
7/20/2021,29914,88
7/21/2021,29971,57
7/22/2021,30062,91
7/23/2021,30083,21
7/24/2021,30092,9
7/25/2021,30144,52
7/26/2021,30214,70
7/27/2021,30287,73
7/28/2021,30356,69
7/29/2021,30473,117
7/3/2021,30499,26
7/30/2021,30515,16
7/31/2021,30600,85
7/5/2021,30706,106
7/6/2021,30823,117
7/7/2021,30921,98
7/8/2021,31008,87
7/9/2021,31041,33
8/1/2021,31061,20
8/10/2021,31176,115
8/11/2021,31316,140
8/12/2021,31420,104
8/13/2021,31489,69
8/14/2021,31590,101
8/15/2021,31608,18
8/16/2021,31625,17
8/17/2021,31758,133
8/18/2021,31855,97
8/19/2021,31970,115
8/2/2021,32045,75
8/20/2021,32167,122
8/21/2021,32195,28
8/22/2021,32221,26
8/23/2021,32335,114
8/24/2021,32448,113
8/25/2021,32564,116
8/26/2021,32666,102
8/27/2021,32788,122
8/28/2021,32808,20
8/29/2021,32822,14
8/3/2021,32940,118
8/30/2021,33040,100
8/31/2021,33147,107
8/4/2021,33259,112
8/5/2021,33375,116
8/6/2021,33400,25
8/7/2021,33413,13
8/8/2021,33492,79
8/9/2021,33580,88
9/1/2021,33673,93
9/2/2021,33746,73
9/3/2021,33804,58
