date,Maricopa_cume,Maricopa
2020-12-01,194,
2020-12-02,213,19
2020-12-03,225,12
2020-12-04,231,6
2020-12-05,233,2
2020-12-07,243,10
2020-12-08,253,10
2020-12-09,262,9
2020-12-10,278,16
2020-12-11,285,7
2020-12-12,293,8
2020-12-13,303,10
2020-12-14,319,16
2020-12-15,361,42
2020-12-16,422,61
2020-12-17,1692,1270
2020-12-18,3381,1689
2020-12-19,5053,1672
2020-12-20,6072,1019
2020-12-21,9304,3232
2020-12-22,13458,4154
2020-12-23,18261,4803
2020-12-24,19834,1573
2020-12-25,19840,6
2020-12-26,24873,5033
2020-12-27,27136,2263
2020-12-28,32375,5239
2020-12-29,40231,7856
2020-12-30,48895,8664
2020-12-31,52975,4080
2021-01-01,54704,1729
2021-01-02,60865,6161
2021-01-03,63467,2602
2021-01-04,68214,4747
2021-01-05,72600,4386
2021-01-06,77570,4970
2021-01-07,82966,5396
2021-01-08,87602,4636
2021-01-09,92285,4683
2021-01-10,94930,2645
2021-01-11,104625,9695
2021-01-12,120720,16095
2021-01-13,138149,17429
2021-01-14,155001,16852
2021-01-15,170495,15494
2021-01-16,182106,11611
2021-01-17,190542,8436
2021-01-18,203403,12861
2021-01-19,221139,17736
2021-01-20,240170,19031
2021-01-21,260222,20052
2021-01-22,282532,22310
2021-01-23,301628,19096
2021-01-24,314053,12425
2021-01-25,330455,16402
2021-01-26,352823,22368
2021-01-27,373386,20563
2021-01-28,392526,19140
2021-01-29,414237,21711
2021-01-30,429951,15714
2021-01-31,438108,8157
2021-02-01,456999,18891
2021-02-02,479523,22524
2021-02-03,501881,22358
2021-02-04,527382,25501
2021-02-05,550402,23020
2021-02-06,574659,24257
2021-02-07,587632,12973
2021-02-08,611566,23934
2021-02-09,639232,27666
2021-02-10,665706,26474
2021-02-11,692476,26770
2021-02-12,728471,35995
2021-02-13,756939,28468
2021-02-14,770357,13418
2021-02-15,790199,19842
2021-02-16,818166,27967
2021-02-17,847018,28852
2021-02-18,875620,28602
2021-02-19,904565,28945
2021-02-20,930301,25736
2021-02-21,943611,13310
2021-02-22,962820,19209
2021-02-23,991945,29125
2021-02-24,1023346,31401
2021-02-25,1053448,30102
2021-02-26,1090442,36994
2021-02-27,1121218,30776
2021-02-28,1138886,17668
2021-03-01,1166462,27576
2021-03-02,1194590,28128
2021-03-03,1224765,30175
2021-03-04,1255954,31189
2021-03-05,1288381,32427
2021-03-06,1315937,27556
2021-03-07,1333651,17714
2021-03-08,1363610,29959
2021-03-09,1395674,32064
2021-03-10,1431314,35640
2021-03-11,1468410,37096
2021-03-12,1510103,41693
2021-03-13,1541757,31654
2021-03-14,1561834,20077
2021-03-15,1590340,28506
2021-03-16,1621681,31341
2021-03-17,1658131,36450
2021-03-18,1694646,36515
2021-03-19,1729463,34817
2021-03-20,1761609,32146
2021-03-21,1783971,22362
2021-03-22,1810579,26608
2021-03-23,1837790,27211
2021-03-24,1874321,36531
2021-03-25,1915798,41477
2021-03-26,1956619,40821
2021-03-27,1992483,35864
2021-03-28,2020051,27568
2021-03-29,2059474,39423
2021-03-30,2100047,40573
2021-03-31,2145439,45392
2021-04-01,2194425,48986
2021-04-02,2237114,42689
2021-04-03,2269294,32180
2021-04-04,2281861,12567
2021-04-05,2317040,35179
2021-04-06,2356366,39326
2021-04-07,2400893,44527
2021-04-08,2446648,45755
2021-04-09,2488087,41439
2021-04-10,2520287,32200
2021-04-11,2542802,22515
2021-04-12,2574159,31357
2021-04-13,2604996,30837
2021-04-14,2639671,34675
2021-04-15,2676984,37313
2021-04-16,2713742,36758
2021-04-17,2742258,28516
2021-04-18,2763689,21431
2021-04-19,2796529,32840
2021-04-20,2830193,33664
2021-04-21,2868134,37941
2021-04-22,2906296,38162
2021-04-23,2940330,34034
2021-04-24,2964813,24483
2021-04-25,2982529,17716
2021-04-26,3009472,26943
2021-04-27,3036836,27364
2021-04-28,3064891,28055
2021-04-29,3090859,25968
2021-04-30,3117090,26231
2021-05-01,3136014,18924
2021-05-02,3151670,15656
2021-05-03,3168482,16812
2021-05-04,3192652,24170
2021-05-05,3211864,19212
2021-05-06,3234899,23035
2021-05-07,3258948,24049
2021-05-08,3277867,18919
2021-05-09,3287419,9552
2021-05-10,3303622,16203
2021-05-11,3320702,17080
2021-05-12,3339223,18521
2021-05-13,3363872,24649
2021-05-14,3388453,24581
2021-05-15,3408479,20026
2021-05-16,3420539,12060
2021-05-17,3440295,19756
2021-05-18,3457798,17503
2021-05-19,3481371,23573
2021-05-20,3500768,19397
2021-05-21,3522467,21699
2021-05-22,3540109,17642
2021-05-23,3547819,7710
2021-05-24,3562243,14424
2021-05-25,3575206,12963
2021-05-26,3589537,14331
2021-05-27,3602665,13128
2021-05-28,3617290,14625
2021-05-29,3626748,9458
2021-05-30,3632079,5331
2021-05-31,3635048,2969
2021-06-01,3648459,13411
2021-06-02,3660255,11796
2021-06-03,3674737,14482
2021-06-04,3690963,16226
2021-06-05,3704725,13762
2021-06-06,3711480,6755
2021-06-07,3723601,12121
2021-06-08,3735191,11590
2021-06-09,3746732,11541
2021-06-10,3759824,13092
2021-06-11,3776265,16441
2021-06-12,3787816,11551
2021-06-13,3793576,5760
2021-06-14,3804300,10724
2021-06-15,3814591,10291
2021-06-16,3824831,10240
2021-06-17,3834413,9582
2021-06-18,3846351,11938
2021-06-19,3853793,7442
2021-06-20,3857775,3982
2021-06-21,3864807,7032
2021-06-22,3872740,7933
2021-06-23,3881076,8336
2021-06-24,3888796,7720
2021-06-25,3898598,9802
2021-06-26,3905483,6885
2021-06-27,3909657,4174
2021-06-28,3917083,7426
2021-06-29,3924215,7132
2021-06-30,3931358,7143
2021-07-01,3938568,7210
2021-07-02,3946803,8235
2021-07-03,3952021,5218
2021-07-04,3952894,873
2021-07-05,3959201,6307
2021-07-06,3965793,6592
2021-07-07,3972431,6638
2021-07-08,3978886,6455
2021-07-09,3989067,10181
2021-07-10,3996322,7255
2021-07-11,3999985,3663
2021-07-12,4006808,6823
2021-07-13,4012802,5994
2021-07-14,4018906,6104
2021-07-15,4024994,6088
2021-07-16,4033295,8301
2021-07-17,4038856,5561
2021-07-18,4042507,3651
2021-07-19,4050446,7939
2021-07-20,4057538,7092
2021-07-21,4065405,7867
2021-07-22,4073423,8018
2021-07-23,4083476,10053
2021-07-24,4090656,7180
2021-07-25,4095351,4695
2021-07-26,4104122,8771
2021-07-27,4112600,8478
2021-07-28,4121194,8594
2021-07-29,4129856,8662
2021-07-30,4142572,12716
2021-07-31,4151337,8765
2021-08-01,4156942,5605
2021-08-02,4166354,9412
2021-08-03,4174663,8309
2021-08-04,4183412,8749
2021-08-05,4191940,8528
2021-08-06,4203861,11921
2021-08-07,4212799,8938
2021-08-08,4218182,5383
2021-08-09,4227602,9420
2021-08-10,4236297,8695
2021-08-11,4245123,8826
2021-08-12,4254408,9285
2021-08-13,4266367,11959
2021-08-14,4275895,9528
2021-08-15,4281792,5897
2021-08-16,4292433,10641
2021-08-17,4302468,10035
2021-08-18,4312488,10020
2021-08-19,4322210,9722
2021-08-20,4335195,12985
2021-08-21,4344378,9183
2021-08-22,4349952,5574
2021-08-23,4360473,10521
2021-08-24,4370240,9767
2021-08-25,4379983,9743
2021-08-26,4389566,9583
2021-08-27,4402329,12763
2021-08-28,4412370,10041
2021-08-29,4417984,5614
2021-08-30,4427960,9976
2021-08-31,4436903,8943
2021-09-01,4446792,9889
2021-09-02,4455057,8265
2021-09-03,4466540,11483
2021-09-04,4474115,7575
2021-09-05,4478975,4860
2021-09-06,4480510,1535
2021-09-07,4489486,8976
2021-09-08,4497824,8338
2021-09-09,4505702,7878
2021-09-10,4516696,10994
2021-09-11,4524547,7851
2021-09-12,4529085,4538
2021-09-13,4537941,8856
2021-09-14,4545699,7758
2021-09-15,4552531,6832
2021-09-16,4559483,6952
2021-09-17,4569247,9764
2021-09-18,4576358,7111
2021-09-19,4580283,3925
2021-09-20,4587139,6856
2021-09-21,4594217,7078
2021-09-22,4601580,7363
2021-09-23,4608784,7204
2021-09-24,4623001,14217
2021-09-25,4634122,11121
2021-09-26,4640383,6261
2021-09-27,4655819,15436
2021-09-28,4670990,15171
2021-09-29,4686195,15205
2021-09-30,4701257,15062
2021-10-01,4718614,17357
2021-10-02,4727768,9154
2021-10-03,4733357,5589
2021-10-04,4747038,13681
2021-10-05,4760386,13348
2021-10-06,4772715,12329
2021-10-07,4784589,11874
2021-10-08,4797695,13106
2021-10-09,4805768,8073
2021-10-10,4811028,5260
2021-10-11,4823589,12561
2021-10-12,4833561,9972
2021-10-13,4844481,10920
2021-10-14,4855810,11329
2021-10-15,4868703,12893
2021-10-16,4875924,7221
2021-10-17,4880687,4763
2021-10-18,4892219,11532
2021-10-19,4902751,10532
2021-10-20,4913374,10623
2021-10-21,4923181,9807
2021-10-22,4937742,14561
2021-10-23,4946953,9211
2021-10-24,4952918,5965
2021-10-25,4967784,14866
2021-10-26,4981725,13941
2021-10-27,4995798,14073
2021-10-28,5008808,13010
2021-10-29,5024286,15478
2021-10-30,5032376,8090
2021-10-31,5037453,5077
2021-11-01,5051336,13883
2021-11-02,5063994,12658
2021-11-03,5075974,11980
2021-11-04,5089137,13163
2021-11-05,5105715,16578
2021-11-06,5119210,13495
2021-11-07,5125803,6593
2021-11-08,5140411,14608
2021-11-09,5154539,14128
2021-11-10,5170398,15859
2021-11-11,5185989,15591
2021-11-12,5202884,16895
2021-11-13,5216451,13567
2021-11-14,5222611,6160
2021-11-15,5238204,15593
2021-11-16,5252577,14373
2021-11-17,5268398,15821
2021-11-18,5284323,15925
2021-11-19,5303310,18987
2021-11-20,5318589,15279
2021-11-21,5326173,7584
2021-11-22,5344505,18332
2021-11-23,5362561,18056
2021-11-24,5379180,16619
2021-11-25,5379336,156
2021-11-26,5393592,14256
2021-11-27,5404517,10925
2021-11-28,5412303,7786
2021-11-29,5429700,17397
2021-11-30,5447365,17665
2021-12-01,5468209,20844
2021-12-02,5487890,19681
2021-12-03,5510456,22566
2021-12-04,5529406,18950
2021-12-05,5537522,8116
2021-12-06,5557199,19677
2021-12-07,5576525,19326
2021-12-08,5596144,19619
2021-12-09,5616261,20117
2021-12-10,5636905,20644
2021-12-11,5652038,15133
2021-12-12,5659323,7285
2021-12-13,5675641,16318
2021-12-14,5690641,15000
2021-12-15,5708015,17374
2021-12-16,5724922,16907
2021-12-17,5743657,18735
2021-12-18,5755881,12224
2021-12-19,5763591,7710
2021-12-20,5781970,18379
2021-12-21,5799920,17950
2021-12-22,5817439,17519
2021-12-23,5832325,14886
2021-12-24,5836593,4268
2021-12-25,5836631,38
2021-12-26,5842733,6102
2021-12-27,5859249,16516
2021-12-28,5875179,15930
2021-12-29,5890957,15778
2021-12-30,5905652,14695
2021-12-31,5912122,6470
2022-01-01,5913147,1025
2022-01-02,5918684,5537
2022-01-03,5932902,14218
2022-01-04,5946629,13727
2022-01-05,5961774,15145
2022-01-06,5976868,15094
2022-01-07,5994198,17330
2022-01-08,6005902,11704
2022-01-09,6011702,5800
2022-01-10,6025339,13637
2022-01-11,6038623,13284
2022-01-12,6052229,13606
2022-01-13,6065224,12995
2022-01-14,6079865,14641
2022-01-15,6088617,8752
2022-01-16,6093274,4657
2022-01-17,6103023,9749
2022-01-18,6113626,10603
2022-01-19,6124775,11149
2022-01-20,6135437,10662
2022-01-21,6147091,11654
2022-01-22,6154329,7238
2022-01-23,6158481,4152
2022-01-24,6168006,9525
2022-01-25,6176523,8517
2022-01-26,6185266,8743
2022-01-27,6193593,8327
2022-01-28,6203604,10011
2022-01-29,6210216,6612
2022-01-30,6213655,3439
2022-01-31,6221035,7380
2022-02-01,6227367,6332
2022-02-02,6234336,6969
2022-02-03,6240742,6406
2022-02-04,6248438,7696
2022-02-05,6253250,4812
2022-02-06,6256132,2882
2022-02-07,6257982,1850
