date,Arizona,Arizona_cum,StatePODs,StatePODs_cum
2021-04-28 00:00:00,27181,4970037,9000.0,1434879.0
2021-04-27 00:00:00,38400,4942856,9881.0,1425879.0
2021-04-26 00:00:00,34841,4904456,10895.0,1415998.0
2021-04-25 00:00:00,23810,4869615,12908.0,1405103.0
2021-04-24 00:00:00,35189,4845805,13855.0,1392195.0
2021-04-23 00:00:00,52889,4810616,16850.0,1378340.0
2021-04-22 00:00:00,58638,4757727,17884.0,1361490.0
2021-04-21 00:00:00,57030,4699089,16502.0,1343606.0
2021-04-20 00:00:00,51982,4642059,16562.0,1327104.0
2021-04-19 00:00:00,51074,4590077,16500.0,1310542.0
2021-04-18 00:00:00,29074,4539003,15771.0,1294042.0
2021-04-17 00:00:00,41817,4509929,16624.0,1278271.0
2021-04-16 00:00:00,61586,4468112,17750.0,1261647.0
2021-04-15 00:00:00,62994,4406526,17045.0,1243897.0
2021-04-14 00:00:00,59072,4343532,16564.0,1226852.0
2021-04-13 00:00:00,49444,4284460,14773.0,1210288.0
2021-04-12 00:00:00,50896,4235016,13268.0,1195515.0
2021-04-11 00:00:00,30536,4184120,16818.0,1182247.0
2021-04-10 00:00:00,47137,4153584,17694.0,1165429.0
2021-04-09 00:00:00,68137,4106447,18209.0,1147735.0
2021-04-08 00:00:00,73326,4038310,16987.0,1129526.0
2021-04-07 00:00:00,73141,3964984,18041.0,1112539.0
2021-04-06 00:00:00,64354,3891843,16628.0,1094498.0
2021-04-05 00:00:00,57062,3827489,16487.0,1077870.0
2021-04-04 00:00:00,20847,3770427,10408.0,1061383.0
2021-04-03 00:00:00,48229,3749580,23324.0,1050975.0
2021-04-02 00:00:00,67509,3701351,24774.0,1027651.0
2021-04-01 00:00:00,73163,3633842,24093.0,1002877.0
2021-03-31 00:00:00,75546,3560679,24419.0,978784.0
2021-03-30 00:00:00,66117,3485133,24236.0,954365.0
2021-03-29 00:00:00,59783,3419016,24129.0,930129.0
2021-03-28 00:00:00,37703,3359233,22845.0,906000.0
2021-03-27 00:00:00,52532,3321530,22584.0,883155.0
2021-03-26 00:00:00,69520,3268998,23049.0,860571.0
2021-03-25 00:00:00,70546,3199478,22028.0,837522.0
2021-03-24 00:00:00,62918,3128932,19058.0,815494.0
2021-03-23 00:00:00,48402,3066014,12943.0,796436.0
2021-03-22 00:00:00,42816,3017612,12899.0,783493.0
2021-03-21 00:00:00,30892,2974796,17062.0,770594.0
2021-03-20 00:00:00,46352,2943904,17703.0,753532.0
2021-03-19 00:00:00,59480,2897552,17467.0,735829.0
2021-03-18 00:00:00,62481,2838072,16473.0,718362.0
2021-03-17 00:00:00,62048,2775591,16715.0,701889.0
2021-03-16 00:00:00,54194,2713543,14687.0,685174.0
2021-03-15 00:00:00,46857,2659349,13741.0,670487.0
2021-03-14 00:00:00,28715,2612492,16102.0,656746.0
2021-03-13 00:00:00,51232,2583777,17896.0,640644.0
2021-03-12 00:00:00,72879,2532545,16837.0,622748.0
2021-03-11 00:00:00,70037,2459666,17634.0,605911.0
2021-03-10 00:00:00,67010,2389629,16903.0,588277.0
2021-03-09 00:00:00,56611,2322619,16195.0,571374.0
2021-03-08 00:00:00,50867,2266008,16645.0,555179.0
2021-03-07 00:00:00,26010,2215141,16283.0,538534.0
2021-03-06 00:00:00,44535,2189131,16442.0,522251.0
2021-03-05 00:00:00,58196,2144596,16393.0,505809.0
2021-03-04 00:00:00,57586,2086400,15922.0,489416.0
2021-03-03 00:00:00,58489,2028814,15403.0,473494.0
2021-03-02 00:00:00,50423,1970325,14456.0,458091.0
2021-03-01 00:00:00,45176,1919902,12849.0,443635.0
2021-02-28 00:00:00,25475,1874726,15591.0,430786.0
2021-02-27 00:00:00,51701,1849251,15108.0,415195.0
2021-02-26 00:00:00,66650,1797550,13993.0,400087.0
2021-02-25 00:00:00,60179,1730900,13365.0,386094.0
2021-02-24 00:00:00,56523,1670721,13717.0,372729.0
2021-02-23 00:00:00,44009,1614198,12732.0,359012.0
2021-02-22 00:00:00,27825,1570189,11778.0,346280.0
2021-02-21 00:00:00,14852,1542364,10822.0,334502.0
2021-02-20 00:00:00,34945,1527512,11256.0,323680.0
2021-02-19 00:00:00,42140,1492567,10223.0,312424.0
2021-02-18 00:00:00,44340,1450427,9843.0,302201.0
2021-02-17 00:00:00,46754,1406087,10555.0,292358.0
2021-02-16 00:00:00,44352,1359333,11079.0,281803.0
2021-02-15 00:00:00,31162,1314981,11030.0,270724.0
2021-02-14 00:00:00,17310,1283819,10228.0,259694.0
2021-02-13 00:00:00,45547,1266509,10477.0,249466.0
2021-02-12 00:00:00,60847,1220962,11058.0,238989.0
2021-02-11 00:00:00,50685,1160115,10848.0,227931.0
2021-02-10 00:00:00,50300,1109430,11071.0,217083.0
2021-02-09 00:00:00,43996,1059130,11037.0,206012.0
2021-02-08 00:00:00,38464,1015134,13488.0,194975.0
2021-02-07 00:00:00,16296,976670,11448.0,181487.0
2021-02-06 00:00:00,38057,960374,10992.0,170039.0
2021-02-05 00:00:00,43639,922317,9143.0,159047.0
2021-02-04 00:00:00,46082,878678,9950.0,149904.0
2021-02-03 00:00:00,43480,832596,8977.0,139954.0
2021-02-02 00:00:00,38240,789116,8730.0,130977.0
2021-02-01 00:00:00,29720,750876,8254.0,122247.0
2021-01-31 00:00:00,11565,721156,4834.0,113993.0
2021-01-30 00:00:00,26197,709591,4759.0,109159.0
2021-01-29 00:00:00,39597,683394,4955.0,104400.0
2021-01-28 00:00:00,39375,643797,5412.0,99445.0
2021-01-27 00:00:00,39426,604422,5515.0,94033.0
2021-01-26 00:00:00,36538,564996,6136.0,88518.0
2021-01-25 00:00:00,29039,528458,5275.0,82382.0
2021-01-24 00:00:00,16244,499419,5751.0,77107.0
2021-01-23 00:00:00,28528,483175,5761.0,71356.0
2021-01-22 00:00:00,37671,454647,5561.0,65595.0
2021-01-21 00:00:00,34871,416976,6168.0,60034.0
2021-01-20 00:00:00,31527,382105,5694.0,53866.0
2021-01-19 00:00:00,26553,350578,6001.0,48172.0
2021-01-18 00:00:00,18884,324025,6008.0,42171.0
2021-01-17 00:00:00,9300,305141,5970.0,36163.0
2021-01-16 00:00:00,15703,295841,5664.0,30193.0
2021-01-15 00:00:00,24743,280138,5948.0,24529.0
2021-01-14 00:00:00,24524,255395,5885.0,18581.0
2021-01-13 00:00:00,24992,230871,6323.0,12696.0
2021-01-12 00:00:00,23071,205879,5637.0,6373.0
2021-01-11 00:00:00,15518,182808,734.0,736.0
2021-01-10 00:00:00,3204,167290,,
2021-01-09 00:00:00,7917,164086,,
2021-01-08 00:00:00,11861,156169,1.0,2.0
2021-01-07 00:00:00,12488,144308,,
2021-01-06 00:00:00,11839,131820,,
2021-01-05 00:00:00,8790,119981,1.0,1.0
2021-01-04 00:00:00,8567,111191,,
2021-01-03 00:00:00,3190,102624,,
2021-01-02 00:00:00,7543,99434,,
2021-01-01 00:00:00,708,91891,,
2020-12-31 00:00:00,7759,91183,,
2020-12-30 00:00:00,14760,83424,,
2020-12-29 00:00:00,12727,68664,,
2020-12-28 00:00:00,9155,55937,,
2020-12-27 00:00:00,2641,46782,,
2020-12-26 00:00:00,6508,44141,,
2020-12-25 00:00:00,137,37633,,
2020-12-24 00:00:00,3785,37496,,
2020-12-23 00:00:00,9611,33711,,
2020-12-22 00:00:00,7711,24100,,
2020-12-21 00:00:00,5468,16389,,
2020-12-20 00:00:00,1015,10921,,
2020-12-19 00:00:00,2552,9906,,
2020-12-18 00:00:00,3573,7354,,
2020-12-17 00:00:00,3082,3781,,
2020-12-16 00:00:00,562,699,,
2020-12-15 00:00:00,35,137,,
2020-12-14 00:00:00,8,102,,
2020-12-13 00:00:00,3,94,,
2020-12-12 00:00:00,5,91,,
2020-12-11 00:00:00,7,86,,
2020-12-10 00:00:00,7,79,,
2020-12-09 00:00:00,5,72,,
2020-12-08 00:00:00,3,67,,
2020-12-07 00:00:00,4,64,,
2020-12-05 00:00:00,1,60,,
2020-12-04 00:00:00,4,59,,
2020-12-03 00:00:00,8,55,,
2020-12-02 00:00:00,8,47,,
2020-12-01 00:00:00,39,39,,
