date,Cochise_cume,Cochise
2020-12-16 00:00:00,1,
2020-12-17 00:00:00,59,58
2020-12-18 00:00:00,197,138
2020-12-19 00:00:00,271,74
2020-12-20 00:00:00,307,36
2020-12-21 00:00:00,646,339
2020-12-22 00:00:00,1098,452
2020-12-23 00:00:00,1545,447
2020-12-24 00:00:00,1673,128
2020-12-25 00:00:00,1674,1
2020-12-26 00:00:00,1696,22
2020-12-28 00:00:00,1802,106
2020-12-29 00:00:00,1880,78
2020-12-30 00:00:00,2097,217
2020-12-31 00:00:00,2313,216
2021-01-01 00:00:00,2322,9
2021-01-02 00:00:00,2323,1
2021-01-03 00:00:00,2326,3
2021-01-04 00:00:00,2382,56
2021-01-05 00:00:00,2468,86
2021-01-06 00:00:00,2576,108
2021-01-07 00:00:00,2640,64
2021-01-08 00:00:00,2803,163
2021-01-09 00:00:00,3178,375
2021-01-10 00:00:00,3180,2
2021-01-11 00:00:00,3544,364
2021-01-12 00:00:00,3796,252
2021-01-13 00:00:00,4226,430
2021-01-14 00:00:00,4557,331
2021-01-15 00:00:00,5026,469
2021-01-16 00:00:00,5424,398
2021-01-17 00:00:00,5440,16
2021-01-18 00:00:00,5683,243
2021-01-19 00:00:00,6120,437
2021-01-20 00:00:00,6827,707
2021-01-21 00:00:00,7482,655
2021-01-22 00:00:00,7817,335
2021-01-23 00:00:00,8384,567
2021-01-24 00:00:00,8496,112
2021-01-25 00:00:00,8938,442
2021-01-26 00:00:00,9419,481
2021-01-27 00:00:00,10203,784
2021-01-28 00:00:00,11224,1021
2021-01-29 00:00:00,11915,691
2021-01-30 00:00:00,11936,21
2021-01-31 00:00:00,11950,14
2021-02-01 00:00:00,12226,276
2021-02-02 00:00:00,12444,218
2021-02-03 00:00:00,13003,559
2021-02-04 00:00:00,13410,407
2021-02-05 00:00:00,13887,477
2021-02-06 00:00:00,14052,165
2021-02-07 00:00:00,14063,11
2021-02-08 00:00:00,14592,529
2021-02-09 00:00:00,15423,831
2021-02-10 00:00:00,16802,1379
2021-02-11 00:00:00,18761,1959
2021-02-12 00:00:00,20158,1397
2021-02-13 00:00:00,20501,343
2021-02-14 00:00:00,20513,12
2021-02-15 00:00:00,20922,409
2021-02-16 00:00:00,21610,688
2021-02-17 00:00:00,22133,523
2021-02-18 00:00:00,22823,690
2021-02-19 00:00:00,23198,375
2021-02-20 00:00:00,23548,350
2021-02-21 00:00:00,23663,115
2021-02-22 00:00:00,23932,269
2021-02-23 00:00:00,24169,237
2021-02-24 00:00:00,25084,915
2021-02-25 00:00:00,27169,2085
2021-02-26 00:00:00,28639,1470
2021-02-27 00:00:00,29529,890
2021-02-28 00:00:00,29558,29
2021-03-01 00:00:00,30089,531
2021-03-02 00:00:00,30611,522
2021-03-03 00:00:00,31807,1196
2021-03-04 00:00:00,33450,1643
2021-03-05 00:00:00,34518,1068
2021-03-06 00:00:00,35536,1018
2021-03-07 00:00:00,35586,50
2021-03-08 00:00:00,36138,552
2021-03-09 00:00:00,37100,962
2021-03-10 00:00:00,38704,1604
2021-03-11 00:00:00,40775,2071
2021-03-12 00:00:00,42336,1561
2021-03-13 00:00:00,43156,820
2021-03-14 00:00:00,43186,30
2021-03-15 00:00:00,44123,937
2021-03-16 00:00:00,45050,927
2021-03-17 00:00:00,46020,970
2021-03-18 00:00:00,47370,1350
2021-03-19 00:00:00,48392,1022
2021-03-20 00:00:00,49303,911
2021-03-21 00:00:00,49336,33
2021-03-22 00:00:00,49897,561
2021-03-23 00:00:00,50266,369
2021-03-24 00:00:00,51265,999
2021-03-25 00:00:00,53666,2401
2021-03-26 00:00:00,55170,1504
2021-03-27 00:00:00,56205,1035
2021-03-28 00:00:00,56227,22
2021-03-29 00:00:00,56785,558
2021-03-30 00:00:00,57455,670
2021-03-31 00:00:00,58908,1453
2021-04-01 00:00:00,61154,2246
2021-04-02 00:00:00,62516,1362
2021-04-03 00:00:00,63832,1316
2021-04-04 00:00:00,63878,46
2021-04-05 00:00:00,64574,696
2021-04-06 00:00:00,65499,925
2021-04-07 00:00:00,67143,1644
2021-04-08 00:00:00,68812,1669
2021-04-09 00:00:00,69940,1128
2021-04-10 00:00:00,70723,783
2021-04-11 00:00:00,70810,87
2021-04-12 00:00:00,71518,708
2021-04-13 00:00:00,72069,551
2021-04-14 00:00:00,73188,1119
2021-04-15 00:00:00,75339,2151
2021-04-16 00:00:00,76490,1151
2021-04-17 00:00:00,77812,1322
2021-04-18 00:00:00,77852,40
2021-04-19 00:00:00,78504,652
2021-04-20 00:00:00,79026,522
2021-04-21 00:00:00,80019,993
2021-04-22 00:00:00,81493,1474
2021-04-23 00:00:00,82513,1020
2021-04-24 00:00:00,83344,831
2021-04-25 00:00:00,83374,30
2021-04-26 00:00:00,83874,500
2021-04-27 00:00:00,84385,511
2021-04-28 00:00:00,85401,1016
2021-04-29 00:00:00,86421,1020
2021-04-30 00:00:00,87103,682
2021-05-01 00:00:00,87567,464
2021-05-02 00:00:00,87588,21
2021-05-03 00:00:00,87887,299
2021-05-04 00:00:00,88365,478
2021-05-05 00:00:00,89309,944
2021-05-06 00:00:00,90345,1036
2021-05-07 00:00:00,91069,724
2021-05-08 00:00:00,91534,465
2021-05-09 00:00:00,91563,29
2021-05-10 00:00:00,91903,340
2021-05-11 00:00:00,92217,314
2021-05-12 00:00:00,92988,771
2021-05-13 00:00:00,94259,1271
2021-05-14 00:00:00,94787,528
2021-05-15 00:00:00,95101,314
2021-05-16 00:00:00,95158,57
2021-05-17 00:00:00,95605,447
2021-05-18 00:00:00,96077,472
2021-05-19 00:00:00,96882,805
2021-05-20 00:00:00,97619,737
2021-05-21 00:00:00,98336,717
2021-05-22 00:00:00,98679,343
2021-05-23 00:00:00,98739,60
2021-05-24 00:00:00,99154,415
2021-05-25 00:00:00,99443,289
2021-05-26 00:00:00,99883,440
2021-05-27 00:00:00,100538,655
2021-05-28 00:00:00,101112,574
2021-05-29 00:00:00,101206,94
2021-05-30 00:00:00,101267,61
2021-05-31 00:00:00,101331,64
2021-06-01 00:00:00,101651,320
2021-06-02 00:00:00,102072,421
2021-06-03 00:00:00,102673,601
2021-06-04 00:00:00,103171,498
2021-06-05 00:00:00,103311,140
2021-06-06 00:00:00,103355,44
2021-06-07 00:00:00,103656,301
2021-06-08 00:00:00,103940,284
2021-06-09 00:00:00,104239,299
2021-06-10 00:00:00,104702,463
2021-06-11 00:00:00,105037,335
2021-06-12 00:00:00,105196,159
2021-06-13 00:00:00,105259,63
2021-06-14 00:00:00,105542,283
2021-06-15 00:00:00,105809,267
2021-06-16 00:00:00,106178,369
2021-06-17 00:00:00,106586,408
2021-06-18 00:00:00,106957,371
2021-06-19 00:00:00,107136,179
2021-06-20 00:00:00,107171,35
2021-06-21 00:00:00,107348,177
2021-06-22 00:00:00,107501,153
2021-06-23 00:00:00,107801,300
2021-06-24 00:00:00,108130,329
2021-06-25 00:00:00,108441,311
2021-06-26 00:00:00,108507,66
2021-06-27 00:00:00,108527,20
2021-06-28 00:00:00,108687,160
2021-06-29 00:00:00,108851,164
2021-06-30 00:00:00,109019,168
2021-07-01 00:00:00,109209,190
2021-07-02 00:00:00,109483,274
2021-07-03 00:00:00,109538,55
2021-07-04 00:00:00,109548,10
2021-07-05 00:00:00,109625,77
2021-07-06 00:00:00,109781,156
