date,Maricopa_cume,Maricopa
1/1/2021,87,
1/10/2021,98,11
1/11/2021,103,5
1/12/2021,105,2
1/13/2021,109,4
1/14/2021,112,3
1/15/2021,117,5
1/16/2021,128,11
1/17/2021,133,5
1/18/2021,135,2
1/19/2021,138,3
1/2/2021,146,8
1/20/2021,164,18
1/21/2021,210,46
1/22/2021,1462,1252
1/23/2021,3125,1663
1/24/2021,4810,1685
1/25/2021,5792,982
1/26/2021,9065,3273
1/27/2021,13335,4270
1/28/2021,18158,4823
1/29/2021,19722,1564
1/3/2021,19725,3
1/30/2021,24850,5125
1/31/2021,27173,2323
1/4/2021,32478,5305
1/5/2021,40445,7967
1/6/2021,49265,8820
1/7/2021,53043,3778
1/8/2021,53853,810
1/9/2021,60098,6245
12/1/2020,62799,2701
12/10/2020,67491,4692
12/11/2020,71897,4406
12/12/2020,76938,5041
12/13/2020,82235,5297
12/14/2020,86826,4591
12/15/2020,91481,4655
12/16/2020,94217,2736
12/17/2020,103245,9028
12/18/2020,114056,10811
12/19/2020,125650,11594
12/2/2020,137125,11475
12/20/2020,147016,9891
12/21/2020,153431,6415
12/22/2020,156175,2744
12/23/2020,163035,6860
12/24/2020,175343,12308
12/25/2020,188950,13607
12/26/2020,203281,14331
12/27/2020,220642,17361
12/28/2020,234586,13944
12/29/2020,241774,7188
12/3/2020,253416,11642
12/30/2020,270337,16921
12/31/2020,286182,15845
12/4/2020,300492,14310
12/7/2020,317903,17411
12/8/2020,329307,11404
12/9/2020,332822,3515
2/1/2021,342397,9575
2/10/2021,356954,14557
2/11/2021,371332,14378
2/12/2021,388157,16825
2/13/2021,403370,15213
2/14/2021,417871,14501
2/15/2021,420387,2516
2/16/2021,431735,11348
2/17/2021,449825,18090
2/18/2021,466464,16639
2/19/2021,483716,17252
2/2/2021,510581,26865
2/20/2021,530331,19750
2/21/2021,534244,3913
2/22/2021,543789,9545
2/23/2021,561988,18199
2/24/2021,581585,19597
2/25/2021,601716,20131
2/26/2021,622550,20834
2/27/2021,638807,16257
2/28/2021,641913,3106
2/3/2021,651540,9627
2/4/2021,671070,19530
2/5/2021,692606,21536
2/6/2021,712529,19923
2/7/2021,739339,26810
2/8/2021,758655,19316
2/9/2021,762884,4229
3/1/2021,778411,15527
3/10/2021,795852,17441
3/11/2021,814387,18535
3/12/2021,833652,19265
3/13/2021,853916,20264
3/14/2021,868749,14833
3/15/2021,873598,4849
3/16/2021,890787,17189
3/17/2021,910633,19846
3/18/2021,933641,23008
3/19/2021,957468,23827
3/2/2021,987253,29785
3/20/2021,1005139,17886
3/21/2021,1012421,7282
3/22/2021,1030498,18077
3/23/2021,1051110,20612
3/24/2021,1074931,23821
3/25/2021,1098992,24061
3/26/2021,1120745,21753
3/27/2021,1139387,18642
3/28/2021,1148531,9144
3/29/2021,1165781,17250
3/3/2021,1184351,18570
3/30/2021,1206799,22448
3/31/2021,1231389,24590
3/4/2021,1254303,22914
3/5/2021,1271487,17184
3/6/2021,1280238,8751
3/7/2021,1301122,20884
3/8/2021,1323396,22274
3/9/2021,1350856,27460
4/1/2021,1380541,29685
4/10/2021,1405094,24553
4/11/2021,1419368,14274
4/12/2021,1426043,6675
4/13/2021,1450709,24666
4/14/2021,1479217,28508
4/15/2021,1511936,32719
4/16/2021,1546509,34573
4/17/2021,1575790,29281
4/18/2021,1595023,19233
4/19/2021,1605149,10126
4/2/2021,1626738,21589
4/20/2021,1646802,20064
4/21/2021,1669041,22239
4/22/2021,1692885,23844
4/23/2021,1716059,23174
4/24/2021,1732185,16126
4/25/2021,1740560,8375
4/26/2021,1761180,20620
4/27/2021,1782214,21034
4/28/2021,1808193,25979
4/29/2021,1833614,25421
4/3/2021,1856140,22526
4/30/2021,1870516,14376
4/4/2021,1878489,7973
4/5/2021,1898482,19993
4/6/2021,1919015,20533
4/7/2021,1941531,22516
4/8/2021,1961769,20238
4/9/2021,1984486,22717
5/1/2021,1998581,14095
5/10/2021,2006458,7877
5/11/2021,2021522,15064
5/12/2021,2040200,18678
5/13/2021,2057708,17508
5/14/2021,2075657,17949
5/15/2021,2094093,18436
5/16/2021,2106913,12820
5/17/2021,2111827,4914
5/18/2021,2125689,13862
5/19/2021,2140614,14925
5/2/2021,2157497,16883
5/20/2021,2178027,20530
5/21/2021,2197313,19286
5/22/2021,2211204,13891
5/23/2021,2219957,8753
5/24/2021,2237773,17816
5/25/2021,2254369,16596
5/26/2021,2276416,22047
5/27/2021,2294078,17662
5/28/2021,2313555,19477
5/29/2021,2328131,14576
5/3/2021,2335175,7044
5/30/2021,2349469,14294
5/31/2021,2362390,12921
5/4/2021,2374975,12585
5/5/2021,2387216,12241
5/6/2021,2400357,13141
5/7/2021,2408284,7927
5/8/2021,2413225,4941
5/9/2021,2415770,2545
6/1/2021,2428335,12565
6/10/2021,2438915,10580
6/11/2021,2451894,12979
6/12/2021,2465945,14051
6/13/2021,2476356,10411
6/14/2021,2482699,6343
6/15/2021,2494542,11843
6/16/2021,2505541,10999
6/17/2021,2515735,10194
6/18/2021,2527863,12128
6/19/2021,2543588,15725
6/2/2021,2553903,10315
6/20/2021,2558915,5012
6/21/2021,2569776,10861
6/22/2021,2579777,10001
6/23/2021,2589143,9366
6/24/2021,2598087,8944
6/25/2021,2609298,11211
6/26/2021,2615833,6535
6/27/2021,2619589,3756
6/28/2021,2626486,6897
6/29/2021,2634376,7890
6/3/2021,2641962,7586
6/30/2021,2649220,7258
6/4/2021,2658443,9223
6/5/2021,2664880,6437
6/6/2021,2667488,2608
6/7/2021,2673050,5562
6/8/2021,2680351,7301
6/9/2021,2686823,6472
7/1/2021,2693050,6227
7/10/2021,2699633,6583
7/11/2021,2703556,3923
7/12/2021,2704388,832
7/13/2021,2709123,4735
7/14/2021,2715833,6710
7/15/2021,2722498,6665
7/16/2021,2728902,6404
7/17/2021,2738749,9847
7/18/2021,2744181,5432
7/19/2021,2746964,2783
7/2/2021,2752407,5443
7/20/2021,2757841,5434
7/21/2021,2762849,5008
7/22/2021,2767694,4845
7/23/2021,2774483,6789
7/24/2021,2779144,4661
7/25/2021,2781866,2722
7/26/2021,2788173,6307
7/27/2021,2794675,6502
7/28/2021,2801014,6339
7/29/2021,2807450,6436
7/3/2021,2816329,8879
7/30/2021,2821959,5630
7/31/2021,2825612,3653
7/4/2021,2832629,7017
7/5/2021,2841112,8483
7/6/2021,2848062,6950
7/7/2021,2855070,7008
7/8/2021,2867146,12076
7/9/2021,2875901,8755
8/1/2021,2879345,3444
8/10/2021,2886734,7389
8/11/2021,2894907,8173
8/12/2021,2903099,8192
8/13/2021,2909799,6700
8/14/2021,2920735,10936
8/15/2021,2926322,5587
8/16/2021,2929990,3668
8/17/2021,2937235,7245
8/2/2021,2945133,7898
8/3/2021,2952878,7745
8/4/2021,2959669,6791
8/5/2021,2970267,10598
8/6/2021,2976359,6092
8/7/2021,2980951,4592
8/8/2021,2990340,9389
8/9/2021,2992690,2350
