date,Cochise_cume,Cochise
1/1/2021,1,
1/10/2021,2,1
1/11/2021,61,59
1/12/2021,199,138
1/13/2021,273,74
1/14/2021,309,36
1/15/2021,648,339
1/16/2021,1100,452
1/17/2021,1547,447
1/18/2021,1675,128
1/19/2021,1676,1
1/2/2021,1698,22
1/20/2021,1804,106
1/21/2021,1882,78
1/22/2021,2099,217
1/23/2021,2315,216
1/24/2021,2327,12
1/25/2021,2328,1
1/26/2021,2331,3
1/27/2021,2388,57
1/28/2021,2475,87
1/29/2021,2583,108
1/3/2021,2651,68
1/30/2021,2815,164
1/31/2021,3190,375
1/4/2021,3194,4
1/5/2021,3561,367
1/6/2021,3814,253
1/7/2021,4251,437
1/8/2021,4595,344
1/9/2021,5069,474
12/15/2020,5467,398
12/16/2020,5483,16
12/17/2020,5727,244
12/18/2020,6164,437
12/19/2020,6873,709
12/20/2020,7528,655
12/21/2020,7864,336
12/22/2020,8432,568
12/23/2020,8544,112
12/24/2020,8988,444
12/25/2020,9469,481
12/26/2020,10253,784
12/28/2020,11274,1021
12/29/2020,11965,691
12/30/2020,11986,21
12/31/2020,12000,14
2/1/2021,12291,291
2/10/2021,12509,218
2/11/2021,13070,561
2/12/2021,13485,415
2/13/2021,13962,477
2/14/2021,14128,166
2/15/2021,14139,11
2/16/2021,14672,533
2/17/2021,15505,833
2/18/2021,16886,1381
2/19/2021,18928,2042
2/2/2021,20328,1400
2/20/2021,20671,343
2/21/2021,20683,12
2/22/2021,21096,413
2/23/2021,21784,688
2/24/2021,22309,525
2/25/2021,23016,707
2/26/2021,23391,375
2/27/2021,23742,351
2/28/2021,23860,118
2/3/2021,24129,269
2/4/2021,24366,237
2/5/2021,25284,918
2/6/2021,27376,2092
2/7/2021,28846,1470
2/8/2021,29736,890
2/9/2021,29766,30
3/1/2021,30321,555
3/10/2021,30846,525
3/11/2021,32049,1203
3/12/2021,33694,1645
3/13/2021,34763,1069
3/14/2021,35783,1020
3/15/2021,35834,51
3/16/2021,36390,556
3/17/2021,37354,964
3/18/2021,38961,1607
3/19/2021,41085,2124
3/2/2021,42651,1566
3/20/2021,43476,825
3/21/2021,43506,30
3/22/2021,44451,945
3/23/2021,45380,929
3/24/2021,46354,974
3/25/2021,47737,1383
3/26/2021,48765,1028
3/27/2021,49677,912
3/28/2021,49711,34
3/29/2021,50276,565
3/3/2021,50645,369
3/30/2021,51648,1003
3/31/2021,54054,2406
3/4/2021,55559,1505
3/5/2021,56594,1035
3/6/2021,56616,22
3/7/2021,57176,560
3/8/2021,57850,674
3/9/2021,59305,1455
4/1/2021,61581,2276
4/10/2021,62947,1366
4/11/2021,64264,1317
4/12/2021,64311,47
4/13/2021,65012,701
4/14/2021,65939,927
4/15/2021,67589,1650
4/16/2021,69261,1672
4/17/2021,70392,1131
4/18/2021,71176,784
4/19/2021,71264,88
4/2/2021,71977,713
4/20/2021,72529,552
4/21/2021,73651,1122
4/22/2021,75810,2159
4/23/2021,76965,1155
4/24/2021,78295,1330
4/25/2021,78335,40
4/26/2021,78984,649
4/27/2021,79508,524
4/28/2021,80506,998
4/29/2021,81997,1491
4/3/2021,83018,1021
4/30/2021,83849,831
4/4/2021,83879,30
4/5/2021,84383,504
4/6/2021,84894,511
4/7/2021,85907,1013
4/8/2021,86932,1025
4/9/2021,87617,685
5/1/2021,88092,475
5/10/2021,88115,23
5/11/2021,88415,300
5/12/2021,88893,478
5/13/2021,89838,945
5/14/2021,90876,1038
5/15/2021,91601,725
5/16/2021,92065,464
5/17/2021,92094,29
5/18/2021,92435,341
5/19/2021,92749,314
5/2/2021,93521,772
5/20/2021,94792,1271
5/21/2021,95323,531
5/22/2021,95638,315
5/23/2021,95693,55
5/24/2021,96137,444
5/25/2021,96609,472
5/26/2021,97417,808
5/27/2021,98193,776
5/28/2021,98911,718
5/29/2021,99253,342
5/3/2021,99313,60
5/30/2021,99728,415
5/31/2021,100024,296
5/4/2021,100466,442
5/5/2021,101123,657
5/6/2021,101698,575
5/7/2021,101792,94
5/8/2021,101853,61
5/9/2021,101918,65
6/1/2021,102245,327
6/10/2021,102673,428
6/11/2021,103274,601
6/12/2021,103774,500
6/13/2021,103914,140
6/14/2021,103958,44
6/15/2021,104260,302
6/16/2021,104546,286
6/17/2021,104846,300
6/18/2021,105344,498
6/19/2021,105680,336
6/2/2021,105839,159
6/20/2021,105902,63
6/21/2021,106185,283
6/22/2021,106452,267
6/23/2021,106825,373
6/24/2021,107243,418
6/25/2021,107647,404
6/26/2021,107920,273
6/27/2021,107955,35
6/28/2021,108146,191
6/29/2021,108309,163
6/3/2021,108632,323
6/30/2021,109019,387
6/4/2021,109385,366
6/5/2021,109503,118
6/6/2021,109525,22
6/7/2021,109694,169
6/8/2021,109903,209
6/9/2021,110101,198
7/1/2021,110327,226
7/10/2021,110636,309
7/11/2021,110708,72
7/12/2021,110720,12
7/13/2021,110804,84
7/14/2021,111035,231
7/15/2021,111248,213
7/16/2021,111565,317
7/17/2021,111879,314
7/18/2021,111941,62
7/19/2021,111960,19
7/2/2021,112106,146
7/20/2021,112245,139
7/21/2021,112853,608
7/22/2021,113575,722
7/23/2021,113871,296
7/24/2021,113955,84
7/25/2021,113976,21
7/26/2021,114132,156
7/27/2021,114321,189
7/28/2021,114483,162
7/29/2021,114677,194
7/3/2021,115002,325
7/30/2021,115093,91
7/31/2021,115118,25
7/4/2021,115296,178
7/5/2021,115494,198
7/6/2021,115661,167
7/7/2021,115919,258
7/8/2021,116262,343
7/9/2021,116384,122
8/1/2021,116400,16
8/10/2021,116553,153
8/11/2021,116741,188
8/12/2021,116995,254
8/13/2021,117246,251
8/14/2021,117713,467
8/15/2021,117826,113
8/16/2021,117844,18
8/17/2021,118013,169
8/2/2021,118163,150
8/3/2021,118326,163
8/4/2021,118507,181
8/5/2021,118918,411
8/6/2021,119038,120
8/7/2021,119058,20
8/8/2021,119318,260
8/9/2021,119439,121
