date,Maricopa_cume,Maricopa
2020-12-01,189,
2020-12-02,208,19
2020-12-03,221,13
2020-12-04,227,6
2020-12-05,229,2
2020-12-07,239,10
2020-12-08,248,9
2020-12-09,257,9
2020-12-10,273,16
2020-12-11,281,8
2020-12-12,292,11
2020-12-13,302,10
2020-12-14,316,14
2020-12-15,359,43
2020-12-16,418,59
2020-12-17,1682,1264
2020-12-18,3381,1699
2020-12-19,5048,1667
2020-12-20,6063,1015
2020-12-21,9262,3199
2020-12-22,13387,4125
2020-12-23,18138,4751
2020-12-24,19722,1584
2020-12-25,19729,7
2020-12-26,24716,4987
2020-12-27,26952,2236
2020-12-28,32158,5206
2020-12-29,40101,7943
2020-12-30,48800,8699
2020-12-31,52929,4129
2021-01-01,54626,1697
2021-01-02,60738,6112
2021-01-03,63322,2584
2021-01-04,68148,4826
2021-01-05,72576,4428
2021-01-06,77619,5043
2021-01-07,83069,5450
2021-01-08,87723,4654
2021-01-09,92408,4685
2021-01-10,95056,2648
2021-01-11,104789,9733
2021-01-12,121020,16231
2021-01-13,138389,17369
2021-01-14,155188,16799
2021-01-15,170657,15469
2021-01-16,182272,11615
2021-01-17,190712,8440
2021-01-18,203854,13142
2021-01-19,221817,17963
2021-01-20,240999,19182
2021-01-21,261370,20371
2021-01-22,283799,22429
2021-01-23,302936,19137
2021-01-24,315357,12421
2021-01-25,332056,16699
2021-01-26,354892,22836
2021-01-27,375739,20847
2021-01-28,395082,19343
2021-01-29,417149,22067
2021-01-30,432910,15761
2021-01-31,441109,8199
2021-02-01,460188,19079
2021-02-02,483076,22888
2021-02-03,505759,22683
2021-02-04,531474,25715
2021-02-05,554537,23063
2021-02-06,578837,24300
2021-02-07,591925,13088
2021-02-08,616227,24302
2021-02-09,644035,27808
2021-02-10,670559,26524
2021-02-11,697382,26823
2021-02-12,733493,36111
2021-02-13,761805,28312
2021-02-14,775186,13381
2021-02-15,795234,20048
2021-02-16,823442,28208
2021-02-17,852542,29100
2021-02-18,881442,28900
2021-02-19,910601,29159
2021-02-20,936357,25756
2021-02-21,949783,13426
2021-02-22,969137,19354
2021-02-23,998670,29533
2021-02-24,1030263,31593
2021-02-25,1060627,30364
2021-02-26,1098032,37405
2021-02-27,1129050,31018
2021-02-28,1146774,17724
2021-03-01,1174521,27747
2021-03-02,1202821,28300
2021-03-03,1233213,30392
2021-03-04,1264459,31246
2021-03-05,1296956,32497
2021-03-06,1324471,27515
2021-03-07,1342207,17736
2021-03-08,1372268,30061
2021-03-09,1404456,32188
2021-03-10,1440195,35739
2021-03-11,1477250,37055
2021-03-12,1519032,41782
2021-03-13,1550708,31676
2021-03-14,1570789,20081
2021-03-15,1599387,28598
2021-03-16,1630741,31354
2021-03-17,1667273,36532
2021-03-18,1703667,36394
2021-03-19,1738443,34776
2021-03-20,1770374,31931
2021-03-21,1792725,22351
2021-03-22,1819246,26521
2021-03-23,1846360,27114
2021-03-24,1882673,36313
2021-03-25,1924025,41352
2021-03-26,1964854,40829
2021-03-27,2000660,35806
2021-03-28,2028139,27479
2021-03-29,2067492,39353
2021-03-30,2107956,40464
2021-03-31,2153213,45257
2021-04-01,2201917,48704
2021-04-02,2244484,42567
2021-04-03,2276562,32078
2021-04-04,2289059,12497
2021-04-05,2324201,35142
2021-04-06,2363412,39211
2021-04-07,2407772,44360
2021-04-08,2453408,45636
2021-04-09,2494709,41301
2021-04-10,2526776,32067
2021-04-11,2549174,22398
2021-04-12,2580397,31223
2021-04-13,2611076,30679
2021-04-14,2645577,34501
2021-04-15,2682670,37093
2021-04-16,2719302,36632
2021-04-17,2747744,28442
2021-04-18,2769083,21339
2021-04-19,2801754,32671
2021-04-20,2835181,33427
2021-04-21,2872893,37712
2021-04-22,2910862,37969
2021-04-23,2944743,33881
2021-04-24,2969049,24306
2021-04-25,2986646,17597
2021-04-26,3013441,26795
2021-04-27,3040596,27155
2021-04-28,3068527,27931
2021-04-29,3094379,25852
2021-04-30,3120455,26076
2021-05-01,3139186,18731
2021-05-02,3154676,15490
2021-05-03,3171372,16696
2021-05-04,3195413,24041
2021-05-05,3214441,19028
2021-05-06,3237422,22981
2021-05-07,3261361,23939
2021-05-08,3280238,18877
2021-05-09,3289718,9480
2021-05-10,3305773,16055
2021-05-11,3322737,16964
2021-05-12,3341151,18414
2021-05-13,3365590,24439
2021-05-14,3389997,24407
2021-05-15,3409854,19857
2021-05-16,3421799,11945
2021-05-17,3441442,19643
2021-05-18,3458803,17361
2021-05-19,3482152,23349
2021-05-20,3501413,19261
2021-05-21,3523045,21632
2021-05-22,3540511,17466
2021-05-23,3548142,7631
2021-05-24,3562477,14335
2021-05-25,3575311,12834
2021-05-26,3589561,14250
2021-05-27,3602599,13038
2021-05-28,3617119,14520
2021-05-29,3626520,9401
2021-05-30,3631836,5316
2021-05-31,3634783,2947
2021-06-01,3648124,13341
2021-06-02,3659808,11684
2021-06-03,3674189,14381
2021-06-04,3690282,16093
2021-06-05,3703913,13631
2021-06-06,3710658,6745
2021-06-07,3722692,12034
2021-06-08,3734170,11478
2021-06-09,3745579,11409
2021-06-10,3758548,12969
2021-06-11,3774953,16405
2021-06-12,3786439,11486
2021-06-13,3792150,5711
2021-06-14,3802797,10647
2021-06-15,3813031,10234
2021-06-16,3823193,10162
2021-06-17,3832723,9530
2021-06-18,3844638,11915
2021-06-19,3852024,7386
2021-06-20,3855973,3949
2021-06-21,3863008,7035
2021-06-22,3870894,7886
2021-06-23,3879189,8295
2021-06-24,3886865,7676
2021-06-25,3896610,9745
2021-06-26,3903453,6843
2021-06-27,3907606,4153
2021-06-28,3914980,7374
2021-06-29,3922049,7069
2021-06-30,3929165,7116
2021-07-01,3936333,7168
2021-07-02,3944504,8171
2021-07-03,3949706,5202
2021-07-04,3950571,865
2021-07-05,3956825,6254
2021-07-06,3963377,6552
2021-07-07,3969983,6606
2021-07-08,3976383,6400
2021-07-09,3986519,10136
2021-07-10,3993757,7238
2021-07-11,3997418,3661
2021-07-12,4004207,6789
2021-07-13,4010205,5998
2021-07-14,4016290,6085
2021-07-15,4022340,6050
2021-07-16,4030594,8254
2021-07-17,4036116,5522
2021-07-18,4039723,3607
2021-07-19,4047572,7849
2021-07-20,4054607,7035
2021-07-21,4062391,7784
2021-07-22,4070357,7966
2021-07-23,4080349,9992
2021-07-24,4087502,7153
2021-07-25,4092166,4664
2021-07-26,4100880,8714
2021-07-27,4109296,8416
2021-07-28,4117863,8567
2021-07-29,4126465,8602
2021-07-30,4139126,12661
2021-07-31,4147826,8700
2021-08-01,4153372,5546
2021-08-02,4162743,9371
2021-08-03,4171009,8266
2021-08-04,4179720,8711
2021-08-05,4188186,8466
2021-08-06,4200023,11837
2021-08-07,4208885,8862
2021-08-08,4214235,5350
2021-08-09,4223583,9348
2021-08-10,4232191,8608
2021-08-11,4240925,8734
2021-08-12,4250117,9192
2021-08-13,4261992,11875
2021-08-14,4271460,9468
2021-08-15,4277324,5864
2021-08-16,4287837,10513
2021-08-17,4297756,9919
2021-08-18,4307706,9950
2021-08-19,4317347,9641
2021-08-20,4330163,12816
2021-08-21,4339175,9012
2021-08-22,4344675,5500
2021-08-23,4355080,10405
2021-08-24,4364736,9656
2021-08-25,4374410,9674
2021-08-26,4383843,9433
2021-08-27,4396403,12560
2021-08-28,4406301,9898
2021-08-29,4411807,5506
2021-08-30,4421662,9855
2021-08-31,4430372,8710
2021-09-01,4440092,9720
2021-09-02,4447962,7870
2021-09-03,4459284,11322
2021-09-04,4466736,7452
2021-09-05,4471506,4770
2021-09-06,4473004,1498
2021-09-07,4481843,8839
2021-09-08,4490148,8305
2021-09-09,4497811,7663
2021-09-10,4508669,10858
2021-09-11,4516403,7734
2021-09-12,4520920,4517
2021-09-13,4529681,8761
2021-09-14,4537377,7696
2021-09-15,4543735,6358
2021-09-16,4550599,6864
2021-09-17,4560264,9665
2021-09-18,4567309,7045
2021-09-19,4571193,3884
2021-09-20,4577657,6464
2021-09-21,4584653,6996
2021-09-22,4591948,7295
2021-09-23,4599056,7108
2021-09-24,4613210,14154
2021-09-25,4624250,11040
2021-09-26,4630434,6184
2021-09-27,4645812,15378
2021-09-28,4660773,14961
2021-09-29,4675727,14954
2021-09-30,4690590,14863
2021-10-01,4707633,17043
2021-10-02,4716729,9096
2021-10-03,4722078,5349
2021-10-04,4735703,13625
2021-10-05,4749024,13321
2021-10-06,4761270,12246
2021-10-07,4772690,11420
2021-10-08,4785343,12653
2021-10-09,4793378,8035
2021-10-10,4798581,5203
2021-10-11,4810943,12362
2021-10-12,4820283,9340
2021-10-13,4830945,10662
2021-10-14,4842183,11238
2021-10-15,4854903,12720
2021-10-16,4862037,7134
2021-10-17,4866776,4739
2021-10-18,4878099,11323
2021-10-19,4888475,10376
2021-10-20,4899029,10554
2021-10-21,4908768,9739
2021-10-22,4923154,14386
2021-10-23,4932275,9121
2021-10-24,4938206,5931
2021-10-25,4952902,14696
2021-10-26,4966681,13779
2021-10-27,4980582,13901
2021-10-28,4993529,12947
2021-10-29,5008862,15333
2021-10-30,5016881,8019
2021-10-31,5021723,4842
2021-11-01,5035044,13321
2021-11-02,5047591,12547
2021-11-03,5059080,11489
2021-11-04,5071982,12902
2021-11-05,5088355,16373
2021-11-06,5101966,13611
2021-11-07,5108623,6657
2021-11-08,5123056,14433
2021-11-09,5137089,14033
2021-11-10,5152846,15757
2021-11-11,5168236,15390
2021-11-12,5184805,16569
2021-11-13,5198418,13613
2021-11-14,5204507,6089
2021-11-15,5219997,15490
2021-11-16,5234232,14235
2021-11-17,5249865,15633
2021-11-18,5265671,15806
2021-11-19,5284507,18836
2021-11-20,5299602,15095
2021-11-21,5307120,7518
2021-11-22,5325188,18068
2021-11-23,5343159,17971
2021-11-24,5359632,16473
2021-11-25,5359782,150
2021-11-26,5373760,13978
2021-11-27,5384706,10946
2021-11-28,5392536,7830
2021-11-29,5409763,17227
2021-11-30,5427314,17551
2021-12-01,5448118,20804
2021-12-02,5467546,19428
2021-12-03,5489858,22312
2021-12-04,5508851,18993
2021-12-05,5516903,8052
2021-12-06,5536299,19396
2021-12-07,5555407,19108
2021-12-08,5574977,19570
2021-12-09,5594961,19984
2021-12-10,5615405,20444
2021-12-11,5630684,15279
2021-12-12,5637916,7232
2021-12-13,5654005,16089
2021-12-14,5668324,14319
2021-12-15,5685681,17357
2021-12-16,5702595,16914
2021-12-17,5721377,18782
2021-12-18,5734411,13034
2021-12-19,5742281,7870
2021-12-20,5762411,20130
2021-12-21,5784299,21888
2021-12-22,5804133,19834
2021-12-23,5820303,16170
2021-12-24,5825414,5111
2021-12-25,5825457,43
2021-12-26,5831512,6055
2021-12-27,5847880,16368
2021-12-28,5863707,15827
2021-12-29,5879644,15937
2021-12-30,5894259,14615
2021-12-31,5901324,7065
2022-01-01,5902586,1262
2022-01-02,5908872,6286
2022-01-03,5927328,18456
2022-01-04,5946150,18822
2022-01-05,5966369,20219
2022-01-06,5985833,19464
2022-01-07,6007614,21781
2022-01-08,6022457,14843
2022-01-09,6031025,8568
2022-01-10,6050749,19724
2022-01-11,6069361,18612
2022-01-12,6087927,18566
2022-01-13,6103771,15844
2022-01-14,6120715,16944
2022-01-15,6132593,11878
2022-01-16,6139471,6878
2022-01-17,6153949,14478
2022-01-18,6168314,14365
2022-01-19,6183704,15390
2022-01-20,6196259,12555
2022-01-21,6208897,12638
2022-01-22,6218354,9457
2022-01-23,6223043,4689
2022-01-24,6234462,11419
2022-01-25,6246258,11796
2022-01-26,6259209,12951
2022-01-27,6269615,10406
2022-01-28,6280007,10392
2022-01-29,6283100,3093
