date,Cochise_cume,Cochise
2020-12-01,3,
2020-12-15,4,1
2020-12-16,5,1
2020-12-17,16,11
2020-12-18,24,8
2020-12-19,31,7
2020-12-20,32,1
2020-12-21,44,12
2020-12-22,308,264
2020-12-23,725,417
2020-12-24,835,110
2020-12-26,857,22
2020-12-28,942,85
2020-12-29,1017,75
2020-12-30,1226,209
2020-12-31,1424,198
2021-01-01,1456,32
2021-01-02,1470,14
2021-01-03,1548,78
2021-01-04,1595,47
2021-01-05,1685,90
2021-01-06,1788,103
2021-01-07,1857,69
2021-01-08,2011,154
2021-01-09,2386,375
2021-01-10,2401,15
2021-01-11,2683,282
2021-01-12,2940,257
2021-01-13,3383,443
2021-01-14,3686,303
2021-01-15,4157,471
2021-01-16,4559,402
2021-01-17,4584,25
2021-01-18,4796,212
2021-01-19,5209,413
2021-01-20,5882,673
2021-01-21,6495,613
2021-01-22,6831,336
2021-01-23,7401,570
2021-01-24,7522,121
2021-01-25,7958,436
2021-01-26,8427,469
2021-01-27,9117,690
2021-01-28,10081,964
2021-01-29,10771,690
2021-01-30,10809,38
2021-01-31,10925,116
2021-02-01,11253,328
2021-02-02,11502,249
2021-02-03,12051,549
2021-02-04,12512,461
2021-02-05,13075,563
2021-02-06,13268,193
2021-02-07,13300,32
2021-02-08,13740,440
2021-02-09,14569,829
2021-02-10,15881,1312
2021-02-11,17857,1976
2021-02-12,19238,1381
2021-02-13,19574,336
2021-02-14,19590,16
2021-02-15,19925,335
2021-02-16,20617,692
2021-02-17,21117,500
2021-02-18,21785,668
2021-02-19,22155,370
2021-02-20,22525,370
2021-02-21,22651,126
2021-02-22,22944,293
2021-02-23,23164,220
2021-02-24,24038,874
2021-02-25,26053,2015
2021-02-26,27581,1528
2021-02-27,28464,883
2021-02-28,28555,91
2021-03-01,29188,633
2021-03-02,29710,522
2021-03-03,30797,1087
2021-03-04,32374,1577
2021-03-05,33456,1082
2021-03-06,34500,1044
2021-03-07,34572,72
2021-03-08,35105,533
2021-03-09,36081,976
2021-03-10,37629,1548
2021-03-11,39756,2127
2021-03-12,41100,1344
2021-03-13,41962,862
2021-03-14,42009,47
2021-03-15,42914,905
2021-03-16,43836,922
2021-03-17,44726,890
2021-03-18,46103,1377
2021-03-19,47124,1021
2021-03-20,48047,923
2021-03-21,48119,72
2021-03-22,48691,572
2021-03-23,49058,367
2021-03-24,49988,930
2021-03-25,52345,2357
2021-03-26,53796,1451
2021-03-27,54868,1072
2021-03-28,54939,71
2021-03-29,55485,546
2021-03-30,56151,666
2021-03-31,57481,1330
2021-04-01,59705,2224
2021-04-02,61068,1363
2021-04-03,62399,1331
2021-04-04,62457,58
2021-04-05,63042,585
2021-04-06,63838,796
2021-04-07,65301,1463
2021-04-08,66903,1602
2021-04-09,68000,1097
2021-04-10,68787,787
2021-04-11,68891,104
2021-04-12,69595,704
2021-04-13,70149,554
2021-04-14,71107,958
2021-04-15,72972,1865
2021-04-16,74041,1069
2021-04-17,75385,1344
2021-04-18,75456,71
2021-04-19,76090,634
2021-04-20,76607,517
2021-04-21,77576,969
2021-04-22,79107,1531
2021-04-23,80109,1002
2021-04-24,80983,874
2021-04-25,81040,57
2021-04-26,81508,468
2021-04-27,82008,500
2021-04-28,82954,946
2021-04-29,83971,1017
2021-04-30,84666,695
2021-05-01,85211,545
2021-05-02,85259,48
2021-05-03,85556,297
2021-05-04,86030,474
2021-05-05,86881,851
2021-05-06,87881,1000
2021-05-07,88593,712
2021-05-08,89074,481
2021-05-09,89121,47
2021-05-10,89456,335
2021-05-11,89764,308
2021-05-12,90325,561
2021-05-13,91324,999
2021-05-14,91860,536
2021-05-15,92200,340
2021-05-16,92262,62
2021-05-17,92713,451
2021-05-18,93174,461
2021-05-19,93950,776
2021-05-20,94722,772
2021-05-21,95435,713
2021-05-22,95763,328
2021-05-23,95818,55
2021-05-24,96234,416
2021-05-25,96526,292
2021-05-26,96960,434
2021-05-27,97611,651
2021-05-28,98137,526
2021-05-29,98229,92
2021-05-30,98291,62
2021-05-31,98360,69
2021-06-01,98677,317
2021-06-02,99099,422
2021-06-03,99685,586
2021-06-04,100171,486
2021-06-05,100306,135
2021-06-06,100344,38
2021-06-07,100661,317
2021-06-08,100924,263
2021-06-09,101230,306
2021-06-10,101712,482
2021-06-11,102027,315
2021-06-12,102169,142
2021-06-13,102234,65
2021-06-14,102509,275
2021-06-15,102775,266
2021-06-16,103116,341
2021-06-17,103549,433
2021-06-18,103956,407
2021-06-19,104215,259
2021-06-20,104248,33
2021-06-21,104443,195
2021-06-22,104605,162
2021-06-23,104930,325
2021-06-24,105295,365
2021-06-25,105635,340
2021-06-26,105733,98
2021-06-27,105775,42
2021-06-28,105968,193
2021-06-29,106170,202
2021-06-30,106984,814
2021-07-01,107993,1009
2021-07-02,108309,316
2021-07-03,108384,75
2021-07-04,108394,10
2021-07-05,108507,113
2021-07-06,108727,220
2021-07-07,108928,201
2021-07-08,109225,297
2021-07-09,109516,291
2021-07-10,109597,81
2021-07-11,109624,27
2021-07-12,109772,148
2021-07-13,109899,127
2021-07-14,110511,612
2021-07-15,111234,723
2021-07-16,111547,313
2021-07-17,111636,89
2021-07-18,111676,40
2021-07-19,111850,174
2021-07-20,112028,178
2021-07-21,112226,198
2021-07-22,112462,236
2021-07-23,112771,309
2021-07-24,112884,113
2021-07-25,112931,47
2021-07-26,113117,186
2021-07-27,113303,186
2021-07-28,113500,197
2021-07-29,113794,294
2021-07-30,114127,333
2021-07-31,115034,907
2021-08-01,115091,57
2021-08-02,115310,219
2021-08-03,115496,186
2021-08-04,115720,224
2021-08-05,116068,348
2021-08-06,116566,498
2021-08-07,116717,151
2021-08-08,116760,43
2021-08-09,116944,184
2021-08-10,117094,150
2021-08-11,117277,183
2021-08-12,117502,225
2021-08-13,117886,384
2021-08-14,118072,186
2021-08-15,118118,46
2021-08-16,118373,255
2021-08-17,118578,205
2021-08-18,118823,245
2021-08-19,119096,273
2021-08-20,119461,365
2021-08-21,120421,960
2021-08-22,120484,63
2021-08-23,120769,285
2021-08-24,120977,208
2021-08-25,121191,214
2021-08-26,121474,283
2021-08-27,121888,414
2021-08-28,122044,156
2021-08-29,122097,53
2021-08-30,122307,210
2021-08-31,122468,161
2021-09-01,122673,205
2021-09-02,122872,199
2021-09-03,123224,352
2021-09-04,123357,133
2021-09-05,123407,50
2021-09-06,123456,49
2021-09-07,123626,170
2021-09-08,123821,195
2021-09-09,124080,259
2021-09-10,124445,365
2021-09-11,124582,137
2021-09-12,124643,61
2021-09-13,124800,157
2021-09-14,124986,186
2021-09-15,125099,113
2021-09-16,125320,221
2021-09-17,125605,285
2021-09-18,125711,106
2021-09-19,125749,38
2021-09-20,125885,136
2021-09-21,126044,159
2021-09-22,126191,147
2021-09-23,126410,219
2021-09-24,126769,359
2021-09-25,126870,101
2021-09-26,126896,26
2021-09-27,127010,114
2021-09-28,127127,117
2021-09-29,127278,151
2021-09-30,127474,196
2021-10-01,127749,275
2021-10-02,127811,62
2021-10-03,127841,30
2021-10-04,127958,117
2021-10-05,128096,138
2021-10-06,128260,164
2021-10-07,128419,159
2021-10-08,128645,226
2021-10-09,128717,72
2021-10-10,128757,40
2021-10-11,128873,116
2021-10-12,128971,98
2021-10-13,129090,119
2021-10-14,129278,188
2021-10-15,129495,217
2021-10-16,130160,665
2021-10-17,130200,40
2021-10-18,130337,137
2021-10-19,130456,119
2021-10-20,130552,96
2021-10-21,130697,145
2021-10-22,131114,417
2021-10-23,131287,173
2021-10-24,131415,128
2021-10-25,131870,455
2021-10-26,132346,476
2021-10-27,132887,541
2021-10-28,133599,712
2021-10-29,134413,814
2021-10-30,134569,156
2021-10-31,134652,83
2021-11-01,135091,439
2021-11-02,135526,435
2021-11-03,135995,469
2021-11-04,136764,769
2021-11-05,137727,963
2021-11-06,138201,474
2021-11-07,138320,119
2021-11-08,138872,552
2021-11-09,139417,545
2021-11-10,139957,540
2021-11-11,140611,654
2021-11-12,141722,1111
2021-11-13,143224,1502
2021-11-14,143383,159
2021-11-15,143955,572
2021-11-16,144563,608
2021-11-17,145326,763
2021-11-18,146082,756
2021-11-19,147240,1158
2021-11-20,147772,532
2021-11-21,147931,159
2021-11-22,148397,466
2021-11-23,148941,544
2021-11-24,149507,566
2021-11-26,149788,281
2021-11-27,150056,268
2021-11-28,150200,144
2021-11-29,150756,556
2021-11-30,151451,695
2021-12-01,152127,676
2021-12-02,153149,1022
2021-12-03,154271,1122
2021-12-04,154954,683
2021-12-05,155110,156
2021-12-06,155719,609
2021-12-07,156344,625
2021-12-08,157090,746
2021-12-09,158000,910
2021-12-10,159031,1031
2021-12-11,159947,916
2021-12-12,160102,155
2021-12-13,160529,427
2021-12-14,160945,416
2021-12-15,161502,557
2021-12-16,162193,691
2021-12-17,163092,899
2021-12-18,163315,223
2021-12-19,163460,145
2021-12-20,164104,644
2021-12-21,164515,411
2021-12-22,165168,653
2021-12-23,165728,560
2021-12-24,165843,115
2021-12-25,165844,1
2021-12-26,165961,117
2021-12-27,166335,374
2021-12-28,166753,418
2021-12-29,167146,393
2021-12-30,167644,498
2021-12-31,167789,145
2022-01-01,167807,18
2022-01-02,167919,112
2022-01-03,168274,355
2022-01-04,168523,249
