date,Arizona,Arizona_cum,StatePODs,StatePODs_cum
2021-04-04 00:00:00,11466,3708660,8640.0,1053035.0
2021-04-03 00:00:00,41258,3697194,22176.0,1044395.0
2021-04-02 00:00:00,62945,3655936,23627.0,1022219.0
2021-04-01 00:00:00,67995,3592991,22899.0,998592.0
2021-03-31 00:00:00,71906,3524996,23223.0,975693.0
2021-03-30 00:00:00,63625,3453090,23264.0,952470.0
2021-03-29 00:00:00,58018,3389465,23267.0,929206.0
2021-03-28 00:00:00,37046,3331447,22848.0,905939.0
2021-03-27 00:00:00,50937,3294401,22586.0,883091.0
2021-03-26 00:00:00,68378,3243464,23059.0,860505.0
2021-03-25 00:00:00,69412,3175086,22030.0,837446.0
2021-03-24 00:00:00,62103,3105674,19062.0,815416.0
2021-03-23 00:00:00,47597,3043571,12950.0,796354.0
2021-03-22 00:00:00,42069,2995974,12899.0,783404.0
2021-03-21 00:00:00,30660,2953905,17063.0,770505.0
2021-03-20 00:00:00,45771,2923245,17703.0,753442.0
2021-03-19 00:00:00,58569,2877474,17469.0,735739.0
2021-03-18 00:00:00,62075,2818905,16481.0,718270.0
2021-03-17 00:00:00,61449,2756830,16720.0,701789.0
2021-03-16 00:00:00,53570,2695381,14685.0,685069.0
2021-03-15 00:00:00,46419,2641811,13744.0,670384.0
2021-03-14 00:00:00,27676,2595392,16103.0,656640.0
2021-03-13 00:00:00,50149,2567716,17896.0,640537.0
2021-03-12 00:00:00,70881,2517567,16838.0,622641.0
2021-03-11 00:00:00,69122,2446686,17634.0,605803.0
2021-03-10 00:00:00,66170,2377564,16900.0,588169.0
2021-03-09 00:00:00,56206,2311394,16196.0,571269.0
2021-03-08 00:00:00,49957,2255188,16644.0,555073.0
2021-03-07 00:00:00,25827,2205231,16282.0,538429.0
2021-03-06 00:00:00,44271,2179404,16444.0,522147.0
2021-03-05 00:00:00,57796,2135133,16389.0,505703.0
2021-03-04 00:00:00,57320,2077337,15923.0,489314.0
2021-03-03 00:00:00,58123,2020017,15399.0,473391.0
2021-03-02 00:00:00,49230,1961894,14451.0,457992.0
2021-03-01 00:00:00,44575,1912664,12840.0,443541.0
2021-02-28 00:00:00,25321,1868089,15575.0,430701.0
2021-02-27 00:00:00,51566,1842768,15098.0,415126.0
2021-02-26 00:00:00,66462,1791202,13987.0,400028.0
2021-02-25 00:00:00,59807,1724740,13362.0,386041.0
2021-02-24 00:00:00,56281,1664933,13716.0,372679.0
2021-02-23 00:00:00,43865,1608652,12731.0,358963.0
2021-02-22 00:00:00,27670,1564787,11776.0,346232.0
2021-02-21 00:00:00,14788,1537117,10822.0,334456.0
2021-02-20 00:00:00,34813,1522329,11254.0,323634.0
2021-02-19 00:00:00,41931,1487516,10223.0,312380.0
2021-02-18 00:00:00,44049,1445585,9841.0,302157.0
2021-02-17 00:00:00,46492,1401536,10555.0,292316.0
2021-02-16 00:00:00,44127,1355044,11077.0,281761.0
2021-02-15 00:00:00,31013,1310917,11028.0,270684.0
2021-02-14 00:00:00,17246,1279904,10226.0,259656.0
2021-02-13 00:00:00,45476,1262658,10478.0,249430.0
2021-02-12 00:00:00,60716,1217182,11057.0,238952.0
2021-02-11 00:00:00,50554,1156466,10847.0,227895.0
2021-02-10 00:00:00,50089,1105912,11070.0,217048.0
2021-02-09 00:00:00,43731,1055823,11035.0,205978.0
2021-02-08 00:00:00,38361,1012092,13483.0,194943.0
2021-02-07 00:00:00,16261,973731,11443.0,181460.0
2021-02-06 00:00:00,37955,957470,10990.0,170017.0
2021-02-05 00:00:00,43518,919515,9140.0,159027.0
2021-02-04 00:00:00,45939,875997,9949.0,149887.0
2021-02-03 00:00:00,43332,830058,8975.0,139938.0
2021-02-02 00:00:00,38097,786726,8729.0,130963.0
2021-02-01 00:00:00,29348,748629,8253.0,122234.0
2021-01-31 00:00:00,11541,719281,4834.0,113981.0
2021-01-30 00:00:00,26151,707740,4759.0,109147.0
2021-01-29 00:00:00,39515,681589,4950.0,104388.0
2021-01-28 00:00:00,39253,642074,5409.0,99438.0
2021-01-27 00:00:00,39316,602821,5514.0,94029.0
2021-01-26 00:00:00,36447,563505,6135.0,88515.0
2021-01-25 00:00:00,28962,527058,5274.0,82380.0
2021-01-24 00:00:00,16162,498096,5752.0,77106.0
2021-01-23 00:00:00,28521,481934,5760.0,71354.0
2021-01-22 00:00:00,37601,453413,5562.0,65594.0
2021-01-21 00:00:00,34805,415812,6169.0,60032.0
2021-01-20 00:00:00,31444,381007,5694.0,53863.0
2021-01-19 00:00:00,26496,349563,6001.0,48169.0
2021-01-18 00:00:00,18840,323067,6008.0,42168.0
2021-01-17 00:00:00,9286,304227,5970.0,36160.0
2021-01-16 00:00:00,15697,294941,5663.0,30190.0
2021-01-15 00:00:00,24644,279244,5947.0,24527.0
2021-01-14 00:00:00,24453,254600,5885.0,18580.0
2021-01-13 00:00:00,24944,230147,6323.0,12695.0
2021-01-12 00:00:00,23016,205203,5637.0,6372.0
2021-01-11 00:00:00,15457,182187,733.0,735.0
2021-01-10 00:00:00,3190,166730,,
2021-01-09 00:00:00,7900,163540,,
2021-01-08 00:00:00,11823,155640,1.0,2.0
2021-01-07 00:00:00,12447,143817,,
2021-01-06 00:00:00,11802,131370,,
2021-01-05 00:00:00,8762,119568,1.0,1.0
2021-01-04 00:00:00,8538,110806,,
2021-01-03 00:00:00,3182,102268,,
2021-01-02 00:00:00,7530,99086,,
2021-01-01 00:00:00,541,91556,,
2020-12-31 00:00:00,7749,91015,,
2020-12-30 00:00:00,14745,83266,,
2020-12-29 00:00:00,12712,68521,,
2020-12-28 00:00:00,9133,55809,,
2020-12-27 00:00:00,2638,46676,,
2020-12-26 00:00:00,6504,44038,,
2020-12-25 00:00:00,137,37534,,
2020-12-24 00:00:00,3778,37397,,
2020-12-23 00:00:00,9598,33619,,
2020-12-22 00:00:00,7697,24021,,
2020-12-21 00:00:00,5461,16324,,
2020-12-20 00:00:00,1011,10863,,
2020-12-19 00:00:00,2550,9852,,
2020-12-18 00:00:00,3566,7302,,
2020-12-17 00:00:00,3066,3736,,
2020-12-16 00:00:00,556,670,,
2020-12-15 00:00:00,32,114,,
2020-12-14 00:00:00,7,82,,
2020-12-13 00:00:00,3,75,,
2020-12-12 00:00:00,4,72,,
2020-12-11 00:00:00,7,68,,
2020-12-10 00:00:00,3,61,,
2020-12-09 00:00:00,3,58,,
2020-12-08 00:00:00,3,55,,
2020-12-07 00:00:00,4,52,,
2020-12-05 00:00:00,1,48,,
2020-12-04 00:00:00,3,47,,
2020-12-03 00:00:00,6,44,,
2020-12-02 00:00:00,8,38,,
2020-12-01 00:00:00,30,30,,
