date,Arizona_cume,Arizona
2020-12-01,269,
2020-12-02,295,26
2020-12-03,320,25
2020-12-04,330,10
2020-12-05,334,4
2020-12-06,338,4
2020-12-07,361,23
2020-12-08,378,17
2020-12-09,398,20
2020-12-10,422,24
2020-12-11,440,18
2020-12-12,455,15
2020-12-13,467,12
2020-12-14,491,24
2020-12-15,587,96
2020-12-16,1241,654
2020-12-17,4523,3282
2020-12-18,8280,3757
2020-12-19,10860,2580
2020-12-20,11961,1101
2020-12-21,17562,5601
2020-12-22,25432,7870
2020-12-23,35365,9933
2020-12-24,39256,3891
2020-12-25,39403,147
2020-12-26,45968,6565
2020-12-27,48644,2676
2020-12-28,58190,9546
2020-12-29,71539,13349
2020-12-30,86734,15195
2020-12-31,94943,8209
2021-01-01,97989,3046
2021-01-02,105780,7791
2021-01-03,109056,3276
2021-01-04,118158,9102
2021-01-05,127570,9412
2021-01-06,139961,12391
2021-01-07,153018,13057
2021-01-08,165390,12372
2021-01-09,173423,8033
2021-01-10,176769,3346
2021-01-11,193378,16609
2021-01-12,217132,23754
2021-01-13,243020,25888
2021-01-14,268334,25314
2021-01-15,294181,25847
2021-01-16,310112,15931
2021-01-17,319559,9447
2021-01-18,339125,19566
2021-01-19,366729,27604
2021-01-20,400046,33317
2021-01-21,436377,36331
2021-01-22,475241,38864
2021-01-23,504230,28989
2021-01-24,520598,16368
2021-01-25,550955,30357
2021-01-26,588478,37523
2021-01-27,629317,40839
2021-01-28,670531,41214
2021-01-29,711430,40899
2021-01-30,737990,26560
2021-01-31,749904,11914
2021-02-01,785228,35324
2021-02-02,825472,40244
2021-02-03,870672,45200
2021-02-04,919111,48439
2021-02-05,964544,45433
2021-02-06,1004003,39459
2021-02-07,1020560,16557
2021-02-08,1060387,39827
2021-02-09,1105472,45085
2021-02-10,1157946,52474
2021-02-11,1210790,52844
2021-02-12,1273702,62912
2021-02-13,1320392,46690
2021-02-14,1338011,17619
2021-02-15,1370409,32398
2021-02-16,1416494,46085
2021-02-17,1465050,48556
2021-02-18,1511827,46777
2021-02-19,1555874,44047
2021-02-20,1591921,36047
2021-02-21,1607427,15506
2021-02-22,1637228,29801
2021-02-23,1682594,45366
2021-02-24,1740882,58288
2021-02-25,1802513,61631
2021-02-26,1870701,68188
2021-02-27,1923202,52501
2021-02-28,1949794,26592
2021-03-01,2002544,52750
2021-03-02,2054802,52258
2021-03-03,2114850,60048
2021-03-04,2174640,59790
2021-03-05,2235529,60889
2021-03-06,2281937,46408
2021-03-07,2308438,26501
2021-03-08,2361024,52586
2021-03-09,2419357,58333
2021-03-10,2488854,69497
2021-03-11,2561736,72882
2021-03-12,2636776,75040
2021-03-13,2690355,53579
2021-03-14,2719583,29228
2021-03-15,2769255,49672
2021-03-16,2825770,56515
2021-03-17,2890662,64892
2021-03-18,2956543,65881
2021-03-19,3018638,62095
2021-03-20,3067165,48527
2021-03-21,3099473,32308
2021-03-22,3144857,45384
2021-03-23,3195337,50480
2021-03-24,3260745,65408
2021-03-25,3334264,73519
2021-03-26,3406744,72480
2021-03-27,3461288,54544
2021-03-28,3500323,39035
2021-03-29,3563493,63170
2021-03-30,3632665,69172
2021-03-31,3712042,79377
2021-04-01,3793889,81847
2021-04-02,3864731,70842
2021-04-03,3915314,50583
2021-04-04,3936747,21433
2021-04-05,3996694,59947
2021-04-06,4064281,67587
2021-04-07,4140977,76696
2021-04-08,4219299,78322
2021-04-09,4291405,72106
2021-04-10,4341459,50054
2021-04-11,4372857,31398
2021-04-12,4426554,53697
2021-04-13,4477630,51076
2021-04-14,4538720,61090
2021-04-15,4604233,65513
2021-04-16,4668218,63985
2021-04-17,4711570,43352
2021-04-18,4741769,30199
2021-04-19,4795346,53577
2021-04-20,4851020,55674
2021-04-21,4914034,63014
2021-04-22,4977465,63431
2021-04-23,5036676,59211
2021-04-24,5076958,40282
2021-04-25,5102895,25937
2021-04-26,5150264,47369
2021-04-27,5200241,49977
2021-04-28,5250864,50623
2021-04-29,5297550,46686
2021-04-30,5343757,46207
2021-05-01,5372418,28661
2021-05-02,5393680,21262
2021-05-03,5424391,30711
2021-05-04,5464151,39760
2021-05-05,5499982,35831
2021-05-06,5538137,38155
2021-05-07,5577097,38960
2021-05-08,5604045,26948
2021-05-09,5617005,12960
2021-05-10,5643451,26446
2021-05-11,5670098,26647
2021-05-12,5701072,30974
2021-05-13,5740985,39913
2021-05-14,5781279,40294
2021-05-15,5812432,31153
2021-05-16,5829700,17268
2021-05-17,5862429,32729
2021-05-18,5890527,28098
2021-05-19,5927039,36512
2021-05-20,5958154,31115
2021-05-21,5992365,34211
2021-05-22,6018582,26217
2021-05-23,6029507,10925
2021-05-24,6052321,22814
2021-05-25,6074087,21766
2021-05-26,6097664,23577
2021-05-27,6119352,21688
2021-05-28,6143569,24217
2021-05-29,6156898,13329
2021-05-30,6164374,7476
2021-05-31,6168915,4541
2021-06-01,6190289,21374
2021-06-02,6210804,20515
2021-06-03,6234336,23532
2021-06-04,6260759,26423
2021-06-05,6281482,20723
2021-06-06,6291228,9746
2021-06-07,6311363,20135
2021-06-08,6330517,19154
2021-06-09,6351083,20566
2021-06-10,6371801,20718
2021-06-11,6397388,25587
2021-06-12,6414310,16922
2021-06-13,6422365,8055
2021-06-14,6440150,17785
2021-06-15,6456528,16378
2021-06-16,6473212,16684
2021-06-17,6489390,16178
2021-06-18,6508424,19034
2021-06-19,6519599,11175
2021-06-20,6525369,5770
2021-06-21,6537061,11692
2021-06-22,6551122,14061
2021-06-23,6566355,15233
2021-06-24,6580680,14325
2021-06-25,6597035,16355
2021-06-26,6607015,9980
2021-06-27,6612955,5940
2021-06-28,6624873,11918
2021-06-29,6636856,11983
2021-06-30,6649979,13123
2021-07-01,6662913,12934
2021-07-02,6676295,13382
2021-07-03,6684002,7707
2021-07-04,6685338,1336
2021-07-05,6694692,9354
2021-07-06,6705682,10990
2021-07-07,6716955,11273
2021-07-08,6728077,11122
2021-07-09,6743306,15229
2021-07-10,6753414,10108
2021-07-11,6758428,5014
2021-07-12,6769549,11121
2021-07-13,6779635,10086
2021-07-14,6790246,10611
2021-07-15,6800994,10748
2021-07-16,6814681,13687
2021-07-17,6823172,8491
2021-07-18,6828515,5343
2021-07-19,6841001,12486
2021-07-20,6852855,11854
2021-07-21,6865823,12968
2021-07-22,6878928,13105
2021-07-23,6894954,16026
2021-07-24,6905703,10749
2021-07-25,6912376,6673
2021-07-26,6926394,14018
2021-07-27,6940466,14072
2021-07-28,6955207,14741
2021-07-29,6969626,14419
2021-07-30,6989141,19515
2021-07-31,7002550,13409
2021-08-01,7010367,7817
2021-08-02,7025421,15054
2021-08-03,7039222,13801
2021-08-04,7053760,14538
2021-08-05,7068002,14242
2021-08-06,7087795,19793
2021-08-07,7100940,13145
2021-08-08,7108665,7725
2021-08-09,7124138,15473
2021-08-10,7138530,14392
2021-08-11,7152892,14362
2021-08-12,7168170,15278
2021-08-13,7188843,20673
2021-08-14,7202905,14062
2021-08-15,7211488,8583
2021-08-16,7228667,17179
2021-08-17,7245011,16344
2021-08-18,7261926,16915
2021-08-19,7277523,15597
2021-08-20,7297712,20189
2021-08-21,7311643,13931
2021-08-22,7319717,8074
2021-08-23,7336606,16889
2021-08-24,7352760,16154
2021-08-25,7368940,16180
2021-08-26,7384689,15749
2021-08-27,7405274,20585
2021-08-28,7418901,13627
2021-08-29,7426993,8092
2021-08-30,7442487,15494
2021-08-31,7455793,13306
2021-09-01,7470366,14573
2021-09-02,7481789,11423
2021-09-03,7500091,18302
2021-09-04,7510686,10595
2021-09-05,7517238,6552
2021-09-06,7519630,2392
2021-09-07,7533391,13761
2021-09-08,7546471,13080
2021-09-09,7557493,11022
2021-09-10,7574396,16903
2021-09-11,7585609,11213
2021-09-12,7592214,6605
2021-09-13,7605893,13679
2021-09-14,7618266,12373
2021-09-15,7625857,7591
2021-09-16,7635898,10041
2021-09-17,7651642,15744
2021-09-18,7661627,9985
2021-09-19,7667106,5479
2021-09-20,7674464,7358
2021-09-21,7685303,10839
2021-09-22,7696668,11365
2021-09-23,7707748,11080
2021-09-24,7728074,20326
2021-09-25,7743346,15272
2021-09-26,7752133,8787
2021-09-27,7772571,20438
2021-09-28,7792737,20166
2021-09-29,7813308,20571
2021-09-30,7834102,20794
2021-10-01,7857394,23292
2021-10-02,7869440,12046
2021-10-03,7875866,6426
2021-10-04,7894414,18548
2021-10-05,7913328,18914
2021-10-06,7930112,16784
2021-10-07,7944655,14543
2021-10-08,7961638,16983
2021-10-09,7972725,11087
2021-10-10,7979969,7244
2021-10-11,7997073,17104
2021-10-12,8006692,9619
2021-10-13,8019991,13299
2021-10-14,8036305,16314
2021-10-15,8054114,17809
2021-10-16,8064430,10316
2021-10-17,8070823,6393
2021-10-18,8086557,15734
2021-10-19,8101292,14735
2021-10-20,8115948,14656
2021-10-21,8130425,14477
2021-10-22,8155028,24603
2021-10-23,8170236,15208
2021-10-24,8180040,9804
2021-10-25,8206222,26182
2021-10-26,8231854,25632
2021-10-27,8258735,26881
2021-10-28,8284961,26226
2021-10-29,8312325,27364
2021-10-30,8324842,12517
2021-10-31,8331809,6967
2021-11-01,8354180,22371
2021-11-02,8377983,23803
2021-11-03,8398601,20618
2021-11-04,8424161,25560
2021-11-05,8455242,31081
2021-11-06,8476331,21089
2021-11-07,8488307,11976
2021-11-08,8517007,28700
2021-11-09,8545188,28181
2021-11-10,8576832,31644
2021-11-11,8603562,26730
2021-11-12,8635151,31589
2021-11-13,8658330,23179
2021-11-14,8670171,11841
2021-11-15,8699181,29010
2021-11-16,8727705,28524
2021-11-17,8757817,30112
2021-11-18,8788150,30333
2021-11-19,8823809,35659
2021-11-20,8846863,23054
2021-11-21,8859548,12685
2021-11-22,8890746,31198
2021-11-23,8922908,32162
2021-11-24,8951328,28420
2021-11-25,8951526,198
2021-11-26,8972882,21356
2021-11-27,8988451,15569
2021-11-28,9001011,12560
2021-11-29,9031387,30376
2021-11-30,9063964,32577
2021-12-01,9100717,36753
2021-12-02,9133551,32834
2021-12-03,9169722,36171
2021-12-04,9194843,25121
2021-12-05,9208448,13605
2021-12-06,9238860,30412
2021-12-07,9271340,32480
2021-12-08,9305027,33687
2021-12-09,9339673,34646
2021-12-10,9373513,33840
2021-12-11,9393803,20290
2021-12-12,9405713,11910
2021-12-13,9431707,25994
2021-12-14,9453664,21957
2021-12-15,9476841,23177
2021-12-16,9487912,11071
