date,Arizona_cume,Arizona
2020-12-01,275,
2020-12-02,302,27
2020-12-03,328,26
2020-12-04,339,11
2020-12-05,343,4
2020-12-06,347,4
2020-12-07,370,23
2020-12-08,388,18
2020-12-09,408,20
2020-12-10,433,25
2020-12-11,451,18
2020-12-12,467,16
2020-12-13,480,13
2020-12-14,504,24
2020-12-15,603,99
2020-12-16,1259,656
2020-12-17,4543,3284
2020-12-18,8301,3758
2020-12-19,10884,2583
2020-12-20,11994,1110
2020-12-21,17601,5607
2020-12-22,25471,7870
2020-12-23,35409,9938
2020-12-24,39301,3892
2020-12-25,39448,147
2020-12-26,46013,6565
2020-12-27,48689,2676
2020-12-28,58239,9550
2020-12-29,71591,13352
2020-12-30,86791,15200
2020-12-31,95011,8220
2021-01-01,98139,3128
2021-01-02,105939,7800
2021-01-03,109217,3278
2021-01-04,118333,9116
2021-01-05,127755,9422
2021-01-06,140153,12398
2021-01-07,153216,13063
2021-01-08,165597,12381
2021-01-09,173632,8035
2021-01-10,176983,3351
2021-01-11,193606,16623
2021-01-12,217375,23769
2021-01-13,243278,25903
2021-01-14,268605,25327
2021-01-15,294470,25865
2021-01-16,310409,15939
2021-01-17,319861,9452
2021-01-18,339435,19574
2021-01-19,367051,27616
2021-01-20,400383,33332
2021-01-21,436729,36346
2021-01-22,475612,38883
2021-01-23,504611,28999
2021-01-24,520985,16374
2021-01-25,551361,30376
2021-01-26,588894,37533
2021-01-27,629746,40852
2021-01-28,670979,41233
2021-01-29,711894,40915
2021-01-30,738465,26571
2021-01-31,750395,11930
2021-02-01,785864,35469
2021-02-02,826139,40275
2021-02-03,871377,45238
2021-02-04,919845,48468
2021-02-05,965298,45453
2021-02-06,1004771,39473
2021-02-07,1021329,16558
2021-02-08,1061176,39847
2021-02-09,1106287,45111
2021-02-10,1158785,52498
2021-02-11,1211654,52869
2021-02-12,1274592,62938
2021-02-13,1321302,46710
2021-02-14,1338931,17629
2021-02-15,1371352,32421
2021-02-16,1417461,46109
2021-02-17,1466038,48577
2021-02-18,1512844,46806
2021-02-19,1556912,44068
2021-02-20,1592984,36072
2021-02-21,1608512,15528
2021-02-22,1638338,29826
2021-02-23,1683719,45381
2021-02-24,1742043,58324
2021-02-25,1803701,61658
2021-02-26,1871929,68228
2021-02-27,1924445,52516
2021-02-28,1951073,26628
2021-03-01,2004026,52953
2021-03-02,2056322,52296
2021-03-03,2116413,60091
2021-03-04,2176234,59821
2021-03-05,2237147,60913
2021-03-06,2283577,46430
2021-03-07,2310089,26512
2021-03-08,2362704,52615
2021-03-09,2421061,58357
2021-03-10,2490589,69528
2021-03-11,2563501,72912
2021-03-12,2638574,75073
2021-03-13,2692181,53607
2021-03-14,2721423,29242
2021-03-15,2771140,49717
2021-03-16,2827676,56536
2021-03-17,2892608,64932
2021-03-18,2958531,65923
2021-03-19,3020647,62116
2021-03-20,3069204,48557
2021-03-21,3101535,32331
2021-03-22,3146943,45408
2021-03-23,3197439,50496
2021-03-24,3262892,65453
2021-03-25,3336454,73562
2021-03-26,3408963,72509
2021-03-27,3463600,54637
2021-03-28,3502651,39051
2021-03-29,3565842,63191
2021-03-30,3635040,69198
2021-03-31,3714451,79411
2021-04-01,3796474,82023
2021-04-02,3867361,70887
2021-04-03,3917998,50637
2021-04-04,3939438,21440
2021-04-05,3999438,60000
2021-04-06,4067094,67656
2021-04-07,4143818,76724
2021-04-08,4222192,78374
2021-04-09,4294357,72165
2021-04-10,4344461,50104
2021-04-11,4375870,31409
2021-04-12,4429591,53721
2021-04-13,4480690,51099
2021-04-14,4541804,61114
2021-04-15,4607358,65554
2021-04-16,4671374,64016
2021-04-17,4714738,43364
2021-04-18,4744942,30204
2021-04-19,4798534,53592
2021-04-20,4854235,55701
2021-04-21,4917278,63043
2021-04-22,4980738,63460
2021-04-23,5039970,59232
2021-04-24,5080265,40295
2021-04-25,5106208,25943
2021-04-26,5153600,47392
2021-04-27,5203593,49993
2021-04-28,5254246,50653
2021-04-29,5300957,46711
2021-04-30,5347196,46239
2021-05-01,5375951,28755
2021-05-02,5397221,21270
2021-05-03,5427945,30724
2021-05-04,5467735,39790
2021-05-05,5503592,35857
2021-05-06,5541764,38172
2021-05-07,5580748,38984
2021-05-08,5607698,26950
2021-05-09,5620660,12962
2021-05-10,5647120,26460
2021-05-11,5673776,26656
2021-05-12,5704772,30996
2021-05-13,5744708,39936
2021-05-14,5785010,40302
2021-05-15,5816189,31179
2021-05-16,5833461,17272
2021-05-17,5866200,32739
2021-05-18,5894307,28107
2021-05-19,5930825,36518
2021-05-20,5961955,31130
2021-05-21,5996183,34228
2021-05-22,6022408,26225
2021-05-23,6033334,10926
2021-05-24,6056164,22830
2021-05-25,6077939,21775
2021-05-26,6101525,23586
2021-05-27,6123222,21697
2021-05-28,6147452,24230
2021-05-29,6160789,13337
2021-05-30,6168274,7485
2021-05-31,6172818,4544
2021-06-01,6194249,21431
2021-06-02,6214780,20531
2021-06-03,6238333,23553
2021-06-04,6264781,26448
2021-06-05,6285508,20727
2021-06-06,6295260,9752
2021-06-07,6315415,20155
2021-06-08,6334586,19171
2021-06-09,6355171,20585
2021-06-10,6375896,20725
2021-06-11,6401513,25617
2021-06-12,6418439,16926
2021-06-13,6426497,8058
2021-06-14,6444298,17801
2021-06-15,6460696,16398
2021-06-16,6477388,16692
2021-06-17,6493587,16199
2021-06-18,6512634,19047
2021-06-19,6523813,11179
2021-06-20,6529588,5775
2021-06-21,6541294,11706
2021-06-22,6555365,14071
2021-06-23,6570619,15254
2021-06-24,6584956,14337
2021-06-25,6601326,16370
2021-06-26,6611318,9992
2021-06-27,6617260,5942
2021-06-28,6629189,11929
2021-06-29,6641176,11987
2021-06-30,6654317,13141
2021-07-01,6667291,12974
2021-07-02,6680681,13390
2021-07-03,6688392,7711
2021-07-04,6689728,1336
2021-07-05,6699087,9359
2021-07-06,6710084,10997
2021-07-07,6721370,11286
2021-07-08,6732508,11138
2021-07-09,6747745,15237
2021-07-10,6757856,10111
2021-07-11,6762873,5017
2021-07-12,6774006,11133
2021-07-13,6784097,10091
2021-07-14,6794720,10623
2021-07-15,6805472,10752
2021-07-16,6819180,13708
2021-07-17,6827677,8497
2021-07-18,6833021,5344
2021-07-19,6845510,12489
2021-07-20,6857368,11858
2021-07-21,6870347,12979
2021-07-22,6883457,13110
2021-07-23,6899495,16038
2021-07-24,6910246,10751
2021-07-25,6916920,6674
2021-07-26,6930941,14021
2021-07-27,6945016,14075
2021-07-28,6959764,14748
2021-07-29,6974189,14425
2021-07-30,6993714,19525
2021-07-31,7007130,13416
2021-08-01,7014988,7858
2021-08-02,7030052,15064
2021-08-03,7043856,13804
2021-08-04,7058406,14550
2021-08-05,7072650,14244
2021-08-06,7092455,19805
2021-08-07,7105606,13151
2021-08-08,7113335,7729
2021-08-09,7128814,15479
2021-08-10,7143214,14400
2021-08-11,7157585,14371
2021-08-12,7172865,15280
2021-08-13,7193547,20682
2021-08-14,7207618,14071
2021-08-15,7216210,8592
2021-08-16,7233395,17185
2021-08-17,7249742,16347
2021-08-18,7266660,16918
2021-08-19,7282257,15597
2021-08-20,7302458,20201
2021-08-21,7316395,13937
2021-08-22,7324470,8075
2021-08-23,7341363,16893
2021-08-24,7357519,16156
2021-08-25,7373706,16187
2021-08-26,7389460,15754
2021-08-27,7410056,20596
2021-08-28,7423691,13635
2021-08-29,7431784,8093
2021-08-30,7447285,15501
2021-08-31,7460600,13315
2021-09-01,7475231,14631
2021-09-02,7486659,11428
2021-09-03,7504970,18311
2021-09-04,7515567,10597
2021-09-05,7522120,6553
2021-09-06,7524521,2401
2021-09-07,7538287,13766
2021-09-08,7551377,13090
2021-09-09,7562405,11028
2021-09-10,7579317,16912
2021-09-11,7590571,11254
2021-09-12,7597179,6608
2021-09-13,7610865,13686
2021-09-14,7623246,12381
2021-09-15,7630857,7611
2021-09-16,7640904,10047
2021-09-17,7656662,15758
2021-09-18,7666650,9988
2021-09-19,7672132,5482
2021-09-20,7679501,7369
2021-09-21,7690349,10848
2021-09-22,7701729,11380
2021-09-23,7712814,11085
2021-09-24,7733156,20342
2021-09-25,7748434,15278
2021-09-26,7757224,8790
2021-09-27,7777678,20454
2021-09-28,7797861,20183
2021-09-29,7818447,20586
2021-09-30,7839281,20834
2021-10-01,7862676,23395
2021-10-02,7874726,12050
2021-10-03,7881156,6430
2021-10-04,7899721,18565
2021-10-05,7918659,18938
2021-10-06,7935458,16799
2021-10-07,7950020,14562
2021-10-08,7967025,17005
2021-10-09,7978121,11096
2021-10-10,7985371,7250
2021-10-11,8002491,17120
2021-10-12,8012125,9634
2021-10-13,8025448,13323
2021-10-14,8041771,16323
2021-10-15,8059608,17837
2021-10-16,8069938,10330
2021-10-17,8076336,6398
2021-10-18,8092089,15753
2021-10-19,8106832,14743
2021-10-20,8121523,14691
2021-10-21,8136025,14502
2021-10-22,8160647,24622
2021-10-23,8175877,15230
2021-10-24,8185688,9811
2021-10-25,8211900,26212
2021-10-26,8237569,25669
2021-10-27,8264498,26929
2021-10-28,8290758,26260
2021-10-29,8318169,27411
2021-10-30,8330792,12623
2021-10-31,8337775,6983
2021-11-01,8360292,22517
2021-11-02,8384131,23839
2021-11-03,8404810,20679
2021-11-04,8430479,25669
2021-11-05,8461691,31212
2021-11-06,8482867,21176
2021-11-07,8494855,11988
2021-11-08,8523605,28750
2021-11-09,8551961,28356
2021-11-10,8583936,31975
2021-11-11,8610714,26778
2021-11-12,8642422,31708
2021-11-13,8665623,23201
2021-11-14,8677468,11845
2021-11-15,8706542,29074
2021-11-16,8735215,28673
2021-11-17,8765511,30296
2021-11-18,8795918,30407
2021-11-19,8831667,35749
2021-11-20,8854981,23314
2021-11-21,8867686,12705
2021-11-22,8899013,31327
2021-11-23,8931289,32276
2021-11-24,8959761,28472
2021-11-25,8959969,208
2021-11-26,8981354,21385
2021-11-27,8996945,15591
2021-11-28,9009519,12574
2021-11-29,9040122,30603
2021-11-30,9072937,32815
2021-12-01,9109967,37030
2021-12-02,9143286,33319
2021-12-03,9180112,36826
2021-12-04,9205636,25524
2021-12-05,9219276,13640
2021-12-06,9250117,30841
2021-12-07,9282899,32782
2021-12-08,9316966,34067
2021-12-09,9352066,35100
2021-12-10,9386523,34457
2021-12-11,9407464,20941
2021-12-12,9419768,12304
2021-12-13,9446607,26839
2021-12-14,9469266,22659
2021-12-15,9496775,27509
2021-12-16,9525619,28844
2021-12-17,9555975,30356
2021-12-18,9572773,16798
2021-12-19,9585291,12518
2021-12-20,9614640,29349
2021-12-21,9642583,27943
2021-12-22,9671205,28622
2021-12-23,9682086,10881
