date,Arizona_cume,Arizona
2020-12-01 00:00:00,160,
2020-12-02 00:00:00,179,19
2020-12-03 00:00:00,197,18
2020-12-04 00:00:00,204,7
2020-12-05 00:00:00,206,2
2020-12-06 00:00:00,208,2
2020-12-07 00:00:00,221,13
2020-12-08 00:00:00,232,11
2020-12-09 00:00:00,243,11
2020-12-10 00:00:00,262,19
2020-12-11 00:00:00,277,15
2020-12-12 00:00:00,287,10
2020-12-13 00:00:00,295,8
2020-12-14 00:00:00,316,21
2020-12-15 00:00:00,383,67
2020-12-16 00:00:00,990,607
2020-12-17 00:00:00,4167,3177
2020-12-18 00:00:00,7836,3669
2020-12-19 00:00:00,10404,2568
2020-12-20 00:00:00,11452,1048
2020-12-21 00:00:00,16998,5546
2020-12-22 00:00:00,24817,7819
2020-12-23 00:00:00,34658,9841
2020-12-24 00:00:00,38523,3865
2020-12-25 00:00:00,38665,142
2020-12-26 00:00:00,45208,6543
2020-12-27 00:00:00,47875,2667
2020-12-28 00:00:00,57344,9469
2020-12-29 00:00:00,70644,13300
2020-12-30 00:00:00,85746,15102
2020-12-31 00:00:00,93734,7988
2021-01-01 00:00:00,95580,1846
2021-01-02 00:00:00,103243,7663
2021-01-03 00:00:00,106474,3231
2021-01-04 00:00:00,115292,8818
2021-01-05 00:00:00,124446,9154
2021-01-06 00:00:00,136576,12130
2021-01-07 00:00:00,149379,12803
2021-01-08 00:00:00,161497,12118
2021-01-09 00:00:00,169475,7978
2021-01-10 00:00:00,172749,3274
2021-01-11 00:00:00,188637,15888
2021-01-12 00:00:00,211963,23326
2021-01-13 00:00:00,237406,25443
2021-01-14 00:00:00,262262,24856
2021-01-15 00:00:00,287591,25329
2021-01-16 00:00:00,303433,15842
2021-01-17 00:00:00,312817,9384
2021-01-18 00:00:00,331957,19140
2021-01-19 00:00:00,359257,27300
2021-01-20 00:00:00,391555,32298
2021-01-21 00:00:00,426898,35343
2021-01-22 00:00:00,465321,38423
2021-01-23 00:00:00,494163,28842
2021-01-24 00:00:00,510445,16282
2021-01-25 00:00:00,540456,30011
2021-01-26 00:00:00,577666,37210
2021-01-27 00:00:00,617929,40263
2021-01-28 00:00:00,658272,40343
2021-01-29 00:00:00,698551,40279
2021-01-30 00:00:00,724976,26425
2021-01-31 00:00:00,736680,11704
2021-02-01 00:00:00,769370,32690
2021-02-02 00:00:00,808760,39390
2021-02-03 00:00:00,853085,44325
2021-02-04 00:00:00,900399,47314
2021-02-05 00:00:00,945078,44679
2021-02-06 00:00:00,984143,39065
2021-02-07 00:00:00,1000608,16465
2021-02-08 00:00:00,1039963,39355
2021-02-09 00:00:00,1084644,44681
2021-02-10 00:00:00,1136139,51495
2021-02-11 00:00:00,1188427,52288
2021-02-12 00:00:00,1250871,62444
2021-02-13 00:00:00,1297347,46476
2021-02-14 00:00:00,1314857,17510
2021-02-15 00:00:00,1346743,31886
2021-02-16 00:00:00,1391937,45194
2021-02-17 00:00:00,1439725,47788
2021-02-18 00:00:00,1485512,45787
2021-02-19 00:00:00,1529121,43609
2021-02-20 00:00:00,1564785,35664
2021-02-21 00:00:00,1580012,15227
2021-02-22 00:00:00,1609070,29058
2021-02-23 00:00:00,1653916,44846
2021-02-24 00:00:00,1711547,57631
2021-02-25 00:00:00,1772683,61136
2021-02-26 00:00:00,1840434,67751
2021-02-27 00:00:00,1892446,52012
2021-02-28 00:00:00,1918525,26079
2021-03-01 00:00:00,1967954,49429
2021-03-02 00:00:00,2019663,51709
2021-03-03 00:00:00,2079133,59470
2021-03-04 00:00:00,2138432,59299
2021-03-05 00:00:00,2198834,60402
2021-03-06 00:00:00,2244840,46006
2021-03-07 00:00:00,2271162,26322
2021-03-08 00:00:00,2323274,52112
2021-03-09 00:00:00,2381096,57822
2021-03-10 00:00:00,2449916,68820
2021-03-11 00:00:00,2522276,72360
2021-03-12 00:00:00,2596711,74435
2021-03-13 00:00:00,2649885,53174
2021-03-14 00:00:00,2678924,29039
2021-03-15 00:00:00,2727840,48916
2021-03-16 00:00:00,2783959,56119
2021-03-17 00:00:00,2848075,64116
2021-03-18 00:00:00,2913506,65431
2021-03-19 00:00:00,2975144,61638
2021-03-20 00:00:00,3023105,47961
2021-03-21 00:00:00,3055083,31978
2021-03-22 00:00:00,3099968,44885
2021-03-23 00:00:00,3150034,50066
2021-03-24 00:00:00,3214862,64828
2021-03-25 00:00:00,3287854,72992
2021-03-26 00:00:00,3359775,71921
2021-03-27 00:00:00,3413892,54117
2021-03-28 00:00:00,3452668,38776
2021-03-29 00:00:00,3515375,62707
2021-03-30 00:00:00,3584024,68649
2021-03-31 00:00:00,3662741,78717
2021-04-01 00:00:00,3741656,78915
2021-04-02 00:00:00,3811965,70309
2021-04-03 00:00:00,3862252,50287
2021-04-04 00:00:00,3883504,21252
2021-04-05 00:00:00,3942955,59451
2021-04-06 00:00:00,4010117,67162
2021-04-07 00:00:00,4086422,76305
2021-04-08 00:00:00,4164225,77803
2021-04-09 00:00:00,4235759,71534
2021-04-10 00:00:00,4285507,49748
2021-04-11 00:00:00,4316749,31242
2021-04-12 00:00:00,4369898,53149
2021-04-13 00:00:00,4420603,50705
2021-04-14 00:00:00,4481206,60603
2021-04-15 00:00:00,4546176,64970
2021-04-16 00:00:00,4609756,63580
2021-04-17 00:00:00,4652938,43182
2021-04-18 00:00:00,4682991,30053
2021-04-19 00:00:00,4736269,53278
2021-04-20 00:00:00,4791548,55279
2021-04-21 00:00:00,4854084,62536
2021-04-22 00:00:00,4917082,62998
2021-04-23 00:00:00,4975964,58882
2021-04-24 00:00:00,5016023,40059
2021-04-25 00:00:00,5041848,25825
2021-04-26 00:00:00,5088887,47039
2021-04-27 00:00:00,5138520,49633
2021-04-28 00:00:00,5188738,50218
2021-04-29 00:00:00,5235049,46311
2021-04-30 00:00:00,5280782,45733
2021-05-01 00:00:00,5308311,27529
2021-05-02 00:00:00,5329477,21166
2021-05-03 00:00:00,5359887,30410
2021-05-04 00:00:00,5399433,39546
2021-05-05 00:00:00,5435016,35583
2021-05-06 00:00:00,5472947,37931
2021-05-07 00:00:00,5511675,38728
2021-05-08 00:00:00,5538499,26824
2021-05-09 00:00:00,5551392,12893
2021-05-10 00:00:00,5577606,26214
2021-05-11 00:00:00,5604035,26429
2021-05-12 00:00:00,5634775,30740
2021-05-13 00:00:00,5674475,39700
2021-05-14 00:00:00,5714560,40085
2021-05-15 00:00:00,5745255,30695
2021-05-16 00:00:00,5762243,16988
2021-05-17 00:00:00,5794741,32498
2021-05-18 00:00:00,5822653,27912
2021-05-19 00:00:00,5858976,36323
2021-05-20 00:00:00,5889848,30872
2021-05-21 00:00:00,5923813,33965
2021-05-22 00:00:00,5949881,26068
2021-05-23 00:00:00,5960744,10863
2021-05-24 00:00:00,5983389,22645
2021-05-25 00:00:00,6004992,21603
2021-05-26 00:00:00,6028425,23433
2021-05-27 00:00:00,6049960,21535
2021-05-28 00:00:00,6073996,24036
2021-05-29 00:00:00,6087225,13229
2021-05-30 00:00:00,6094619,7394
2021-05-31 00:00:00,6099067,4448
2021-06-01 00:00:00,6119848,20781
2021-06-02 00:00:00,6140241,20393
2021-06-03 00:00:00,6163657,23416
2021-06-04 00:00:00,6189921,26264
2021-06-05 00:00:00,6210570,20649
2021-06-06 00:00:00,6220273,9703
2021-06-07 00:00:00,6240262,19989
2021-06-08 00:00:00,6259289,19027
2021-06-09 00:00:00,6279722,20433
2021-06-10 00:00:00,6300312,20590
2021-06-11 00:00:00,6325790,25478
2021-06-12 00:00:00,6342598,16808
2021-06-13 00:00:00,6350611,8013
2021-06-14 00:00:00,6368259,17648
2021-06-15 00:00:00,6384498,16239
2021-06-16 00:00:00,6401065,16567
2021-06-17 00:00:00,6417158,16093
2021-06-18 00:00:00,6436069,18911
2021-06-19 00:00:00,6447194,11125
2021-06-20 00:00:00,6452914,5720
2021-06-21 00:00:00,6464478,11564
2021-06-22 00:00:00,6478418,13940
2021-06-23 00:00:00,6493518,15100
2021-06-24 00:00:00,6507726,14208
2021-06-25 00:00:00,6523877,16151
2021-06-26 00:00:00,6533800,9923
2021-06-27 00:00:00,6539714,5914
2021-06-28 00:00:00,6551534,11820
2021-06-29 00:00:00,6563426,11892
2021-06-30 00:00:00,6576412,12986
2021-07-01 00:00:00,6588912,12500
2021-07-02 00:00:00,6602146,13234
2021-07-03 00:00:00,6609822,7676
2021-07-04 00:00:00,6611141,1319
2021-07-05 00:00:00,6620435,9294
2021-07-06 00:00:00,6631356,10921
2021-07-07 00:00:00,6642496,11140
2021-07-08 00:00:00,6653459,10963
2021-07-09 00:00:00,6668319,14860
2021-07-10 00:00:00,6678148,9829
2021-07-11 00:00:00,6683146,4998
2021-07-12 00:00:00,6694189,11043
2021-07-13 00:00:00,6704138,9949
2021-07-14 00:00:00,6714599,10461
2021-07-15 00:00:00,6725163,10564
2021-07-16 00:00:00,6738756,13593
2021-07-17 00:00:00,6747199,8443
2021-07-18 00:00:00,6752513,5314
2021-07-19 00:00:00,6764821,12308
2021-07-20 00:00:00,6776457,11636
2021-07-21 00:00:00,6789206,12749
2021-07-22 00:00:00,6802098,12892
2021-07-23 00:00:00,6817881,15783
2021-07-24 00:00:00,6828471,10590
2021-07-25 00:00:00,6835121,6650
2021-07-26 00:00:00,6848931,13810
2021-07-27 00:00:00,6862787,13856
2021-07-28 00:00:00,6877317,14530
2021-07-29 00:00:00,6891463,14146
2021-07-30 00:00:00,6910618,19155
2021-07-31 00:00:00,6923712,13094
2021-08-01 00:00:00,6931181,7469
2021-08-02 00:00:00,6945959,14778
2021-08-03 00:00:00,6959548,13589
2021-08-04 00:00:00,6973820,14272
2021-08-05 00:00:00,6987839,14019
2021-08-06 00:00:00,7007394,19555
2021-08-07 00:00:00,7020456,13062
2021-08-08 00:00:00,7028128,7672
2021-08-09 00:00:00,7043379,15251
2021-08-10 00:00:00,7057558,14179
2021-08-11 00:00:00,7071669,14111
2021-08-12 00:00:00,7086737,15068
2021-08-13 00:00:00,7107164,20427
2021-08-14 00:00:00,7120994,13830
2021-08-15 00:00:00,7129193,8199
2021-08-16 00:00:00,7146102,16909
2021-08-17 00:00:00,7162209,16107
2021-08-18 00:00:00,7178836,16627
2021-08-19 00:00:00,7194132,15296
2021-08-20 00:00:00,7213898,19766
2021-08-21 00:00:00,7227631,13733
2021-08-22 00:00:00,7235665,8034
2021-08-23 00:00:00,7252287,16622
2021-08-24 00:00:00,7268233,15946
2021-08-25 00:00:00,7284233,16000
2021-08-26 00:00:00,7299643,15410
2021-08-27 00:00:00,7319818,20175
2021-08-28 00:00:00,7332852,13034
2021-08-29 00:00:00,7340884,8032
2021-08-30 00:00:00,7356086,15202
2021-08-31 00:00:00,7369034,12948
2021-09-01 00:00:00,7382765,13731
2021-09-02 00:00:00,7393817,11052
2021-09-03 00:00:00,7411754,17937
2021-09-04 00:00:00,7422018,10264
2021-09-05 00:00:00,7428502,6484
2021-09-06 00:00:00,7430801,2299
2021-09-07 00:00:00,7444103,13302
2021-09-08 00:00:00,7456769,12666
2021-09-09 00:00:00,7467208,10439
2021-09-10 00:00:00,7483289,16081
2021-09-11 00:00:00,7493540,10251
2021-09-12 00:00:00,7499943,6403
2021-09-13 00:00:00,7512575,12632
2021-09-14 00:00:00,7516167,3592
