date,Pinal_cume,Pinal
1/1/2021,5,
1/10/2021,6,1
1/11/2021,11,5
1/12/2021,48,37
1/13/2021,81,33
1/14/2021,108,27
1/15/2021,119,11
1/16/2021,267,148
1/17/2021,516,249
1/18/2021,887,371
1/19/2021,957,70
1/2/2021,1270,313
1/20/2021,1346,76
1/21/2021,1786,440
1/22/2021,2417,631
1/23/2021,3272,855
1/24/2021,3814,542
1/25/2021,3880,66
1/26/2021,4396,516
1/27/2021,4563,167
1/28/2021,5143,580
1/29/2021,5769,626
1/3/2021,6541,772
1/30/2021,7283,742
1/31/2021,8153,870
1/4/2021,8473,320
1/5/2021,8554,81
1/6/2021,9150,596
1/7/2021,9995,845
1/8/2021,11164,1169
1/9/2021,12384,1220
10/1/2021,13482,1098
10/10/2021,14506,1024
10/11/2021,14712,206
10/12/2021,15366,654
10/13/2021,16486,1120
10/14/2021,18021,1535
10/15/2021,19627,1606
10/16/2021,21291,1664
10/17/2021,22679,1388
10/18/2021,23102,423
10/19/2021,24302,1200
10/2/2021,25658,1356
10/20/2021,27457,1799
10/21/2021,29339,1882
10/22/2021,31288,1949
10/23/2021,32667,1379
10/24/2021,33014,347
10/25/2021,34733,1719
10/26/2021,36766,2033
10/27/2021,39004,2238
10/28/2021,41301,2297
10/29/2021,44042,2741
10/3/2021,46190,2148
10/30/2021,46721,531
10/31/2021,48781,2060
10/4/2021,51223,2442
10/5/2021,54300,3077
10/6/2021,57498,3198
10/7/2021,61220,3722
10/8/2021,64762,3542
10/9/2021,65450,688
11/1/2021,66906,1456
12/1/2020,69001,2095
12/16/2020,71340,2339
12/17/2020,73808,2468
12/18/2020,75774,1966
12/19/2020,77554,1780
12/20/2020,78062,508
12/21/2020,79523,1461
12/22/2020,81481,1958
12/23/2020,84297,2816
12/24/2020,88016,3719
12/26/2020,91985,3969
12/27/2020,94341,2356
12/28/2020,95257,916
12/29/2020,98357,3100
12/30/2020,101843,3486
12/31/2020,106063,4220
12/9/2020,110259,4196
2/1/2021,113897,3638
2/10/2021,117001,3104
2/11/2021,118151,1150
2/12/2021,121260,3109
2/13/2021,124632,3372
2/14/2021,128262,3630
2/15/2021,133065,4803
2/16/2021,137369,4304
2/17/2021,140046,2677
2/18/2021,141273,1227
2/19/2021,144058,2785
2/2/2021,147532,3474
2/20/2021,151323,3791
2/21/2021,155311,3988
2/22/2021,158840,3529
2/23/2021,161287,2447
2/24/2021,162776,1489
2/25/2021,165578,2802
2/26/2021,168765,3187
2/27/2021,172830,4065
2/28/2021,176966,4136
2/3/2021,181481,4515
2/4/2021,183761,2280
2/5/2021,185674,1913
2/6/2021,189222,3548
2/7/2021,193027,3805
2/8/2021,197275,4248
2/9/2021,201750,4475
3/1/2021,204655,2905
3/10/2021,207085,2430
3/11/2021,207911,826
3/12/2021,210891,2980
3/13/2021,214480,3589
3/14/2021,218294,3814
3/15/2021,221930,3636
3/16/2021,225182,3252
3/17/2021,227479,2297
3/18/2021,228717,1238
3/19/2021,231681,2964
3/2/2021,234320,2639
3/20/2021,237293,2973
3/21/2021,240340,3047
3/22/2021,243792,3452
3/23/2021,245495,1703
3/24/2021,246795,1300
3/25/2021,249717,2922
3/26/2021,253029,3312
3/27/2021,256891,3862
3/28/2021,259812,2921
3/29/2021,262195,2383
3/3/2021,264294,2099
3/30/2021,265812,1518
3/31/2021,268247,2435
3/4/2021,270972,2725
3/5/2021,273451,2479
3/6/2021,275479,2028
3/7/2021,277637,2158
3/8/2021,279007,1370
3/9/2021,279908,901
4/1/2021,281606,1698
4/10/2021,283700,2094
4/11/2021,285777,2077
4/12/2021,287418,1641
4/13/2021,289123,1705
4/14/2021,290548,1425
4/15/2021,291184,636
4/16/2021,292599,1415
4/17/2021,294180,1581
4/18/2021,296222,2042
4/19/2021,298273,2051
4/2/2021,300367,2094
4/20/2021,301926,1559
4/21/2021,302902,976
4/22/2021,304537,1635
4/23/2021,306079,1542
4/24/2021,308046,1967
4/25/2021,309773,1727
4/26/2021,311396,1623
4/27/2021,312915,1519
4/28/2021,313444,529
4/29/2021,314593,1149
4/3/2021,315835,1242
4/30/2021,317209,1374
4/4/2021,318465,1256
4/5/2021,319966,1501
4/6/2021,320692,726
4/7/2021,321097,405
4/8/2021,321350,253
4/9/2021,322513,1163
5/1/2021,323663,1150
5/10/2021,324786,1123
5/11/2021,326132,1346
5/12/2021,327191,1059
5/13/2021,327664,473
5/14/2021,328661,997
5/15/2021,329599,938
5/16/2021,330805,1206
5/17/2021,331895,1090
5/18/2021,333163,1268
5/19/2021,334075,912
5/2/2021,334543,468
5/20/2021,335459,916
5/21/2021,336390,931
5/22/2021,337255,865
5/23/2021,338260,1005
5/24/2021,339464,1204
5/25/2021,340146,682
5/26/2021,340538,392
5/27/2021,341258,720
5/28/2021,342031,773
5/29/2021,342974,943
5/3/2021,343729,755
5/30/2021,344694,965
5/31/2021,345229,535
5/4/2021,345662,433
5/5/2021,346302,640
5/6/2021,347036,734
5/7/2021,347788,752
5/8/2021,348496,708
5/9/2021,349336,840
6/1/2021,349897,561
6/10/2021,350014,117
6/11/2021,350621,607
6/12/2021,351286,665
6/13/2021,351971,685
6/14/2021,352630,659
6/15/2021,353405,775
6/16/2021,353865,460
6/17/2021,354104,239
6/18/2021,354779,675
6/19/2021,355468,689
6/2/2021,356063,595
6/20/2021,356645,582
6/21/2021,357440,795
6/22/2021,358024,584
6/23/2021,358417,393
6/24/2021,359161,744
6/25/2021,359927,766
6/26/2021,360851,924
6/27/2021,361654,803
6/28/2021,362679,1025
6/29/2021,363424,745
6/3/2021,363944,520
6/30/2021,364778,834
6/4/2021,365592,814
6/5/2021,366535,943
6/6/2021,367395,860
6/7/2021,368576,1181
6/8/2021,369388,812
6/9/2021,369887,499
7/1/2021,370707,820
7/10/2021,371527,820
7/11/2021,372430,903
7/12/2021,373327,897
7/13/2021,374598,1271
7/14/2021,375415,817
7/15/2021,375889,474
7/16/2021,376829,940
7/17/2021,377707,878
7/18/2021,378592,885
7/19/2021,379543,951
7/2/2021,380802,1259
7/20/2021,381754,952
7/21/2021,382318,564
7/22/2021,383478,1160
7/23/2021,384537,1059
7/24/2021,385734,1197
7/25/2021,386655,921
7/26/2021,387909,1254
7/27/2021,388760,851
7/28/2021,389344,584
7/29/2021,390518,1174
7/3/2021,391487,969
7/30/2021,392528,1041
7/31/2021,393364,836
7/4/2021,394567,1203
7/5/2021,395413,846
7/6/2021,395933,520
7/7/2021,396918,985
7/8/2021,397780,862
7/9/2021,398704,924
8/1/2021,399422,718
8/10/2021,400702,1280
8/11/2021,401379,677
8/12/2021,401785,406
8/13/2021,401979,194
8/14/2021,402848,869
8/15/2021,403649,801
8/16/2021,404332,683
8/17/2021,405465,1133
8/18/2021,406269,804
8/19/2021,406706,437
8/2/2021,407657,951
8/20/2021,408492,835
8/21/2021,409047,555
8/22/2021,409726,679
8/23/2021,410788,1062
8/24/2021,411508,720
8/25/2021,411862,354
8/26/2021,412278,416
8/27/2021,412930,652
8/28/2021,413632,702
8/29/2021,414299,667
8/3/2021,415337,1038
8/30/2021,416113,776
8/31/2021,416537,424
8/4/2021,417475,938
8/5/2021,418397,922
8/6/2021,419339,942
8/7/2021,420252,913
8/8/2021,421267,1015
8/9/2021,421891,624
9/1/2021,422227,336
9/10/2021,423120,893
9/11/2021,424006,886
9/12/2021,424854,848
9/13/2021,425669,815
9/14/2021,426473,804
9/15/2021,427093,620
9/16/2021,427437,344
9/17/2021,428312,875
9/18/2021,428699,387
9/19/2021,429223,524
9/2/2021,429967,744
9/20/2021,430826,859
9/21/2021,431297,471
9/22/2021,431606,309
9/23/2021,432281,675
9/24/2021,432891,610
9/25/2021,433506,615
9/26/2021,434129,623
9/27/2021,435657,1528
9/28/2021,436609,952
9/29/2021,437124,515
9/3/2021,438671,1547
9/30/2021,440073,1402
9/4/2021,441522,1449
9/5/2021,443039,1517
9/6/2021,444630,1591
9/7/2021,445265,635
9/8/2021,445651,386
9/9/2021,446091,440
