date,Arizona,Arizona_cum,StatePODs,StatePODs_cum
2021-03-18 00:00:00,31214,2748100,6491.0,707842.0
2021-03-17 00:00:00,51114,2716886,16295.0,701351.0
2021-03-16 00:00:00,51609,2665772,14685.0,685056.0
2021-03-15 00:00:00,45304,2614163,13744.0,670371.0
2021-03-14 00:00:00,26215,2568859,16103.0,656627.0
2021-03-13 00:00:00,48243,2542644,17896.0,640524.0
2021-03-12 00:00:00,68729,2494401,16838.0,622628.0
2021-03-11 00:00:00,67814,2425672,17634.0,605790.0
2021-03-10 00:00:00,64813,2357858,16900.0,588156.0
2021-03-09 00:00:00,54854,2293045,16197.0,571256.0
2021-03-08 00:00:00,49295,2238191,16638.0,555059.0
2021-03-07 00:00:00,25617,2188896,16282.0,538421.0
2021-03-06 00:00:00,43866,2163279,16444.0,522139.0
2021-03-05 00:00:00,56857,2119413,16389.0,505695.0
2021-03-04 00:00:00,56522,2062556,15922.0,489306.0
2021-03-03 00:00:00,57190,2006034,15399.0,473384.0
2021-03-02 00:00:00,48734,1948844,14451.0,457985.0
2021-03-01 00:00:00,44483,1900110,12840.0,443534.0
2021-02-28 00:00:00,25363,1855627,15575.0,430694.0
2021-02-27 00:00:00,50639,1830264,15098.0,415119.0
2021-02-26 00:00:00,66012,1779625,13987.0,400021.0
2021-02-25 00:00:00,59653,1713613,13362.0,386034.0
2021-02-24 00:00:00,56027,1653960,13715.0,372672.0
2021-02-23 00:00:00,43576,1597933,12729.0,358957.0
2021-02-22 00:00:00,27441,1554357,11775.0,346228.0
2021-02-21 00:00:00,14721,1526916,10822.0,334453.0
2021-02-20 00:00:00,34287,1512195,11254.0,323631.0
2021-02-19 00:00:00,41731,1477908,10222.0,312377.0
2021-02-18 00:00:00,43593,1436177,9841.0,302155.0
2021-02-17 00:00:00,46085,1392584,10555.0,292314.0
2021-02-16 00:00:00,43996,1346499,11077.0,281759.0
2021-02-15 00:00:00,30888,1302503,11028.0,270682.0
2021-02-14 00:00:00,17204,1271615,10226.0,259654.0
2021-02-13 00:00:00,45391,1254411,10478.0,249428.0
2021-02-12 00:00:00,60539,1209020,11057.0,238950.0
2021-02-11 00:00:00,50330,1148481,10847.0,227893.0
2021-02-10 00:00:00,49832,1098151,11070.0,217046.0
2021-02-09 00:00:00,43512,1048319,11035.0,205976.0
2021-02-08 00:00:00,38247,1004807,13482.0,194941.0
2021-02-07 00:00:00,16195,966560,11442.0,181459.0
2021-02-06 00:00:00,37650,950365,10991.0,170017.0
2021-02-05 00:00:00,43295,912715,9140.0,159026.0
2021-02-04 00:00:00,45784,869420,9949.0,149886.0
2021-02-03 00:00:00,43186,823636,8975.0,139937.0
2021-02-02 00:00:00,37960,780450,8729.0,130962.0
2021-02-01 00:00:00,29001,742490,8253.0,122233.0
2021-01-31 00:00:00,11513,713489,4834.0,113980.0
2021-01-30 00:00:00,25943,701976,4759.0,109146.0
2021-01-29 00:00:00,39209,676033,4950.0,104387.0
2021-01-28 00:00:00,39107,636824,5409.0,99437.0
2021-01-27 00:00:00,39151,597717,5514.0,94028.0
2021-01-26 00:00:00,36314,558566,6135.0,88514.0
2021-01-25 00:00:00,28775,522252,5274.0,82379.0
2021-01-24 00:00:00,16018,493477,5752.0,77105.0
2021-01-23 00:00:00,28347,477459,5759.0,71353.0
2021-01-22 00:00:00,37226,449112,5562.0,65594.0
2021-01-21 00:00:00,34527,411886,6169.0,60032.0
2021-01-20 00:00:00,31107,377359,5694.0,53863.0
2021-01-19 00:00:00,26407,346252,6001.0,48169.0
2021-01-18 00:00:00,18785,319845,6008.0,42168.0
2021-01-17 00:00:00,9266,301060,5970.0,36160.0
2021-01-16 00:00:00,15676,291794,5663.0,30190.0
2021-01-15 00:00:00,24063,276118,5947.0,24527.0
2021-01-14 00:00:00,24321,252055,5885.0,18580.0
2021-01-13 00:00:00,24805,227734,6323.0,12695.0
2021-01-12 00:00:00,22831,202929,5637.0,6372.0
2021-01-11 00:00:00,15409,180098,733.0,735.0
2021-01-10 00:00:00,3159,164689,,
2021-01-09 00:00:00,7885,161530,,
2021-01-08 00:00:00,11588,153645,1.0,2.0
2021-01-07 00:00:00,12155,142057,,
2021-01-06 00:00:00,11660,129902,,
2021-01-05 00:00:00,8672,118242,1.0,1.0
2021-01-04 00:00:00,8413,109570,,
2021-01-03 00:00:00,3171,101157,,
2021-01-02 00:00:00,7510,97986,,
2021-01-01 00:00:00,469,90476,,
2020-12-31 00:00:00,7651,90007,,
2020-12-30 00:00:00,14611,82356,,
2020-12-29 00:00:00,12627,67745,,
2020-12-28 00:00:00,9000,55118,,
2020-12-27 00:00:00,2631,46118,,
2020-12-26 00:00:00,6499,43487,,
2020-12-25 00:00:00,136,36988,,
2020-12-24 00:00:00,3731,36852,,
2020-12-23 00:00:00,9542,33121,,
2020-12-22 00:00:00,7607,23579,,
2020-12-21 00:00:00,5384,15972,,
2020-12-20 00:00:00,1007,10588,,
2020-12-19 00:00:00,2547,9581,,
2020-12-18 00:00:00,3489,7034,,
2020-12-17 00:00:00,2901,3545,,
2020-12-16 00:00:00,553,644,,
2020-12-15 00:00:00,28,91,,
2020-12-14 00:00:00,4,63,,
2020-12-13 00:00:00,3,59,,
2020-12-12 00:00:00,3,56,,
2020-12-11 00:00:00,7,53,,
2020-12-10 00:00:00,1,46,,
2020-12-09 00:00:00,3,45,,
2020-12-08 00:00:00,3,42,,
2020-12-07 00:00:00,4,39,,
2020-12-05 00:00:00,1,35,,
2020-12-04 00:00:00,2,34,,
2020-12-03 00:00:00,5,32,,
2020-12-02 00:00:00,6,27,,
2020-12-01 00:00:00,21,21,,
