date,pcr_tests,pcr_pos_tests,pcr_positivity,ser_tests,ser_pos_tests,ser_positivity,pcr_tests_APACHE,pcr_pos_tests_APACHE,pcr_positivity_APACHE,ser_tests_APACHE,ser_pos_tests_APACHE,ser_positivity_APACHE,pcr_tests_YUMA,pcr_pos_tests_YUMA,pcr_positivity_YUMA,ser_tests_YUMA,ser_pos_tests_YUMA,ser_positivity_YUMA,pcr_tests_YAVAPAI,pcr_pos_tests_YAVAPAI,pcr_positivity_YAVAPAI,ser_tests_YAVAPAI,ser_pos_tests_YAVAPAI,ser_positivity_YAVAPAI,pcr_tests_SANTA_CRUZ,pcr_pos_tests_SANTA_CRUZ,pcr_positivity_SANTA_CRUZ,ser_tests_SANTA_CRUZ,ser_pos_tests_SANTA_CRUZ,ser_positivity_SANTA_CRUZ,pcr_tests_PINAL,pcr_pos_tests_PINAL,pcr_positivity_PINAL,ser_tests_PINAL,ser_pos_tests_PINAL,ser_positivity_PINAL,pcr_tests_PIMA,pcr_pos_tests_PIMA,pcr_positivity_PIMA,ser_tests_PIMA,ser_pos_tests_PIMA,ser_positivity_PIMA,pcr_tests_NAVAJO,pcr_pos_tests_NAVAJO,pcr_positivity_NAVAJO,ser_tests_NAVAJO,ser_pos_tests_NAVAJO,ser_positivity_NAVAJO,pcr_tests_MOHAVE,pcr_pos_tests_MOHAVE,pcr_positivity_MOHAVE,ser_tests_MOHAVE,ser_pos_tests_MOHAVE,ser_positivity_MOHAVE,pcr_tests_MARICOPA,pcr_pos_tests_MARICOPA,pcr_positivity_MARICOPA,ser_tests_MARICOPA,ser_pos_tests_MARICOPA,ser_positivity_MARICOPA,pcr_tests_LA_PAZ,pcr_pos_tests_LA_PAZ,pcr_positivity_LA_PAZ,ser_tests_LA_PAZ,ser_pos_tests_LA_PAZ,ser_positivity_LA_PAZ,pcr_tests_GREENLEE,pcr_pos_tests_GREENLEE,pcr_positivity_GREENLEE,ser_tests_GREENLEE,ser_pos_tests_GREENLEE,ser_positivity_GREENLEE,pcr_tests_GRAHAM,pcr_pos_tests_GRAHAM,pcr_positivity_GRAHAM,ser_tests_GRAHAM,ser_pos_tests_GRAHAM,ser_positivity_GRAHAM,pcr_tests_GILA,pcr_pos_tests_GILA,pcr_positivity_GILA,ser_tests_GILA,ser_pos_tests_GILA,ser_positivity_GILA,pcr_tests_COCONINO,pcr_pos_tests_COCONINO,pcr_positivity_COCONINO,ser_tests_COCONINO,ser_pos_tests_COCONINO,ser_positivity_COCONINO,pcr_tests_COCHISE,pcr_pos_tests_COCHISE,pcr_positivity_COCHISE,ser_tests_COCHISE,ser_pos_tests_COCHISE,ser_positivity_COCHISE
2020-12-13 00:00:00,18,4,0.2222222222222222,,,,,,,,,,1.0,0.0,0.0,,,,,,,,,,,,,,,,,,,,,,2.0,1.0,0.5,,,,,,,,,,,,,,,,14.0,3.0,0.2142857142857143,,,,,,,,,,,,,,,,,,,,,,,,,,,,,,,,,,1.0,0.0,0.0,,,
2020-12-12 00:00:00,1646,454,0.275820170109356,32.0,10.0,0.3125,4.0,1.0,0.25,,,,86.0,39.0,0.4534883720930232,1.0,0.0,0.0,90.0,34.0,0.3777777777777778,1.0,0.0,0.0,6.0,0.0,0.0,,,,89.0,25.0,0.2808988764044944,2.0,0.0,0.0,212.0,69.0,0.3254716981132076,1.0,0.0,0.0,27.0,10.0,0.3703703703703704,1.0,0.0,0.0,55.0,22.0,0.4,1.0,1.0,1.0,986.0,236.0,0.2393509127789047,22.0,8.0,0.3636363636363637,1.0,0.0,0.0,,,,,,,,,,1.0,0.0,0.0,,,,14.0,1.0,0.0714285714285714,,,,17.0,3.0,0.1764705882352941,,,,5.0,0.0,0.0,,,
2020-12-11 00:00:00,16052,2812,0.1751806628457513,598.0,141.0,0.2357859531772576,66.0,11.0,0.1666666666666667,,,,378.0,106.0,0.2804232804232804,22.0,7.0,0.3181818181818182,510.0,114.0,0.2235294117647059,17.0,3.0,0.1764705882352941,69.0,16.0,0.2318840579710145,1.0,1.0,1.0,1004.0,162.0,0.1613545816733068,28.0,5.0,0.1785714285714286,2832.0,437.0,0.1543079096045198,40.0,9.0,0.225,177.0,31.0,0.1751412429378531,4.0,2.0,0.5,508.0,83.0,0.1633858267716535,5.0,1.0,0.2,9146.0,1639.0,0.1792040236168817,461.0,111.0,0.2407809110629067,15.0,1.0,0.0666666666666667,,,,9.0,2.0,0.2222222222222222,,,,272.0,50.0,0.1838235294117647,,,,75.0,19.0,0.2533333333333334,3.0,0.0,0.0,546.0,76.0,0.1391941391941392,6.0,1.0,0.1666666666666667,152.0,26.0,0.1710526315789474,8.0,0.0,0.0
2020-12-10 00:00:00,26577,4598,0.1730067351469316,1222.0,229.0,0.1873977086743044,98.0,23.0,0.2346938775510204,2.0,0.0,0.0,855.0,257.0,0.3005847953216375,59.0,15.0,0.2542372881355932,737.0,120.0,0.1628222523744912,47.0,9.0,0.1914893617021277,149.0,40.0,0.2684563758389262,2.0,0.0,0.0,1224.0,265.0,0.2165032679738562,55.0,9.0,0.1636363636363636,5003.0,892.0,0.1782930241854887,58.0,8.0,0.1379310344827586,246.0,47.0,0.1910569105691057,30.0,2.0,0.0666666666666667,625.0,122.0,0.1952,25.0,6.0,0.24,15315.0,2505.0,0.1635651322233105,906.0,172.0,0.1898454746136865,37.0,8.0,0.2162162162162162,10.0,0.0,0.0,15.0,4.0,0.2666666666666667,,,,48.0,13.0,0.2708333333333333,,,,329.0,33.0,0.1003039513677812,3.0,1.0,0.3333333333333333,851.0,126.0,0.1480611045828437,7.0,3.0,0.4285714285714286,368.0,67.0,0.1820652173913044,10.0,3.0,0.3
2020-12-09 00:00:00,28726,5039,0.1754159994430133,1362.0,285.0,0.2092511013215859,177.0,24.0,0.1355932203389831,61.0,10.0,0.1639344262295082,911.0,237.0,0.2601536772777168,63.0,14.0,0.2222222222222222,690.0,170.0,0.2463768115942029,13.0,2.0,0.1538461538461539,230.0,54.0,0.2347826086956522,6.0,1.0,0.1666666666666667,1550.0,359.0,0.2316129032258065,44.0,10.0,0.2272727272727273,4745.0,878.0,0.1850368809272919,63.0,17.0,0.2698412698412699,395.0,85.0,0.2151898734177215,14.0,5.0,0.3571428571428572,672.0,112.0,0.1666666666666667,30.0,6.0,0.2,17016.0,2795.0,0.164257169722614,1003.0,213.0,0.2123629112662014,59.0,2.0,0.0338983050847458,,,,2.0,0.0,0.0,2.0,1.0,0.5,72.0,18.0,0.25,,,,133.0,13.0,0.0977443609022556,,,,707.0,114.0,0.1612446958981612,50.0,1.0,0.02,524.0,73.0,0.1393129770992367,6.0,1.0,0.1666666666666667
2020-12-08 00:00:00,30276,5046,0.1666666666666667,1304.0,243.0,0.1863496932515338,100.0,17.0,0.17,2.0,0.0,0.0,914.0,228.0,0.2494529540481401,36.0,6.0,0.1666666666666667,767.0,172.0,0.2242503259452412,59.0,10.0,0.1694915254237288,228.0,73.0,0.3201754385964912,3.0,1.0,0.3333333333333333,1716.0,353.0,0.2057109557109557,70.0,12.0,0.1714285714285714,4804.0,799.0,0.1663197335553705,65.0,14.0,0.2153846153846154,349.0,60.0,0.171919770773639,8.0,1.0,0.125,864.0,143.0,0.1655092592592593,73.0,5.0,0.0684931506849315,18383.0,2922.0,0.1589512049175869,954.0,183.0,0.1918238993710692,44.0,5.0,0.1136363636363636,,,,11.0,1.0,0.0909090909090909,,,,60.0,14.0,0.2333333333333334,1.0,0.0,0.0,160.0,26.0,0.1625,8.0,1.0,0.125,676.0,89.0,0.1316568047337278,11.0,4.0,0.3636363636363637,563.0,86.0,0.15275310834813502,8.0,2.0,0.25
2020-12-07 00:00:00,29897,5138,0.1718567080309061,926.0,210.0,0.2267818574514039,148.0,37.0,0.25,,,,1131.0,323.0,0.2855879752431477,27.0,14.0,0.5185185185185186,989.0,192.0,0.1941354903943377,25.0,2.0,0.08,229.0,65.0,0.2838427947598253,2.0,1.0,0.5,1579.0,312.0,0.1975934135528816,39.0,5.0,0.1282051282051282,5518.0,872.0,0.158028271112722,56.0,7.0,0.125,443.0,97.0,0.218961625282167,4.0,0.0,0.0,727.0,142.0,0.1953232462173315,75.0,16.0,0.2133333333333334,16541.0,2776.0,0.1678254035427121,644.0,155.0,0.2406832298136646,40.0,6.0,0.15,3.0,1.0,0.3333333333333333,16.0,3.0,0.1875,,,,89.0,19.0,0.2134831460674157,1.0,0.0,0.0,309.0,31.0,0.1003236245954693,27.0,3.0,0.1111111111111111,803.0,126.0,0.1569115815691158,4.0,2.0,0.5,557.0,81.0,0.1454219030520646,12.0,2.0,0.1666666666666667
2020-12-06 00:00:00,9207,2053,0.22298251330509397,304.0,73.0,0.2401315789473684,30.0,6.0,0.2,1.0,0.0,0.0,215.0,69.0,0.3209302325581395,3.0,1.0,0.3333333333333333,284.0,78.0,0.2746478873239437,2.0,2.0,1.0,72.0,24.0,0.3333333333333333,,,,470.0,115.0,0.2446808510638298,25.0,3.0,0.12,1844.0,418.0,0.2266811279826464,5.0,1.0,0.2,82.0,27.0,0.3292682926829269,,,,313.0,72.0,0.2300319488817892,,,,5307.0,1147.0,0.2161296400979838,266.0,66.0,0.2481203007518797,6.0,2.0,0.3333333333333333,,,,2.0,0.0,0.0,,,,9.0,0.0,0.0,1.0,0.0,0.0,44.0,9.0,0.2045454545454546,,,,86.0,16.0,0.18604651162790697,,,,211.0,35.0,0.1658767772511848,1.0,0.0,0.0
2020-12-05 00:00:00,14764,3096,0.2096992684909239,595.0,84.0,0.1411764705882353,50.0,16.0,0.32,2.0,1.0,0.5,786.0,163.0,0.2073791348600509,2.0,2.0,1.0,245.0,71.0,0.2897959183673469,50.0,0.0,0.0,50.0,16.0,0.32,,,,991.0,171.0,0.1725529767911201,19.0,3.0,0.1578947368421053,2236.0,529.0,0.2365831842576029,10.0,3.0,0.3,46.0,16.0,0.3478260869565218,,,,307.0,81.0,0.2638436482084691,,,,9019.0,1876.0,0.2080053220977936,505.0,75.0,0.1485148514851485,11.0,5.0,0.4545454545454546,1.0,0.0,0.0,3.0,0.0,0.0,,,,10.0,2.0,0.2,,,,42.0,7.0,0.1666666666666667,,,,300.0,44.0,0.1466666666666667,2.0,0.0,0.0,320.0,46.0,0.14375,1.0,0.0,0.0
2020-12-04 00:00:00,24106,4004,0.1660997262092425,1040.0,191.0,0.1836538461538462,120.0,13.0,0.1083333333333333,5.0,3.0,0.6,940.0,271.0,0.2882978723404256,40.0,11.0,0.275,758.0,130.0,0.1715039577836412,103.0,6.0,0.058252427184465994,240.0,59.0,0.2458333333333333,1.0,0.0,0.0,1391.0,249.0,0.1790079079798706,41.0,11.0,0.2682926829268293,4576.0,780.0,0.1704545454545455,71.0,18.0,0.2535211267605634,212.0,39.0,0.1839622641509434,1.0,0.0,0.0,538.0,115.0,0.2137546468401487,23.0,1.0,0.0434782608695652,13364.0,2109.0,0.157812032325651,717.0,137.0,0.1910739191073919,16.0,4.0,0.25,1.0,0.0,0.0,5.0,1.0,0.2,1.0,0.0,0.0,38.0,13.0,0.3421052631578948,6.0,2.0,0.3333333333333333,212.0,39.0,0.1839622641509434,4.0,1.0,0.25,645.0,81.0,0.1255813953488372,9.0,0.0,0.0,285.0,47.0,0.1649122807017544,10.0,0.0,0.0
2020-12-03 00:00:00,30131,5063,0.1680329229033222,1364.0,250.0,0.1832844574780059,106.0,14.0,0.1320754716981132,3.0,0.0,0.0,868.0,240.0,0.2764976958525346,20.0,10.0,0.5,720.0,145.0,0.2013888888888889,30.0,4.0,0.1333333333333333,227.0,61.0,0.2687224669603524,4.0,2.0,0.5,1868.0,355.0,0.1900428265524625,78.0,18.0,0.2307692307692308,4241.0,723.0,0.1704786606932327,84.0,10.0,0.1190476190476191,221.0,55.0,0.24886877828054302,10.0,3.0,0.3,604.0,129.0,0.2135761589403974,28.0,5.0,0.1785714285714286,19246.0,3053.0,0.1586303647511171,1056.0,194.0,0.1837121212121212,26.0,1.0,0.0384615384615385,1.0,0.0,0.0,15.0,0.0,0.0,,,,70.0,22.0,0.3142857142857143,,,,141.0,19.0,0.1347517730496454,10.0,0.0,0.0,711.0,116.0,0.1631504922644163,8.0,0.0,0.0,391.0,68.0,0.1739130434782609,18.0,3.0,0.1666666666666667
2020-12-02 00:00:00,28297,4879,0.1724211047107467,1455.0,243.0,0.1670103092783505,101.0,23.0,0.2277227722772278,5.0,0.0,0.0,866.0,272.0,0.3140877598152425,19.0,6.0,0.3157894736842105,760.0,161.0,0.2118421052631579,19.0,0.0,0.0,424.0,71.0,0.1674528301886792,1.0,0.0,0.0,1710.0,300.0,0.1754385964912281,76.0,13.0,0.1710526315789474,3972.0,683.0,0.1719536757301108,89.0,22.0,0.2471910112359551,269.0,66.0,0.2453531598513012,5.0,2.0,0.4,734.0,142.0,0.1934604904632153,16.0,2.0,0.125,17385.0,2878.0,0.16554501006614902,1126.0,179.0,0.1589698046181172,15.0,4.0,0.2666666666666667,1.0,1.0,1.0,12.0,1.0,0.0833333333333333,2.0,1.0,0.5,80.0,14.0,0.175,3.0,2.0,0.6666666666666666,143.0,15.0,0.1048951048951049,10.0,0.0,0.0,783.0,121.0,0.1545338441890166,60.0,8.0,0.1333333333333333,329.0,69.0,0.20972644376899696,10.0,3.0,0.3
2020-12-01 00:00:00,27776,4859,0.1749351958525346,1650.0,266.0,0.1612121212121212,157.0,30.0,0.1910828025477707,2.0,0.0,0.0,1020.0,320.0,0.3137254901960785,22.0,8.0,0.3636363636363637,729.0,155.0,0.2126200274348423,23.0,1.0,0.0434782608695652,157.0,43.0,0.2738853503184714,1.0,1.0,1.0,2058.0,361.0,0.1754130223517979,122.0,20.0,0.1639344262295082,3662.0,650.0,0.1774986346258875,73.0,12.0,0.1643835616438356,326.0,77.0,0.2361963190184049,7.0,0.0,0.0,657.0,151.0,0.2298325722983257,51.0,6.0,0.1176470588235294,16856.0,2790.0,0.1655196962505933,1260.0,207.0,0.1642857142857143,18.0,0.0,0.0,1.0,1.0,1.0,16.0,2.0,0.125,2.0,0.0,0.0,78.0,20.0,0.2564102564102564,4.0,1.0,0.25,125.0,28.0,0.22399999999999998,15.0,0.0,0.0,626.0,101.0,0.1613418530351438,55.0,5.0,0.0909090909090909,508.0,74.0,0.1456692913385827,6.0,1.0,0.1666666666666667
2020-11-30 00:00:00,27652,4907,0.1774555185881672,1311.0,215.0,0.1639969488939741,158.0,29.0,0.1835443037974684,3.0,1.0,0.3333333333333333,926.0,307.0,0.3315334773218143,22.0,13.0,0.590909090909091,899.0,217.0,0.2413793103448276,61.0,3.0,0.0491803278688525,283.0,94.0,0.3321554770318021,5.0,2.0,0.4,1545.0,269.0,0.1741100323624596,106.0,8.0,0.0754716981132076,4250.0,712.0,0.1675294117647059,87.0,14.0,0.1609195402298851,351.0,91.0,0.2592592592592593,8.0,0.0,0.0,709.0,138.0,0.1946403385049365,38.0,8.0,0.2105263157894737,16508.0,2759.0,0.167131087957354,905.0,162.0,0.1790055248618785,21.0,2.0,0.0952380952380952,3.0,0.0,0.0,22.0,3.0,0.1363636363636364,1.0,0.0,0.0,71.0,17.0,0.2394366197183099,2.0,2.0,1.0,135.0,16.0,0.1185185185185185,14.0,0.0,0.0,664.0,119.0,0.1792168674698795,34.0,1.0,0.0294117647058824,320.0,70.0,0.21875,11.0,0.0,0.0
2020-11-29 00:00:00,12902,2521,0.1953960626259495,536.0,53.0,0.0988805970149254,52.0,6.0,0.1153846153846154,2.0,0.0,0.0,178.0,58.0,0.3258426966292135,3.0,2.0,0.6666666666666666,282.0,73.0,0.2588652482269504,4.0,0.0,0.0,31.0,6.0,0.1935483870967742,1.0,0.0,0.0,850.0,162.0,0.1905882352941177,53.0,4.0,0.0754716981132076,1798.0,329.0,0.1829810901001113,37.0,3.0,0.0810810810810811,64.0,16.0,0.25,4.0,0.0,0.0,341.0,85.0,0.24926686217008803,1.0,0.0,0.0,8715.0,1682.0,0.1930005737234653,415.0,43.0,0.1036144578313253,7.0,0.0,0.0,1.0,0.0,0.0,5.0,0.0,0.0,,,,9.0,2.0,0.2222222222222222,,,,54.0,12.0,0.2222222222222222,3.0,0.0,0.0,93.0,15.0,0.1612903225806452,3.0,1.0,0.3333333333333333,155.0,36.0,0.2322580645161291,1.0,0.0,0.0
2020-11-28 00:00:00,13521,2499,0.1848236077213224,893.0,81.0,0.0907054871220605,41.0,15.0,0.3658536585365854,4.0,0.0,0.0,159.0,58.0,0.3647798742138365,,,,344.0,97.0,0.2819767441860465,2.0,0.0,0.0,78.0,24.0,0.3076923076923077,1.0,0.0,0.0,892.0,155.0,0.1737668161434978,102.0,7.0,0.0686274509803922,1972.0,347.0,0.1759634888438134,46.0,4.0,0.0869565217391304,86.0,11.0,0.1279069767441861,5.0,0.0,0.0,263.0,64.0,0.2433460076045628,,,,8799.0,1615.0,0.1835435844982384,690.0,66.0,0.0956521739130435,7.0,2.0,0.2857142857142857,,,,9.0,1.0,0.1111111111111111,,,,14.0,5.0,0.3571428571428572,,,,54.0,12.0,0.2222222222222222,6.0,1.0,0.1666666666666667,96.0,11.0,0.1145833333333333,26.0,2.0,0.0769230769230769,302.0,39.0,0.1291390728476821,2.0,1.0,0.5
2020-11-27 00:00:00,14697,2562,0.1743212900591958,882.0,105.0,0.1190476190476191,92.0,20.0,0.2173913043478261,,,,487.0,128.0,0.2628336755646818,1.0,0.0,0.0,427.0,104.0,0.2435597189695551,7.0,1.0,0.1428571428571429,73.0,13.0,0.1780821917808219,1.0,0.0,0.0,915.0,135.0,0.1475409836065574,72.0,8.0,0.1111111111111111,2050.0,376.0,0.1834146341463415,44.0,4.0,0.0909090909090909,181.0,41.0,0.2265193370165746,7.0,1.0,0.1428571428571429,386.0,87.0,0.2253886010362695,6.0,2.0,0.3333333333333333,9084.0,1504.0,0.1655658300308234,691.0,85.0,0.1230101302460203,6.0,0.0,0.0,1.0,0.0,0.0,7.0,0.0,0.0,,,,31.0,8.0,0.2580645161290323,1.0,1.0,1.0,70.0,16.0,0.2285714285714286,7.0,1.0,0.1428571428571429,249.0,46.0,0.1847389558232932,33.0,1.0,0.0303030303030303,131.0,32.0,0.2442748091603054,5.0,0.0,0.0
2020-11-26 00:00:00,6063,1060,0.1748309417779977,205.0,28.0,0.1365853658536586,18.0,2.0,0.1111111111111111,1.0,0.0,0.0,65.0,26.0,0.4,1.0,1.0,1.0,80.0,22.0,0.275,1.0,1.0,1.0,13.0,7.0,0.5384615384615384,,,,399.0,66.0,0.1654135338345865,12.0,2.0,0.1666666666666667,549.0,102.0,0.185792349726776,13.0,2.0,0.1538461538461539,42.0,6.0,0.1428571428571429,,,,112.0,15.0,0.1339285714285714,1.0,0.0,0.0,4557.0,790.0,0.1733596664472241,174.0,22.0,0.1264367816091954,1.0,0.0,0.0,,,,4.0,1.0,0.25,,,,5.0,0.0,0.0,1.0,0.0,0.0,16.0,0.0,0.0,1.0,0.0,0.0,48.0,6.0,0.125,,,,17.0,2.0,0.1176470588235294,,,
2020-11-25 00:00:00,25290,3375,0.1334519572953737,1362.0,180.0,0.1321585903083701,282.0,40.0,0.1418439716312057,2.0,0.0,0.0,1074.0,230.0,0.2141527001862197,14.0,2.0,0.1428571428571429,716.0,147.0,0.2053072625698324,27.0,7.0,0.2592592592592593,381.0,77.0,0.2020997375328084,1.0,0.0,0.0,1394.0,220.0,0.157819225251076,81.0,9.0,0.1111111111111111,3836.0,465.0,0.1212200208550574,83.0,12.0,0.1445783132530121,258.0,43.0,0.1666666666666667,4.0,1.0,0.25,426.0,65.0,0.1525821596244132,9.0,0.0,0.0,15140.0,1922.0,0.1269484808454425,1074.0,141.0,0.1312849162011173,33.0,2.0,0.0606060606060606,1.0,0.0,0.0,8.0,1.0,0.125,,,,32.0,4.0,0.125,2.0,0.0,0.0,108.0,16.0,0.1481481481481482,13.0,1.0,0.0769230769230769,552.0,46.0,0.0833333333333333,35.0,4.0,0.1142857142857143,227.0,35.0,0.1541850220264317,7.0,0.0,0.0
2020-11-24 00:00:00,26434,3624,0.137096164031172,1266.0,196.0,0.1548183254344392,142.0,20.0,0.1408450704225352,4.0,2.0,0.5,1124.0,323.0,0.2873665480427046,22.0,10.0,0.4545454545454546,788.0,147.0,0.1865482233502538,59.0,3.0,0.0508474576271187,125.0,39.0,0.312,4.0,1.0,0.25,1582.0,204.0,0.1289506953223768,83.0,9.0,0.108433734939759,3821.0,456.0,0.1193404867835645,55.0,6.0,0.1090909090909091,272.0,48.0,0.1764705882352941,7.0,0.0,0.0,485.0,75.0,0.154639175257732,16.0,4.0,0.25,16056.0,2107.0,0.1312282012954659,934.0,155.0,0.1659528907922912,7.0,1.0,0.1428571428571429,3.0,0.0,0.0,4.0,1.0,0.25,,,,68.0,24.0,0.3529411764705883,1.0,0.0,0.0,112.0,16.0,0.1428571428571429,13.0,1.0,0.0769230769230769,855.0,66.0,0.0771929824561404,48.0,2.0,0.0416666666666667,272.0,46.0,0.1691176470588236,12.0,2.0,0.1666666666666667
2020-11-23 00:00:00,29265,3741,0.1278318810866223,991.0,186.0,0.1876892028254289,199.0,31.0,0.1557788944723618,4.0,1.0,0.25,834.0,239.0,0.2865707434052758,21.0,7.0,0.3333333333333333,849.0,151.0,0.1778563015312132,20.0,2.0,0.1,236.0,48.0,0.2033898305084746,2.0,0.0,0.0,1609.0,244.0,0.1516469857054071,57.0,6.0,0.1052631578947368,4929.0,596.0,0.1209170217082573,58.0,17.0,0.2931034482758621,365.0,57.0,0.1561643835616438,4.0,1.0,0.25,633.0,96.0,0.1516587677725119,18.0,2.0,0.1111111111111111,17132.0,2069.0,0.1207681531636703,723.0,143.0,0.1977869986168741,20.0,2.0,0.1,1.0,0.0,0.0,10.0,0.0,0.0,,,,60.0,18.0,0.3,4.0,1.0,0.25,169.0,14.0,0.0828402366863905,9.0,1.0,0.1111111111111111,1003.0,89.0,0.0887337986041874,51.0,4.0,0.0784313725490196,284.0,41.0,0.1443661971830986,2.0,0.0,0.0
2020-11-22 00:00:00,13706,1716,0.1252006420545747,462.0,64.0,0.1385281385281385,43.0,6.0,0.1395348837209302,1.0,1.0,1.0,226.0,61.0,0.2699115044247788,2.0,0.0,0.0,240.0,48.0,0.2,1.0,0.0,0.0,46.0,9.0,0.1956521739130435,,,,776.0,109.0,0.1404639175257732,35.0,6.0,0.1714285714285714,1714.0,203.0,0.11843640606767801,20.0,2.0,0.1,97.0,9.0,0.0927835051546392,,,,267.0,27.0,0.101123595505618,1.0,0.0,0.0,9526.0,1160.0,0.1217719924417384,388.0,53.0,0.1365979381443299,3.0,0.0,0.0,,,,6.0,1.0,0.1666666666666667,,,,4.0,0.0,0.0,1.0,0.0,0.0,51.0,8.0,0.1568627450980392,3.0,0.0,0.0,82.0,5.0,0.0609756097560976,,,,219.0,28.0,0.1278538812785388,,,
2020-11-21 00:00:00,18565,2165,0.1166172906005925,937.0,93.0,0.0992529348986126,92.0,10.0,0.10869565217391301,2.0,0.0,0.0,169.0,37.0,0.2189349112426036,3.0,2.0,0.6666666666666666,352.0,62.0,0.1761363636363637,38.0,3.0,0.0789473684210526,74.0,17.0,0.2297297297297298,3.0,1.0,0.3333333333333333,1053.0,121.0,0.1149097815764483,69.0,5.0,0.072463768115942,2007.0,241.0,0.12007972097658198,49.0,4.0,0.0816326530612245,101.0,23.0,0.2277227722772278,3.0,1.0,0.3333333333333333,294.0,44.0,0.1496598639455782,2.0,0.0,0.0,12727.0,1441.0,0.1132238547968885,755.0,75.0,0.0993377483443709,2.0,1.0,0.5,,,,9.0,0.0,0.0,,,,168.0,44.0,0.2619047619047619,,,,48.0,6.0,0.125,3.0,0.0,0.0,541.0,28.0,0.0517560073937153,1.0,0.0,0.0,429.0,47.0,0.1095571095571096,1.0,0.0,0.0
2020-11-20 00:00:00,25040,2928,0.1169329073482428,1503.0,189.0,0.125748502994012,175.0,23.0,0.1314285714285714,4.0,2.0,0.5,824.0,183.0,0.2220873786407767,31.0,15.0,0.4838709677419356,771.0,128.0,0.1660181582360571,63.0,4.0,0.0634920634920635,225.0,48.0,0.2133333333333334,5.0,4.0,0.8,1461.0,170.0,0.1163586584531143,111.0,16.0,0.1441441441441442,3716.0,391.0,0.1052206673842842,134.0,10.0,0.0746268656716418,350.0,47.0,0.1342857142857143,5.0,1.0,0.2,567.0,59.0,0.1040564373897707,37.0,6.0,0.1621621621621622,14615.0,1704.0,0.1165925419089976,1015.0,126.0,0.1241379310344828,13.0,0.0,0.0,,,,4.0,0.0,0.0,,,,54.0,13.0,0.2407407407407408,,,,440.0,14.0,0.0318181818181818,8.0,0.0,0.0,662.0,49.0,0.0740181268882175,45.0,3.0,0.0666666666666667,233.0,37.0,0.1587982832618026,11.0,1.0,0.0909090909090909
2020-11-19 00:00:00,26301,3046,0.1158130869548687,1054.0,181.0,0.1717267552182163,160.0,15.0,0.09375,7.0,0.0,0.0,749.0,159.0,0.21228304405874499,23.0,8.0,0.3478260869565218,720.0,119.0,0.1652777777777778,24.0,4.0,0.1666666666666667,202.0,46.0,0.2277227722772278,4.0,1.0,0.25,1512.0,196.0,0.1296296296296296,52.0,9.0,0.1730769230769231,3881.0,450.0,0.1159494975521773,115.0,11.0,0.0956521739130435,274.0,42.0,0.1532846715328467,10.0,6.0,0.6,521.0,51.0,0.0978886756238004,14.0,2.0,0.1428571428571429,16130.0,1776.0,0.1101053936763794,699.0,133.0,0.1902718168812589,95.0,2.0,0.0210526315789474,2.0,0.0,0.0,8.0,2.0,0.25,,,,55.0,18.0,0.3272727272727273,2.0,1.0,0.5,177.0,9.0,0.0508474576271187,8.0,1.0,0.125,735.0,66.0,0.0897959183673469,6.0,2.0,0.3333333333333333,230.0,45.0,0.1956521739130435,6.0,0.0,0.0
2020-11-18 00:00:00,26381,3046,0.1154618854478602,1646.0,210.0,0.1275820170109356,284.0,25.0,0.0880281690140845,3.0,0.0,0.0,776.0,172.0,0.2216494845360825,44.0,5.0,0.1136363636363636,653.0,94.0,0.1439509954058193,9.0,3.0,0.3333333333333333,217.0,35.0,0.1612903225806452,1.0,1.0,1.0,1388.0,191.0,0.1376080691642651,87.0,14.0,0.1609195402298851,3642.0,406.0,0.1114772103239978,100.0,9.0,0.09,298.0,50.0,0.1677852348993289,44.0,3.0,0.0681818181818182,583.0,53.0,0.0909090909090909,84.0,4.0,0.0476190476190476,16206.0,1834.0,0.11316796248303099,1133.0,162.0,0.1429832303618711,94.0,5.0,0.0531914893617021,2.0,0.0,0.0,8.0,1.0,0.125,1.0,0.0,0.0,51.0,17.0,0.3333333333333333,2.0,1.0,0.5,189.0,15.0,0.0793650793650794,13.0,2.0,0.1538461538461539,781.0,55.0,0.0704225352112676,15.0,3.0,0.2,257.0,56.0,0.2178988326848249,10.0,1.0,0.1
2020-11-17 00:00:00,25033,2941,0.1174849199057245,1828.0,209.0,0.1143326039387309,238.0,34.0,0.1428571428571429,3.0,1.0,0.3333333333333333,839.0,180.0,0.2145411203814064,83.0,9.0,0.108433734939759,704.0,106.0,0.1505681818181818,30.0,2.0,0.0666666666666667,129.0,40.0,0.31007751937984496,5.0,0.0,0.0,1449.0,199.0,0.13733609385783302,102.0,12.0,0.1176470588235294,3480.0,351.0,0.1008620689655172,150.0,15.0,0.1,328.0,50.0,0.1524390243902439,8.0,3.0,0.375,577.0,83.0,0.1438474870017331,49.0,3.0,0.0612244897959184,14938.0,1703.0,0.1140045521488821,1216.0,150.0,0.1233552631578947,13.0,0.0,0.0,,,,10.0,1.0,0.1,,,,132.0,22.0,0.1666666666666667,,,,140.0,11.0,0.0785714285714286,8.0,1.0,0.125,751.0,57.0,0.0758988015978695,9.0,0.0,0.0,296.0,54.0,0.1824324324324324,4.0,0.0,0.0
2020-11-16 00:00:00,22020,2828,0.1284287011807448,1381.0,191.0,0.1383055756698045,201.0,29.0,0.1442786069651742,2.0,0.0,0.0,723.0,211.0,0.2918395573997234,21.0,9.0,0.4285714285714286,634.0,108.0,0.1703470031545741,20.0,0.0,0.0,214.0,61.0,0.2850467289719626,9.0,0.0,0.0,1251.0,158.0,0.1262989608313349,87.0,6.0,0.0689655172413793,3202.0,403.0,0.1258588382261087,167.0,11.0,0.0658682634730539,322.0,49.0,0.1521739130434783,3.0,0.0,0.0,514.0,83.0,0.1614785992217899,31.0,3.0,0.0967741935483871,12765.0,1501.0,0.1175871523697611,905.0,146.0,0.1613259668508287,13.0,1.0,0.0769230769230769,,,,7.0,3.0,0.4285714285714286,,,,66.0,23.0,0.3484848484848485,1.0,1.0,1.0,226.0,20.0,0.0884955752212389,5.0,0.0,0.0,822.0,86.0,0.1046228710462287,16.0,5.0,0.3125,220.0,38.0,0.1727272727272727,9.0,0.0,0.0
2020-11-15 00:00:00,9969,1297,0.130103320292908,741.0,65.0,0.087719298245614,43.0,3.0,0.0697674418604651,2.0,1.0,0.5,147.0,38.0,0.2585034013605443,2.0,1.0,0.5,230.0,50.0,0.2173913043478261,,,,34.0,5.0,0.1470588235294118,3.0,1.0,0.3333333333333333,576.0,75.0,0.1302083333333334,66.0,2.0,0.0303030303030303,1848.0,200.0,0.1082251082251082,81.0,3.0,0.037037037037037,72.0,15.0,0.2083333333333334,1.0,0.0,0.0,245.0,44.0,0.1795918367346939,,,,6179.0,808.0,0.1307654960349571,540.0,51.0,0.0944444444444444,9.0,0.0,0.0,,,,1.0,1.0,1.0,,,,6.0,0.0,0.0,,,,44.0,4.0,0.0909090909090909,7.0,2.0,0.2857142857142857,84.0,11.0,0.130952380952381,31.0,3.0,0.0967741935483871,126.0,11.0,0.0873015873015873,1.0,0.0,0.0
2020-11-14 00:00:00,13954,1687,0.1208972337680952,931.0,104.0,0.1117078410311493,72.0,11.0,0.1527777777777778,3.0,2.0,0.6666666666666666,122.0,26.0,0.2131147540983607,1.0,0.0,0.0,236.0,37.0,0.1567796610169492,5.0,0.0,0.0,58.0,11.0,0.1896551724137931,2.0,1.0,0.5,828.0,109.0,0.1316425120772947,108.0,7.0,0.0648148148148148,2093.0,249.0,0.1189679885332059,42.0,6.0,0.1428571428571429,79.0,13.0,0.1645569620253165,2.0,1.0,0.5,289.0,40.0,0.1384083044982699,23.0,0.0,0.0,9030.0,1102.0,0.1220376522702104,731.0,85.0,0.1162790697674419,5.0,2.0,0.4,1.0,0.0,0.0,4.0,2.0,0.5,,,,13.0,4.0,0.3076923076923077,1.0,0.0,0.0,71.0,6.0,0.0845070422535211,5.0,0.0,0.0,373.0,26.0,0.0697050938337802,1.0,0.0,0.0,230.0,18.0,0.0782608695652174,1.0,0.0,0.0
2020-11-13 00:00:00,18940,2110,0.1114044350580781,1470.0,131.0,0.0891156462585034,183.0,26.0,0.1420765027322404,2.0,1.0,0.5,652.0,161.0,0.2469325153374233,14.0,4.0,0.2857142857142857,554.0,76.0,0.1371841155234657,34.0,4.0,0.1176470588235294,252.0,27.0,0.1071428571428571,3.0,0.0,0.0,1031.0,137.0,0.1328806983511154,150.0,11.0,0.0733333333333333,3118.0,229.0,0.0734445157152021,179.0,5.0,0.0279329608938547,249.0,31.0,0.1244979919678715,1.0,0.0,0.0,404.0,46.0,0.1138613861386139,18.0,0.0,0.0,10608.0,1226.0,0.1155731523378582,1016.0,102.0,0.1003937007874016,12.0,1.0,0.0833333333333333,,,,4.0,0.0,0.0,1.0,0.0,0.0,53.0,11.0,0.2075471698113208,1.0,0.0,0.0,138.0,9.0,0.0652173913043478,13.0,0.0,0.0,669.0,60.0,0.0896860986547085,10.0,1.0,0.1,187.0,24.0,0.1283422459893048,15.0,1.0,0.0666666666666667
2020-11-12 00:00:00,19703,2181,0.1106938029741664,1183.0,127.0,0.1073541842772612,202.0,35.0,0.1732673267326733,2.0,0.0,0.0,634.0,138.0,0.2176656151419559,17.0,5.0,0.2941176470588236,544.0,62.0,0.1139705882352941,15.0,3.0,0.2,320.0,27.0,0.084375,3.0,1.0,0.3333333333333333,999.0,128.0,0.1281281281281281,69.0,9.0,0.1304347826086957,2957.0,272.0,0.0919851200541089,158.0,13.0,0.0822784810126582,319.0,35.0,0.10971786833855803,9.0,0.0,0.0,444.0,54.0,0.1216216216216216,14.0,1.0,0.0714285714285714,11063.0,1249.0,0.1128988520292868,830.0,94.0,0.1132530120481928,21.0,3.0,0.1428571428571429,,,,4.0,0.0,0.0,,,,47.0,18.0,0.3829787234042553,,,,94.0,9.0,0.0957446808510638,10.0,0.0,0.0,909.0,89.0,0.0979097909790979,29.0,0.0,0.0,249.0,28.0,0.1124497991967872,14.0,0.0,0.0
2020-11-11 00:00:00,14358,1684,0.1172865301574035,1183.0,140.0,0.1183431952662722,66.0,10.0,0.1515151515151515,1.0,0.0,0.0,390.0,79.0,0.2025641025641026,11.0,3.0,0.2727272727272727,301.0,47.0,0.1561461794019934,16.0,2.0,0.125,62.0,9.0,0.1451612903225807,1.0,1.0,1.0,800.0,106.0,0.1325,87.0,7.0,0.0804597701149425,1833.0,178.0,0.0971085651936716,50.0,7.0,0.14,149.0,24.0,0.1610738255033557,8.0,3.0,0.375,370.0,51.0,0.1378378378378379,18.0,2.0,0.1111111111111111,9242.0,1058.0,0.1144773858472192,907.0,111.0,0.1223814773980154,8.0,2.0,0.25,1.0,0.0,0.0,7.0,1.0,0.1428571428571429,,,,51.0,22.0,0.4313725490196079,,,,71.0,20.0,0.2816901408450705,33.0,0.0,0.0,159.0,19.0,0.11949685534591198,41.0,4.0,0.0975609756097561,153.0,28.0,0.1830065359477124,7.0,0.0,0.0
2020-11-10 00:00:00,19453,2065,0.1061532925512774,1507.0,164.0,0.1088254810882548,89.0,8.0,0.0898876404494382,1.0,0.0,0.0,691.0,145.0,0.2098408104196816,14.0,4.0,0.2857142857142857,482.0,74.0,0.1535269709543569,61.0,3.0,0.0491803278688525,185.0,25.0,0.1351351351351352,2.0,0.0,0.0,1110.0,113.0,0.1018018018018018,72.0,7.0,0.0972222222222222,2679.0,241.0,0.0899589399029489,139.0,10.0,0.0719424460431655,221.0,31.0,0.1402714932126697,1.0,0.0,0.0,437.0,68.0,0.1556064073226545,18.0,3.0,0.1666666666666667,11933.0,1202.0,0.1007290706444314,1122.0,130.0,0.1158645276292335,15.0,0.0,0.0,1.0,0.0,0.0,7.0,0.0,0.0,1.0,0.0,0.0,57.0,22.0,0.3859649122807018,,,,94.0,15.0,0.1595744680851064,43.0,1.0,0.0232558139534884,508.0,53.0,0.1043307086614173,10.0,3.0,0.3,225.0,33.0,0.1466666666666667,7.0,0.0,0.0
2020-11-09 00:00:00,18241,1933,0.1059700674305137,1335.0,139.0,0.1041198501872659,175.0,17.0,0.0971428571428571,3.0,0.0,0.0,749.0,144.0,0.1922563417890521,20.0,11.0,0.55,443.0,56.0,0.126410835214447,20.0,1.0,0.05,110.0,20.0,0.1818181818181818,5.0,2.0,0.4,1150.0,101.0,0.0878260869565217,120.0,7.0,0.0583333333333333,2800.0,232.0,0.0828571428571429,118.0,7.0,0.0593220338983051,258.0,35.0,0.1356589147286822,5.0,0.0,0.0,320.0,41.0,0.128125,16.0,3.0,0.1875,10385.0,1051.0,0.1012036591237362,987.0,104.0,0.1053698074974671,16.0,0.0,0.0,1.0,0.0,0.0,11.0,1.0,0.0909090909090909,,,,63.0,17.0,0.2698412698412699,1.0,0.0,0.0,138.0,18.0,0.1304347826086957,10.0,0.0,0.0,727.0,102.0,0.140302613480055,7.0,2.0,0.2857142857142857,219.0,45.0,0.2054794520547945,11.0,0.0,0.0
2020-11-08 00:00:00,8844,1041,0.1177069199457259,635.0,60.0,0.09448818897637801,18.0,3.0,0.1666666666666667,4.0,0.0,0.0,138.0,40.0,0.2898550724637682,,,,159.0,19.0,0.11949685534591198,3.0,0.0,0.0,49.0,7.0,0.1428571428571429,1.0,0.0,0.0,674.0,73.0,0.1083086053412463,59.0,4.0,0.0677966101694915,1376.0,123.0,0.0893895348837209,46.0,2.0,0.0434782608695652,58.0,5.0,0.0862068965517241,,,,105.0,15.0,0.1428571428571429,,,,5715.0,687.0,0.1202099737532809,510.0,54.0,0.1058823529411765,7.0,0.0,0.0,2.0,0.0,0.0,2.0,2.0,1.0,,,,4.0,1.0,0.25,,,,66.0,4.0,0.0606060606060606,7.0,0.0,0.0,58.0,8.0,0.1379310344827586,,,,123.0,23.0,0.1869918699186992,1.0,0.0,0.0
2020-11-07 00:00:00,11870,1327,0.1117944397641112,1026.0,76.0,0.0740740740740741,49.0,12.0,0.2448979591836735,,,,96.0,20.0,0.2083333333333334,1.0,0.0,0.0,208.0,14.0,0.0673076923076923,68.0,1.0,0.0147058823529412,38.0,8.0,0.2105263157894737,1.0,0.0,0.0,712.0,83.0,0.1165730337078652,69.0,3.0,0.0434782608695652,1527.0,172.0,0.1126391617550753,66.0,5.0,0.0757575757575758,65.0,12.0,0.1846153846153846,2.0,0.0,0.0,272.0,29.0,0.1066176470588235,3.0,0.0,0.0,7901.0,847.0,0.1072016200480952,790.0,63.0,0.079746835443038,6.0,1.0,0.1666666666666667,1.0,0.0,0.0,,,,,,,19.0,6.0,0.3157894736842105,,,,53.0,12.0,0.2264150943396227,7.0,0.0,0.0,396.0,49.0,0.1237373737373738,1.0,0.0,0.0,192.0,26.0,0.1354166666666667,6.0,2.0,0.3333333333333333
2020-11-06 00:00:00,17885,1609,0.0899636566955549,1354.0,135.0,0.0997045790251108,121.0,16.0,0.1322314049586777,4.0,0.0,0.0,645.0,115.0,0.1782945736434109,12.0,2.0,0.1666666666666667,481.0,38.0,0.07900207900207902,30.0,1.0,0.0333333333333333,73.0,10.0,0.136986301369863,,,,1133.0,99.0,0.087378640776699,101.0,12.0,0.1188118811881188,2897.0,215.0,0.0742147048671039,117.0,12.0,0.1025641025641026,158.0,17.0,0.1075949367088608,2.0,0.0,0.0,332.0,26.0,0.0783132530120482,11.0,0.0,0.0,10282.0,900.0,0.0875316086364521,992.0,103.0,0.1038306451612903,16.0,1.0,0.0625,2.0,0.0,0.0,12.0,0.0,0.0,,,,59.0,12.0,0.2033898305084746,3.0,0.0,0.0,73.0,15.0,0.2054794520547945,14.0,1.0,0.0714285714285714,610.0,65.0,0.1065573770491803,10.0,0.0,0.0,232.0,33.0,0.1422413793103448,14.0,1.0,0.0714285714285714
2020-11-05 00:00:00,17686,1705,0.0964039353160692,1130.0,125.0,0.1106194690265487,104.0,16.0,0.1538461538461539,2.0,0.0,0.0,476.0,77.0,0.161764705882353,16.0,1.0,0.0625,474.0,41.0,0.0864978902953587,19.0,2.0,0.1052631578947368,143.0,15.0,0.1048951048951049,,,,954.0,67.0,0.070230607966457,55.0,7.0,0.1272727272727273,2694.0,249.0,0.0924276169265033,111.0,7.0,0.0630630630630631,236.0,36.0,0.152542372881356,3.0,2.0,0.6666666666666666,417.0,47.0,0.1127098321342926,13.0,0.0,0.0,10278.0,937.0,0.0911655964195369,778.0,98.0,0.1259640102827764,14.0,1.0,0.0714285714285714,,,,7.0,0.0,0.0,,,,72.0,23.0,0.3194444444444444,2.0,1.0,0.5,203.0,31.0,0.1527093596059114,28.0,2.0,0.0714285714285714,593.0,70.0,0.1180438448566611,52.0,3.0,0.0576923076923077,191.0,35.0,0.1832460732984293,8.0,0.0,0.0
2020-11-04 00:00:00,17971,1715,0.0954315285738134,1185.0,115.0,0.0970464135021097,106.0,16.0,0.1509433962264151,7.0,0.0,0.0,500.0,99.0,0.198,10.0,3.0,0.3,399.0,43.0,0.1077694235588972,25.0,1.0,0.04,179.0,15.0,0.0837988826815642,2.0,1.0,0.5,1112.0,113.0,0.1016187050359712,59.0,6.0,0.1016949152542373,2666.0,242.0,0.0907726931732933,68.0,12.0,0.1764705882352941,319.0,26.0,0.0815047021943574,65.0,6.0,0.0923076923076923,331.0,35.0,0.1057401812688822,33.0,3.0,0.0909090909090909,10567.0,959.0,0.0907542348821804,843.0,79.0,0.0937129300118624,9.0,1.0,0.1111111111111111,1.0,0.0,0.0,8.0,2.0,0.25,,,,56.0,18.0,0.3214285714285715,1.0,0.0,0.0,111.0,8.0,0.0720720720720721,5.0,1.0,0.2,635.0,74.0,0.1165354330708662,11.0,0.0,0.0,178.0,23.0,0.1292134831460674,5.0,0.0,0.0
2020-11-03 00:00:00,17700,1459,0.0824293785310735,1373.0,136.0,0.0990531682447196,91.0,12.0,0.1318681318681319,,,,450.0,66.0,0.1466666666666667,13.0,3.0,0.2307692307692308,418.0,36.0,0.0861244019138756,15.0,1.0,0.0666666666666667,68.0,13.0,0.1911764705882353,2.0,0.0,0.0,1157.0,102.0,0.0881590319792567,82.0,12.0,0.1463414634146342,2514.0,177.0,0.0704057279236277,83.0,4.0,0.0481927710843374,173.0,13.0,0.0751445086705202,6.0,0.0,0.0,417.0,44.0,0.105515587529976,39.0,4.0,0.1025641025641026,10750.0,877.0,0.0815813953488372,999.0,98.0,0.0980980980980981,43.0,2.0,0.0465116279069767,1.0,0.0,0.0,7.0,0.0,0.0,,,,35.0,4.0,0.1142857142857143,3.0,2.0,0.6666666666666666,107.0,11.0,0.10280373831775699,11.0,1.0,0.0909090909090909,506.0,44.0,0.0869565217391304,58.0,9.0,0.1551724137931035,151.0,26.0,0.1721854304635762,10.0,1.0,0.1
2020-11-02 00:00:00,16555,1518,0.0916943521594685,1221.0,121.0,0.0990990990990991,106.0,12.0,0.1132075471698113,2.0,0.0,0.0,443.0,65.0,0.1467268623024831,13.0,8.0,0.6153846153846154,498.0,24.0,0.0481927710843374,23.0,3.0,0.1304347826086957,82.0,9.0,0.1097560975609756,3.0,0.0,0.0,1104.0,103.0,0.0932971014492754,111.0,6.0,0.0540540540540541,2426.0,206.0,0.0849134377576257,84.0,9.0,0.1071428571428571,302.0,42.0,0.1390728476821192,4.0,0.0,0.0,336.0,44.0,0.130952380952381,19.0,1.0,0.0526315789473684,9549.0,832.0,0.0871295423604566,836.0,82.0,0.0980861244019139,16.0,1.0,0.0625,1.0,0.0,0.0,15.0,2.0,0.1333333333333333,2.0,0.0,0.0,58.0,13.0,0.2241379310344828,,,,148.0,22.0,0.1486486486486487,10.0,1.0,0.1,605.0,83.0,0.1371900826446281,20.0,6.0,0.3,194.0,31.0,0.1597938144329897,11.0,1.0,0.0909090909090909
2020-11-01 00:00:00,7065,736,0.1041755130927106,530.0,40.0,0.0754716981132076,16.0,1.0,0.0625,,,,81.0,12.0,0.1481481481481482,3.0,0.0,0.0,136.0,8.0,0.0588235294117647,,,,21.0,3.0,0.1428571428571429,1.0,1.0,1.0,506.0,58.0,0.1146245059288538,58.0,2.0,0.0344827586206897,1048.0,78.0,0.0744274809160305,57.0,2.0,0.0350877192982456,96.0,23.0,0.2395833333333334,1.0,0.0,0.0,137.0,19.0,0.1386861313868613,1.0,0.0,0.0,4668.0,490.0,0.1049700085689803,400.0,33.0,0.0825,2.0,0.0,0.0,,,,4.0,0.0,0.0,,,,15.0,5.0,0.3333333333333333,,,,33.0,4.0,0.1212121212121212,2.0,0.0,0.0,70.0,13.0,0.1857142857142857,,,,63.0,5.0,0.0793650793650794,2.0,1.0,0.5
2020-10-31 00:00:00,8192,788,0.09619140625,792.0,59.0,0.0744949494949495,17.0,4.0,0.2352941176470588,1.0,0.0,0.0,104.0,13.0,0.125,2.0,1.0,0.5,118.0,10.0,0.0847457627118644,35.0,0.0,0.0,45.0,5.0,0.1111111111111111,,,,549.0,67.0,0.12204007285974498,103.0,3.0,0.029126213592232997,1168.0,84.0,0.0719178082191781,56.0,2.0,0.0357142857142857,61.0,17.0,0.2786885245901639,1.0,1.0,1.0,162.0,20.0,0.1234567901234568,2.0,1.0,0.5,5310.0,505.0,0.0951035781544256,581.0,49.0,0.0843373493975904,3.0,0.0,0.0,,,,1.0,1.0,1.0,1.0,0.0,0.0,19.0,3.0,0.1578947368421053,1.0,0.0,0.0,36.0,11.0,0.3055555555555556,3.0,0.0,0.0,234.0,14.0,0.0598290598290598,1.0,1.0,1.0,122.0,12.0,0.0983606557377049,4.0,0.0,0.0
2020-10-30 00:00:00,13632,975,0.0715228873239437,1439.0,131.0,0.0910354412786657,68.0,2.0,0.0294117647058824,2.0,0.0,0.0,387.0,57.0,0.1472868217054264,19.0,4.0,0.2105263157894737,313.0,13.0,0.0415335463258786,70.0,1.0,0.0142857142857143,75.0,7.0,0.0933333333333333,3.0,1.0,0.3333333333333333,793.0,74.0,0.0933165195460277,111.0,8.0,0.0720720720720721,2385.0,184.0,0.0771488469601677,170.0,7.0,0.0411764705882353,122.0,9.0,0.0737704918032787,7.0,1.0,0.1428571428571429,313.0,29.0,0.0926517571884984,7.0,3.0,0.4285714285714286,7993.0,532.0,0.0665582384586513,994.0,102.0,0.10261569416499,3.0,0.0,0.0,,,,4.0,2.0,0.5,,,,38.0,5.0,0.1315789473684211,,,,61.0,4.0,0.0655737704918033,16.0,0.0,0.0,436.0,21.0,0.0481651376146789,6.0,2.0,0.3333333333333333,124.0,11.0,0.0887096774193548,24.0,2.0,0.0833333333333333
2020-10-29 00:00:00,14727,1087,0.07381000882732401,1457.0,121.0,0.0830473575840769,116.0,11.0,0.0948275862068966,2.0,0.0,0.0,425.0,60.0,0.1411764705882353,15.0,6.0,0.4,360.0,16.0,0.0444444444444444,21.0,4.0,0.1904761904761905,73.0,13.0,0.1780821917808219,3.0,0.0,0.0,808.0,67.0,0.0829207920792079,65.0,2.0,0.0307692307692308,2275.0,135.0,0.0593406593406593,80.0,8.0,0.1,190.0,32.0,0.168421052631579,7.0,0.0,0.0,283.0,23.0,0.0812720848056537,128.0,8.0,0.0625,8708.0,628.0,0.0721175930179146,938.0,84.0,0.0895522388059702,14.0,0.0,0.0,4.0,0.0,0.0,6.0,1.0,0.1666666666666667,,,,51.0,14.0,0.2745098039215687,2.0,0.0,0.0,111.0,9.0,0.0810810810810811,14.0,0.0,0.0,483.0,26.0,0.0538302277432712,65.0,6.0,0.0923076923076923,255.0,23.0,0.0901960784313726,6.0,1.0,0.1666666666666667
2020-10-28 00:00:00,13884,1044,0.0751944684528954,1448.0,136.0,0.0939226519337017,117.0,5.0,0.0427350427350427,1.0,0.0,0.0,303.0,50.0,0.16501650165016502,5.0,1.0,0.2,308.0,14.0,0.0454545454545455,75.0,5.0,0.0666666666666667,101.0,8.0,0.0792079207920792,,,,743.0,66.0,0.0888290713324361,69.0,5.0,0.072463768115942,2017.0,144.0,0.0713931581556768,69.0,3.0,0.0434782608695652,244.0,23.0,0.0942622950819672,32.0,7.0,0.21875,254.0,26.0,0.1023622047244095,112.0,8.0,0.0714285714285714,8302.0,599.0,0.0721512888460612,929.0,101.0,0.10871905274488698,16.0,2.0,0.125,2.0,0.0,0.0,2.0,0.0,0.0,,,,77.0,12.0,0.1558441558441559,3.0,1.0,0.3333333333333333,82.0,10.0,0.1219512195121951,8.0,0.0,0.0,507.0,46.0,0.0907297830374754,7.0,0.0,0.0,151.0,13.0,0.0860927152317881,11.0,1.0,0.0909090909090909
2020-10-27 00:00:00,13718,896,0.0653156436798367,1771.0,137.0,0.0773574251835121,56.0,8.0,0.1428571428571429,2.0,1.0,0.5,313.0,41.0,0.1309904153354633,9.0,4.0,0.4444444444444444,336.0,15.0,0.0446428571428571,17.0,2.0,0.1176470588235294,66.0,7.0,0.1060606060606061,4.0,1.0,0.25,792.0,60.0,0.0757575757575758,107.0,11.0,0.10280373831775699,2095.0,136.0,0.0649164677804296,101.0,7.0,0.0693069306930693,151.0,12.0,0.0794701986754967,4.0,0.0,0.0,241.0,22.0,0.0912863070539419,128.0,12.0,0.09375,8426.0,529.0,0.0627818656539283,1205.0,90.0,0.0746887966804979,8.0,2.0,0.25,1.0,0.0,0.0,2.0,0.0,0.0,,,,57.0,8.0,0.1403508771929825,1.0,0.0,0.0,73.0,8.0,0.1095890410958904,12.0,1.0,0.0833333333333333,464.0,22.0,0.0474137931034483,49.0,2.0,0.0408163265306122,123.0,6.0,0.0487804878048781,10.0,0.0,0.0
2020-10-26 00:00:00,14252,1045,0.0733230423800168,1398.0,137.0,0.09799713876967099,79.0,11.0,0.1392405063291139,1.0,0.0,0.0,310.0,40.0,0.1290322580645161,19.0,5.0,0.2631578947368421,342.0,16.0,0.0467836257309942,21.0,0.0,0.0,89.0,14.0,0.1573033707865169,2.0,0.0,0.0,887.0,70.0,0.0789177001127396,94.0,7.0,0.07446808510638299,1973.0,106.0,0.0537252914343639,148.0,15.0,0.1013513513513514,219.0,33.0,0.1506849315068493,9.0,2.0,0.2222222222222222,218.0,30.0,0.1376146788990826,30.0,4.0,0.1333333333333333,8613.0,608.0,0.0705909671426913,811.0,95.0,0.1171393341553638,15.0,0.0,0.0,2.0,0.0,0.0,6.0,1.0,0.1666666666666667,,,,78.0,12.0,0.1538461538461539,1.0,0.0,0.0,151.0,11.0,0.0728476821192053,120.0,5.0,0.0416666666666667,530.0,53.0,0.1,12.0,0.0,0.0,167.0,19.0,0.1137724550898204,6.0,1.0,0.1666666666666667
2020-10-25 00:00:00,5237,447,0.0853542104258163,517.0,36.0,0.0696324951644101,23.0,2.0,0.0869565217391304,1.0,0.0,0.0,77.0,11.0,0.1428571428571429,,,,84.0,10.0,0.1190476190476191,,,,25.0,5.0,0.2,1.0,1.0,1.0,360.0,33.0,0.0916666666666667,50.0,1.0,0.02,769.0,46.0,0.0598179453836151,65.0,3.0,0.0461538461538462,67.0,11.0,0.164179104477612,1.0,0.0,0.0,97.0,11.0,0.1134020618556701,,,,3438.0,296.0,0.0860965677719604,384.0,31.0,0.0807291666666667,3.0,0.0,0.0,1.0,0.0,0.0,,,,,,,5.0,0.0,0.0,,,,38.0,7.0,0.1842105263157895,5.0,0.0,0.0,59.0,4.0,0.0677966101694915,4.0,0.0,0.0,31.0,2.0,0.0645161290322581,2.0,0.0,0.0
2020-10-24 00:00:00,8263,719,0.0870144015490742,850.0,69.0,0.0811764705882353,21.0,5.0,0.2380952380952381,3.0,1.0,0.3333333333333333,281.0,14.0,0.0498220640569395,2.0,0.0,0.0,102.0,8.0,0.0784313725490196,44.0,0.0,0.0,54.0,3.0,0.0555555555555556,,,,439.0,39.0,0.0888382687927107,82.0,5.0,0.0609756097560976,915.0,77.0,0.0841530054644809,66.0,5.0,0.0757575757575758,72.0,19.0,0.2638888888888889,3.0,1.0,0.3333333333333333,125.0,9.0,0.07200000000000001,,,,5581.0,502.0,0.08994803798602401,638.0,55.0,0.0862068965517241,4.0,0.0,0.0,1.0,0.0,0.0,1.0,0.0,0.0,1.0,0.0,0.0,13.0,0.0,0.0,,,,39.0,4.0,0.1025641025641026,4.0,1.0,0.25,264.0,21.0,0.0795454545454546,2.0,1.0,0.5,71.0,5.0,0.0704225352112676,2.0,0.0,0.0
2020-10-23 00:00:00,12361,795,0.0643151848555942,1607.0,125.0,0.0777846919726198,76.0,8.0,0.1052631578947368,4.0,0.0,0.0,428.0,41.0,0.0957943925233645,19.0,5.0,0.2631578947368421,288.0,14.0,0.0486111111111111,154.0,3.0,0.0194805194805195,198.0,10.0,0.0505050505050505,,,,762.0,45.0,0.0590551181102362,165.0,11.0,0.0666666666666667,2037.0,104.0,0.0510554737358861,136.0,8.0,0.0588235294117647,145.0,15.0,0.103448275862069,2.0,0.0,0.0,238.0,22.0,0.092436974789916,15.0,1.0,0.0666666666666667,6847.0,449.0,0.0655761647436834,1017.0,94.0,0.0924287118977385,10.0,0.0,0.0,1.0,0.0,0.0,9.0,0.0,0.0,,,,242.0,28.0,0.115702479338843,,,,89.0,5.0,0.0561797752808989,11.0,0.0,0.0,391.0,33.0,0.0843989769820972,7.0,1.0,0.1428571428571429,145.0,11.0,0.0758620689655172,15.0,0.0,0.0
2020-10-22 00:00:00,13118,889,0.067769477054429,1308.0,144.0,0.1100917431192661,99.0,3.0,0.0303030303030303,5.0,2.0,0.4,356.0,55.0,0.1544943820224719,9.0,1.0,0.1111111111111111,250.0,11.0,0.044000000000000004,22.0,2.0,0.0909090909090909,61.0,3.0,0.0491803278688525,1.0,0.0,0.0,767.0,64.0,0.0834419817470665,90.0,4.0,0.0444444444444444,2123.0,142.0,0.0668864813942534,106.0,12.0,0.1132075471698113,218.0,15.0,0.0688073394495413,3.0,1.0,0.3333333333333333,249.0,11.0,0.0441767068273092,20.0,4.0,0.2,7739.0,495.0,0.0639617521643623,884.0,110.0,0.1244343891402715,7.0,0.0,0.0,2.0,0.0,0.0,12.0,1.0,0.0833333333333333,,,,47.0,3.0,0.0638297872340426,,,,111.0,16.0,0.1441441441441442,14.0,2.0,0.1428571428571429,533.0,51.0,0.0956848030018762,65.0,4.0,0.0615384615384615,105.0,2.0,0.0190476190476191,6.0,0.0,0.0
2020-10-21 00:00:00,13713,866,0.0631517538102531,995.0,83.0,0.0834170854271357,95.0,22.0,0.2315789473684211,3.0,0.0,0.0,389.0,44.0,0.1131105398457584,13.0,4.0,0.3076923076923077,277.0,21.0,0.075812274368231,66.0,4.0,0.0606060606060606,103.0,3.0,0.029126213592232997,3.0,0.0,0.0,608.0,39.0,0.0641447368421053,43.0,5.0,0.1162790697674419,1904.0,110.0,0.0577731092436975,43.0,4.0,0.0930232558139535,244.0,22.0,0.0901639344262295,1.0,1.0,1.0,225.0,10.0,0.0444444444444444,39.0,0.0,0.0,8504.0,511.0,0.0600893697083725,718.0,62.0,0.0863509749303621,15.0,0.0,0.0,,,,5.0,0.0,0.0,,,,47.0,9.0,0.1914893617021277,2.0,1.0,0.5,75.0,8.0,0.1066666666666667,5.0,0.0,0.0,532.0,41.0,0.0770676691729323,6.0,0.0,0.0,121.0,7.0,0.0578512396694215,7.0,0.0,0.0
2020-10-20 00:00:00,13809,797,0.0577159823303643,1424.0,130.0,0.0912921348314607,109.0,8.0,0.07339449541284401,6.0,1.0,0.1666666666666667,366.0,36.0,0.0983606557377049,18.0,9.0,0.5,298.0,6.0,0.0201342281879195,16.0,1.0,0.0625,75.0,1.0,0.0133333333333333,6.0,1.0,0.1666666666666667,788.0,58.0,0.0736040609137056,90.0,5.0,0.0555555555555556,1912.0,91.0,0.0475941422594142,146.0,7.0,0.0479452054794521,194.0,23.0,0.1185567010309278,4.0,3.0,0.75,230.0,7.0,0.0304347826086957,24.0,3.0,0.125,8528.0,485.0,0.0568714821763602,1031.0,96.0,0.0931134820562561,5.0,0.0,0.0,1.0,0.0,0.0,9.0,0.0,0.0,,,,53.0,9.0,0.169811320754717,,,,106.0,13.0,0.1226415094339623,11.0,1.0,0.0909090909090909,424.0,36.0,0.0849056603773585,31.0,2.0,0.0645161290322581,119.0,10.0,0.0840336134453782,7.0,0.0,0.0
2020-10-19 00:00:00,13249,863,0.0651369914710544,1281.0,127.0,0.0991412958626073,84.0,7.0,0.0833333333333333,1.0,0.0,0.0,315.0,52.0,0.1650793650793651,10.0,3.0,0.3,242.0,18.0,0.0743801652892562,19.0,1.0,0.0526315789473684,68.0,7.0,0.1029411764705882,3.0,1.0,0.3333333333333333,813.0,37.0,0.045510455104551,134.0,8.0,0.0597014925373134,1753.0,88.0,0.0501996577296064,127.0,12.0,0.09448818897637801,250.0,22.0,0.08800000000000001,5.0,0.0,0.0,229.0,12.0,0.0524017467248908,13.0,1.0,0.0769230769230769,8000.0,514.0,0.06425,855.0,94.0,0.1099415204678363,54.0,0.0,0.0,17.0,0.0,0.0,12.0,5.0,0.4166666666666667,3.0,0.0,0.0,83.0,13.0,0.1566265060240964,4.0,0.0,0.0,166.0,12.0,0.07228915662650601,26.0,1.0,0.0384615384615385,479.0,49.0,0.1022964509394572,11.0,0.0,0.0,116.0,9.0,0.0775862068965517,13.0,2.0,0.1538461538461539
2020-10-18 00:00:00,5634,427,0.0757898473553426,558.0,49.0,0.0878136200716846,25.0,2.0,0.08,1.0,0.0,0.0,84.0,12.0,0.1428571428571429,,,,89.0,4.0,0.0449438202247191,3.0,0.0,0.0,16.0,1.0,0.0625,2.0,0.0,0.0,328.0,20.0,0.0609756097560976,61.0,4.0,0.0655737704918033,820.0,46.0,0.0560975609756098,51.0,3.0,0.0588235294117647,84.0,8.0,0.0952380952380952,,,,92.0,2.0,0.0217391304347826,1.0,0.0,0.0,3793.0,297.0,0.0783021355127867,430.0,42.0,0.0976744186046512,3.0,0.0,0.0,,,,8.0,1.0,0.125,,,,9.0,3.0,0.3333333333333333,,,,85.0,19.0,0.2235294117647059,5.0,0.0,0.0,37.0,5.0,0.1351351351351352,1.0,0.0,0.0,31.0,0.0,0.0,2.0,0.0,0.0
2020-10-17 00:00:00,7208,458,0.0635405105438402,964.0,65.0,0.0674273858921162,21.0,5.0,0.2380952380952381,4.0,0.0,0.0,527.0,20.0,0.0379506641366224,32.0,2.0,0.0625,108.0,9.0,0.0833333333333333,56.0,1.0,0.0178571428571429,23.0,3.0,0.1304347826086957,1.0,0.0,0.0,418.0,19.0,0.0454545454545455,111.0,2.0,0.018018018018018004,851.0,45.0,0.0528789659224442,70.0,2.0,0.0285714285714286,100.0,18.0,0.18,3.0,1.0,0.3333333333333333,101.0,4.0,0.0396039603960396,4.0,1.0,0.25,4531.0,287.0,0.0633414257338336,667.0,55.0,0.0824587706146927,3.0,0.0,0.0,1.0,0.0,0.0,4.0,0.0,0.0,,,,9.0,0.0,0.0,,,,43.0,2.0,0.0465116279069767,8.0,0.0,0.0,177.0,22.0,0.1242937853107345,,,,93.0,14.0,0.1505376344086022,5.0,1.0,0.2
2020-10-16 00:00:00,11180,662,0.0592128801431127,1318.0,111.0,0.0842185128983308,86.0,4.0,0.0465116279069767,5.0,0.0,0.0,268.0,30.0,0.1119402985074627,59.0,6.0,0.1016949152542373,224.0,15.0,0.0669642857142857,20.0,2.0,0.1,74.0,7.0,0.0945945945945946,4.0,2.0,0.5,811.0,46.0,0.0567200986436498,81.0,6.0,0.0740740740740741,1501.0,50.0,0.033311125916056,139.0,5.0,0.0359712230215827,107.0,20.0,0.1869158878504673,2.0,0.0,0.0,224.0,10.0,0.0446428571428571,13.0,2.0,0.1538461538461539,6786.0,414.0,0.0610079575596817,932.0,85.0,0.0912017167381974,2.0,0.0,0.0,,,,8.0,0.0,0.0,,,,38.0,6.0,0.1578947368421053,3.0,0.0,0.0,123.0,18.0,0.1463414634146342,18.0,0.0,0.0,325.0,17.0,0.0523076923076923,14.0,2.0,0.1428571428571429,99.0,5.0,0.0505050505050505,16.0,0.0,0.0
2020-10-15 00:00:00,10812,576,0.0532741398446171,1305.0,115.0,0.0881226053639847,113.0,3.0,0.0265486725663717,,,,464.0,46.0,0.0991379310344828,66.0,6.0,0.0909090909090909,203.0,4.0,0.0197044334975369,59.0,1.0,0.0169491525423729,68.0,4.0,0.0588235294117647,2.0,0.0,0.0,761.0,47.0,0.0617608409986859,61.0,10.0,0.1639344262295082,1642.0,51.0,0.0310596833130329,107.0,7.0,0.0654205607476636,156.0,10.0,0.0641025641025641,57.0,3.0,0.0526315789473684,246.0,10.0,0.040650406504065005,19.0,2.0,0.1052631578947368,5992.0,338.0,0.0564085447263017,899.0,84.0,0.0934371523915462,18.0,1.0,0.0555555555555556,1.0,0.0,0.0,4.0,1.0,0.25,,,,34.0,8.0,0.2352941176470588,1.0,0.0,0.0,89.0,7.0,0.0786516853932584,13.0,1.0,0.0769230769230769,381.0,24.0,0.062992125984252,5.0,0.0,0.0,114.0,5.0,0.043859649122807,7.0,1.0,0.1428571428571429
2020-10-14 00:00:00,11752,615,0.0523315180394826,1184.0,117.0,0.0988175675675676,92.0,7.0,0.0760869565217391,9.0,2.0,0.2222222222222222,271.0,25.0,0.0922509225092251,27.0,9.0,0.3333333333333333,256.0,5.0,0.01953125,82.0,2.0,0.024390243902439,101.0,4.0,0.0396039603960396,3.0,1.0,0.3333333333333333,640.0,42.0,0.065625,56.0,2.0,0.0357142857142857,1753.0,64.0,0.0365088419851683,104.0,10.0,0.0961538461538462,323.0,13.0,0.0402476780185759,3.0,2.0,0.6666666666666666,320.0,8.0,0.025,13.0,1.0,0.0769230769230769,6820.0,364.0,0.0533724340175953,869.0,86.0,0.0989643268124281,7.0,0.0,0.0,,,,3.0,0.0,0.0,,,,43.0,10.0,0.2325581395348837,1.0,0.0,0.0,125.0,25.0,0.2,5.0,0.0,0.0,427.0,26.0,0.0608899297423888,6.0,1.0,0.1666666666666667,110.0,5.0,0.0454545454545455,2.0,0.0,0.0
2020-10-13 00:00:00,11297,629,0.0556784987164734,1448.0,159.0,0.1098066298342541,74.0,6.0,0.0810810810810811,1.0,0.0,0.0,290.0,22.0,0.0758620689655172,36.0,8.0,0.2222222222222222,194.0,5.0,0.0257731958762887,21.0,1.0,0.0476190476190476,54.0,3.0,0.0555555555555556,5.0,0.0,0.0,628.0,35.0,0.0557324840764331,99.0,11.0,0.1111111111111111,1510.0,45.0,0.0298013245033113,112.0,5.0,0.0446428571428571,169.0,12.0,0.0710059171597633,6.0,1.0,0.1666666666666667,227.0,7.0,0.0308370044052863,15.0,2.0,0.1333333333333333,7017.0,415.0,0.0591420835114721,1105.0,126.0,0.114027149321267,10.0,0.0,0.0,,,,9.0,2.0,0.2222222222222222,1.0,0.0,0.0,41.0,5.0,0.1219512195121951,,,,160.0,28.0,0.175,10.0,1.0,0.1,341.0,20.0,0.0586510263929619,10.0,0.0,0.0,152.0,6.0,0.0394736842105263,18.0,2.0,0.1111111111111111
2020-10-12 00:00:00,11248,595,0.052898293029872,1331.0,121.0,0.0909090909090909,35.0,0.0,0.0,5.0,1.0,0.2,289.0,33.0,0.1141868512110727,12.0,2.0,0.1666666666666667,258.0,9.0,0.0348837209302326,23.0,5.0,0.2173913043478261,76.0,8.0,0.1052631578947368,5.0,2.0,0.4,657.0,32.0,0.0487062404870624,138.0,10.0,0.072463768115942,2093.0,65.0,0.031055900621117995,148.0,12.0,0.0810810810810811,117.0,8.0,0.0683760683760684,5.0,0.0,0.0,229.0,13.0,0.0567685589519651,18.0,2.0,0.1111111111111111,6259.0,332.0,0.0530436171912446,909.0,79.0,0.0869086908690869,17.0,1.0,0.0588235294117647,,,,7.0,1.0,0.1428571428571429,,,,50.0,13.0,0.26,2.0,0.0,0.0,154.0,16.0,0.1038961038961039,23.0,2.0,0.0869565217391304,444.0,34.0,0.0765765765765766,10.0,1.0,0.1,147.0,18.0,0.1224489795918367,18.0,2.0,0.1111111111111111
2020-10-11 00:00:00,5016,321,0.0639952153110048,634.0,40.0,0.0630914826498423,17.0,0.0,0.0,1.0,0.0,0.0,78.0,11.0,0.141025641025641,1.0,0.0,0.0,85.0,3.0,0.0352941176470588,1.0,0.0,0.0,16.0,3.0,0.1875,,,,394.0,30.0,0.0761421319796954,63.0,2.0,0.0317460317460317,850.0,50.0,0.0588235294117647,50.0,4.0,0.08,39.0,3.0,0.0769230769230769,3.0,1.0,0.3333333333333333,104.0,3.0,0.0288461538461539,,,,3139.0,196.0,0.0624402676011469,501.0,32.0,0.063872255489022,7.0,0.0,0.0,1.0,0.0,0.0,5.0,0.0,0.0,,,,10.0,1.0,0.1,1.0,0.0,0.0,34.0,5.0,0.1470588235294118,4.0,1.0,0.25,60.0,9.0,0.15,,,,33.0,3.0,0.0909090909090909,4.0,0.0,0.0
2020-10-10 00:00:00,6217,351,0.0564580987614605,812.0,59.0,0.0726600985221675,10.0,1.0,0.1,2.0,0.0,0.0,64.0,10.0,0.15625,5.0,1.0,0.2,106.0,2.0,0.0188679245283019,1.0,0.0,0.0,16.0,1.0,0.0625,1.0,0.0,0.0,359.0,19.0,0.052924791086350995,64.0,5.0,0.078125,931.0,34.0,0.0365198711063373,69.0,0.0,0.0,44.0,1.0,0.0227272727272727,,,,89.0,2.0,0.0224719101123596,21.0,2.0,0.0952380952380952,4103.0,242.0,0.0589812332439678,631.0,48.0,0.0760697305863708,5.0,0.0,0.0,,,,2.0,0.0,0.0,,,,5.0,1.0,0.2,3.0,2.0,0.6666666666666666,37.0,10.0,0.2702702702702703,3.0,0.0,0.0,221.0,18.0,0.08144796380090501,2.0,0.0,0.0,27.0,3.0,0.1111111111111111,4.0,0.0,0.0
2020-10-09 00:00:00,10891,543,0.0498576806537508,1549.0,147.0,0.0948999354422208,57.0,4.0,0.0701754385964912,9.0,2.0,0.2222222222222222,306.0,34.0,0.1111111111111111,9.0,3.0,0.3333333333333333,229.0,10.0,0.0436681222707424,49.0,1.0,0.0204081632653061,378.0,12.0,0.0317460317460317,4.0,0.0,0.0,560.0,42.0,0.075,103.0,8.0,0.0776699029126214,1798.0,50.0,0.0278086763070078,182.0,16.0,0.0879120879120879,105.0,9.0,0.0857142857142857,7.0,0.0,0.0,176.0,5.0,0.0284090909090909,104.0,6.0,0.0576923076923077,5870.0,309.0,0.0526405451448041,992.0,107.0,0.1078629032258065,6.0,0.0,0.0,2.0,0.0,0.0,10.0,3.0,0.3,,,,39.0,6.0,0.1538461538461539,1.0,0.0,0.0,96.0,10.0,0.1041666666666667,12.0,0.0,0.0,561.0,31.0,0.0552584670231729,43.0,2.0,0.0465116279069767,163.0,7.0,0.0429447852760736,11.0,1.0,0.0909090909090909
2020-10-08 00:00:00,11099,497,0.0447788089017029,1080.0,127.0,0.1175925925925926,53.0,0.0,0.0,2.0,1.0,0.5,275.0,18.0,0.0654545454545455,10.0,4.0,0.4,243.0,6.0,0.0246913580246914,25.0,5.0,0.2,366.0,4.0,0.0109289617486339,5.0,0.0,0.0,710.0,48.0,0.0676056338028169,60.0,4.0,0.0666666666666667,1591.0,43.0,0.027027027027027,118.0,14.0,0.1186440677966102,152.0,6.0,0.0394736842105263,10.0,0.0,0.0,228.0,3.0,0.0131578947368421,82.0,6.0,0.0731707317073171,6160.0,294.0,0.0477272727272727,730.0,91.0,0.1246575342465754,9.0,1.0,0.1111111111111111,,,,8.0,2.0,0.25,,,,38.0,4.0,0.1052631578947368,2.0,0.0,0.0,100.0,13.0,0.13,9.0,0.0,0.0,342.0,30.0,0.087719298245614,10.0,1.0,0.1,147.0,8.0,0.054421768707483,5.0,0.0,0.0
2020-10-07 00:00:00,11743,510,0.0434301285872435,1244.0,126.0,0.1012861736334405,74.0,13.0,0.1756756756756757,60.0,8.0,0.1333333333333333,232.0,35.0,0.1508620689655173,11.0,1.0,0.0909090909090909,276.0,11.0,0.0398550724637681,14.0,1.0,0.0714285714285714,315.0,3.0,0.0095238095238095,3.0,0.0,0.0,649.0,31.0,0.0477657935285054,52.0,3.0,0.0576923076923077,1920.0,49.0,0.0255208333333333,90.0,8.0,0.0888888888888889,138.0,7.0,0.0507246376811594,5.0,1.0,0.2,247.0,7.0,0.0283400809716599,94.0,8.0,0.0851063829787234,6547.0,293.0,0.0447533221322743,877.0,92.0,0.10490307867730901,12.0,3.0,0.25,,,,5.0,0.0,0.0,1.0,0.0,0.0,29.0,6.0,0.2068965517241379,1.0,0.0,0.0,96.0,11.0,0.1145833333333333,3.0,0.0,0.0,448.0,16.0,0.0357142857142857,8.0,1.0,0.125,98.0,4.0,0.0408163265306122,9.0,1.0,0.1111111111111111
2020-10-06 00:00:00,12807,539,0.0420863590224096,1610.0,133.0,0.0826086956521739,172.0,16.0,0.0930232558139535,3.0,0.0,0.0,265.0,19.0,0.0716981132075472,9.0,3.0,0.3333333333333333,313.0,11.0,0.0351437699680511,18.0,0.0,0.0,349.0,7.0,0.0200573065902579,3.0,0.0,0.0,640.0,42.0,0.065625,92.0,3.0,0.0326086956521739,1869.0,51.0,0.0272873194221509,180.0,11.0,0.0611111111111111,140.0,8.0,0.0571428571428571,82.0,4.0,0.0487804878048781,234.0,3.0,0.0128205128205128,102.0,7.0,0.0686274509803922,7425.0,328.0,0.0441750841750842,1062.0,100.0,0.0941619585687382,5.0,0.0,0.0,1.0,0.0,0.0,1.0,0.0,0.0,1.0,0.0,0.0,42.0,10.0,0.2380952380952381,2.0,0.0,0.0,87.0,3.0,0.0344827586206897,11.0,0.0,0.0,499.0,20.0,0.0400801603206413,10.0,2.0,0.2,146.0,5.0,0.0342465753424658,6.0,1.0,0.1666666666666667
2020-10-05 00:00:00,12430,528,0.0424778761061947,1284.0,138.0,0.1074766355140187,114.0,10.0,0.087719298245614,2.0,1.0,0.5,291.0,22.0,0.0756013745704467,8.0,1.0,0.125,364.0,8.0,0.021978021978022,24.0,1.0,0.0416666666666667,62.0,2.0,0.032258064516129,,,,613.0,26.0,0.0424143556280587,101.0,4.0,0.0396039603960396,1988.0,75.0,0.0377263581488934,172.0,12.0,0.0697674418604651,162.0,5.0,0.0308641975308642,2.0,0.0,0.0,194.0,2.0,0.0103092783505155,47.0,1.0,0.0212765957446809,7022.0,318.0,0.0452862432355454,864.0,114.0,0.1319444444444445,13.0,1.0,0.0769230769230769,1.0,0.0,0.0,6.0,1.0,0.1666666666666667,,,,44.0,3.0,0.0681818181818182,3.0,1.0,0.3333333333333333,145.0,10.0,0.0689655172413793,17.0,0.0,0.0,526.0,23.0,0.0437262357414449,14.0,2.0,0.1428571428571429,114.0,7.0,0.0614035087719298,12.0,1.0,0.0833333333333333
2020-10-04 00:00:00,4547,244,0.0536617550032989,457.0,38.0,0.0831509846827133,11.0,0.0,0.0,,,,55.0,4.0,0.0727272727272727,1.0,0.0,0.0,107.0,6.0,0.0560747663551402,3.0,0.0,0.0,20.0,1.0,0.05,1.0,0.0,0.0,298.0,14.0,0.0469798657718121,62.0,3.0,0.0483870967741936,670.0,27.0,0.0402985074626866,33.0,0.0,0.0,39.0,3.0,0.0769230769230769,1.0,0.0,0.0,99.0,6.0,0.0606060606060606,2.0,1.0,0.5,2928.0,173.0,0.0590846994535519,345.0,34.0,0.0985507246376812,,,,,,,1.0,0.0,0.0,,,,4.0,0.0,0.0,,,,32.0,0.0,0.0,4.0,0.0,0.0,31.0,0.0,0.0,1.0,0.0,0.0,19.0,2.0,0.1052631578947368,,,
2020-10-03 00:00:00,6566,284,0.0432531221443801,758.0,55.0,0.0725593667546174,12.0,0.0,0.0,2.0,1.0,0.5,55.0,8.0,0.1454545454545455,3.0,0.0,0.0,94.0,3.0,0.0319148936170213,58.0,0.0,0.0,20.0,2.0,0.1,,,,428.0,20.0,0.0467289719626168,75.0,6.0,0.08,662.0,27.0,0.040785498489426,64.0,1.0,0.015625,60.0,2.0,0.0333333333333333,1.0,0.0,0.0,116.0,5.0,0.0431034482758621,,,,4535.0,198.0,0.0436604189636163,545.0,46.0,0.0844036697247707,2.0,0.0,0.0,1.0,0.0,0.0,5.0,0.0,0.0,,,,10.0,2.0,0.2,1.0,0.0,0.0,35.0,1.0,0.0285714285714286,4.0,1.0,0.25,216.0,10.0,0.0462962962962963,1.0,0.0,0.0,35.0,0.0,0.0,1.0,0.0,0.0
2020-10-02 00:00:00,10689,437,0.0408831509027973,1352.0,138.0,0.1020710059171598,72.0,4.0,0.0555555555555556,2.0,1.0,0.5,212.0,18.0,0.0849056603773585,23.0,5.0,0.2173913043478261,302.0,9.0,0.0298013245033113,40.0,2.0,0.05,56.0,3.0,0.0535714285714286,4.0,1.0,0.25,489.0,31.0,0.0633946830265849,92.0,4.0,0.0434782608695652,1863.0,58.0,0.0311325818572195,156.0,7.0,0.0448717948717949,132.0,5.0,0.0378787878787879,3.0,0.0,0.0,262.0,7.0,0.0267175572519084,51.0,2.0,0.0392156862745098,6060.0,257.0,0.0424092409240924,934.0,110.0,0.1177730192719486,9.0,2.0,0.2222222222222222,2.0,0.0,0.0,7.0,0.0,0.0,,,,13.0,3.0,0.2307692307692308,1.0,0.0,0.0,106.0,10.0,0.0943396226415094,19.0,1.0,0.0526315789473684,367.0,11.0,0.0299727520435967,5.0,0.0,0.0,100.0,1.0,0.01,12.0,2.0,0.1666666666666667
2020-10-01 00:00:00,10116,425,0.0420126532226176,1209.0,136.0,0.1124896608767577,70.0,2.0,0.0285714285714286,4.0,1.0,0.25,225.0,15.0,0.0666666666666667,18.0,6.0,0.3333333333333333,291.0,7.0,0.0240549828178694,30.0,1.0,0.0333333333333333,58.0,4.0,0.0689655172413793,2.0,0.0,0.0,429.0,24.0,0.0559440559440559,67.0,11.0,0.164179104477612,1965.0,75.0,0.0381679389312977,137.0,8.0,0.0583941605839416,143.0,4.0,0.027972027972028,6.0,2.0,0.3333333333333333,226.0,6.0,0.0265486725663717,55.0,2.0,0.0363636363636364,5515.0,238.0,0.043155031731640994,848.0,101.0,0.1191037735849057,44.0,0.0,0.0,1.0,0.0,0.0,2.0,0.0,0.0,,,,43.0,7.0,0.1627906976744186,1.0,0.0,0.0,92.0,8.0,0.0869565217391304,17.0,1.0,0.0588235294117647,326.0,19.0,0.0582822085889571,5.0,0.0,0.0,113.0,3.0,0.0265486725663717,11.0,2.0,0.1818181818181818
2020-09-30 00:00:00,10006,429,0.0428742754347392,1180.0,119.0,0.1008474576271187,120.0,8.0,0.0666666666666667,1.0,0.0,0.0,195.0,15.0,0.0769230769230769,8.0,3.0,0.375,280.0,16.0,0.0571428571428571,56.0,2.0,0.0357142857142857,71.0,3.0,0.0422535211267606,3.0,0.0,0.0,418.0,20.0,0.0478468899521531,64.0,6.0,0.09375,1537.0,48.0,0.0312296681847755,87.0,7.0,0.0804597701149425,201.0,4.0,0.0199004975124378,5.0,1.0,0.2,188.0,6.0,0.0319148936170213,38.0,5.0,0.1315789473684211,5695.0,249.0,0.0437225636523266,897.0,93.0,0.1036789297658863,5.0,0.0,0.0,,,,5.0,0.0,0.0,,,,36.0,2.0,0.0555555555555556,,,,62.0,10.0,0.1612903225806452,4.0,2.0,0.5,410.0,30.0,0.0731707317073171,7.0,0.0,0.0,156.0,1.0,0.0064102564102564,5.0,0.0,0.0
2020-09-29 00:00:00,9583,369,0.0385056871543358,1513.0,166.0,0.1097157964309319,60.0,8.0,0.1333333333333333,1.0,0.0,0.0,279.0,21.0,0.0752688172043011,13.0,3.0,0.2307692307692308,245.0,14.0,0.0571428571428571,52.0,2.0,0.0384615384615385,40.0,3.0,0.075,8.0,1.0,0.125,405.0,20.0,0.0493827160493827,89.0,13.0,0.1460674157303371,1506.0,38.0,0.0252324037184595,161.0,18.0,0.1118012422360249,140.0,5.0,0.0357142857142857,12.0,3.0,0.25,135.0,9.0,0.0666666666666667,58.0,8.0,0.1379310344827586,5351.0,189.0,0.0353205008409643,1038.0,112.0,0.1078998073217726,21.0,0.0,0.0,,,,3.0,0.0,0.0,,,,57.0,6.0,0.1052631578947368,3.0,0.0,0.0,114.0,17.0,0.1491228070175439,16.0,1.0,0.0625,393.0,17.0,0.0432569974554707,43.0,4.0,0.0930232558139535,127.0,3.0,0.0236220472440945,13.0,1.0,0.0769230769230769
2020-09-28 00:00:00,9715,423,0.0435409161091096,1437.0,154.0,0.1071677105080028,92.0,3.0,0.0326086956521739,2.0,0.0,0.0,260.0,36.0,0.1384615384615385,18.0,5.0,0.2777777777777778,230.0,10.0,0.0434782608695652,59.0,3.0,0.0508474576271187,49.0,3.0,0.0612244897959184,4.0,0.0,0.0,541.0,30.0,0.055452865064695,137.0,13.0,0.0948905109489051,1642.0,67.0,0.0408038976857491,187.0,17.0,0.0909090909090909,106.0,3.0,0.0283018867924528,5.0,2.0,0.4,161.0,9.0,0.0559006211180124,104.0,8.0,0.0769230769230769,4968.0,194.0,0.0390499194847021,861.0,102.0,0.1184668989547038,7.0,1.0,0.1428571428571429,,,,7.0,0.0,0.0,1.0,0.0,0.0,91.0,12.0,0.1318681318681319,,,,94.0,11.0,0.1170212765957447,13.0,0.0,0.0,524.0,27.0,0.0515267175572519,10.0,1.0,0.1,112.0,1.0,0.0089285714285714,21.0,1.0,0.0476190476190476
2020-09-27 00:00:00,3950,171,0.0432911392405063,502.0,42.0,0.0836653386454183,9.0,0.0,0.0,1.0,0.0,0.0,40.0,5.0,0.125,1.0,1.0,1.0,110.0,3.0,0.0272727272727273,2.0,1.0,0.5,12.0,3.0,0.25,1.0,0.0,0.0,247.0,15.0,0.0607287449392713,49.0,3.0,0.0612244897959184,556.0,14.0,0.0251798561151079,64.0,5.0,0.078125,36.0,1.0,0.0277777777777778,,,,84.0,2.0,0.0238095238095238,1.0,0.0,0.0,2468.0,110.0,0.0445705024311183,371.0,31.0,0.0835579514824798,3.0,1.0,0.3333333333333333,,,,5.0,0.0,0.0,,,,11.0,1.0,0.0909090909090909,1.0,0.0,0.0,34.0,9.0,0.2647058823529412,3.0,0.0,0.0,52.0,1.0,0.0192307692307692,3.0,1.0,0.3333333333333333,39.0,0.0,0.0,3.0,0.0,0.0
2020-09-26 00:00:00,5653,285,0.050415708473376994,761.0,49.0,0.0643889618922471,17.0,1.0,0.0588235294117647,2.0,1.0,0.5,42.0,1.0,0.0238095238095238,1.0,0.0,0.0,110.0,6.0,0.0545454545454545,37.0,0.0,0.0,24.0,2.0,0.0833333333333333,3.0,0.0,0.0,328.0,13.0,0.0396341463414634,114.0,8.0,0.0701754385964912,539.0,19.0,0.0352504638218924,59.0,3.0,0.0508474576271187,32.0,2.0,0.0625,1.0,0.0,0.0,72.0,7.0,0.0972222222222222,2.0,0.0,0.0,3698.0,182.0,0.0492157923201731,504.0,36.0,0.0714285714285714,1.0,0.0,0.0,,,,4.0,0.0,0.0,,,,108.0,5.0,0.0462962962962963,,,,50.0,13.0,0.26,15.0,0.0,0.0,229.0,17.0,0.07423580786026202,11.0,1.0,0.0909090909090909,49.0,0.0,0.0,5.0,0.0,0.0
2020-09-25 00:00:00,9446,379,0.0401228033029854,1511.0,133.0,0.0880211780277962,93.0,6.0,0.0645161290322581,6.0,1.0,0.1666666666666667,194.0,18.0,0.0927835051546392,48.0,7.0,0.1458333333333334,234.0,2.0,0.0085470085470085,47.0,7.0,0.14893617021276598,144.0,5.0,0.0347222222222222,3.0,0.0,0.0,470.0,31.0,0.0659574468085106,102.0,7.0,0.0686274509803922,1784.0,44.0,0.0246636771300448,208.0,8.0,0.0384615384615385,125.0,4.0,0.032,29.0,2.0,0.0689655172413793,157.0,6.0,0.0382165605095541,11.0,0.0,0.0,4954.0,197.0,0.0397658457811869,996.0,97.0,0.0973895582329317,8.0,0.0,0.0,,,,9.0,0.0,0.0,1.0,0.0,0.0,20.0,1.0,0.05,5.0,1.0,0.2,64.0,9.0,0.140625,11.0,0.0,0.0,363.0,32.0,0.0881542699724518,19.0,1.0,0.0526315789473684,130.0,1.0,0.0076923076923077,14.0,2.0,0.1428571428571429
2020-09-24 00:00:00,9659,354,0.0366497567035925,1355.0,112.0,0.0826568265682657,82.0,1.0,0.0121951219512195,42.0,5.0,0.1190476190476191,262.0,11.0,0.0419847328244275,15.0,5.0,0.3333333333333333,279.0,2.0,0.007168458781361999,94.0,1.0,0.0106382978723404,65.0,5.0,0.0769230769230769,7.0,1.0,0.1428571428571429,643.0,19.0,0.0295489891135303,60.0,4.0,0.0666666666666667,1579.0,44.0,0.0278657378087397,142.0,6.0,0.0422535211267606,193.0,5.0,0.0259067357512953,18.0,0.0,0.0,196.0,4.0,0.0204081632653061,28.0,0.0,0.0,5062.0,190.0,0.0375345713156855,889.0,86.0,0.0967379077615298,22.0,0.0,0.0,,,,7.0,0.0,0.0,3.0,0.0,0.0,28.0,1.0,0.0357142857142857,4.0,0.0,0.0,72.0,2.0,0.0277777777777778,14.0,2.0,0.1428571428571429,434.0,44.0,0.1013824884792627,12.0,2.0,0.1666666666666667,88.0,1.0,0.0113636363636364,10.0,0.0,0.0
2020-09-23 00:00:00,10553,438,0.0415047853690894,1241.0,112.0,0.0902497985495568,86.0,3.0,0.0348837209302326,6.0,1.0,0.1666666666666667,193.0,12.0,0.0621761658031088,7.0,2.0,0.2857142857142857,201.0,7.0,0.0348258706467662,45.0,1.0,0.0222222222222222,81.0,4.0,0.0493827160493827,16.0,3.0,0.1875,545.0,29.0,0.0532110091743119,66.0,3.0,0.0454545454545455,1736.0,64.0,0.0368663594470046,135.0,8.0,0.0592592592592593,181.0,3.0,0.0165745856353591,5.0,2.0,0.4,159.0,6.0,0.0377358490566038,40.0,2.0,0.05,6024.0,238.0,0.0395086321381142,883.0,88.0,0.0996602491506229,4.0,0.0,0.0,1.0,0.0,0.0,3.0,0.0,0.0,,,,23.0,3.0,0.1304347826086957,1.0,0.0,0.0,54.0,1.0,0.0185185185185185,3.0,0.0,0.0,487.0,42.0,0.0862422997946612,12.0,0.0,0.0,88.0,3.0,0.0340909090909091,8.0,1.0,0.125
2020-09-22 00:00:00,10374,452,0.0435704646230962,1565.0,136.0,0.0869009584664537,50.0,2.0,0.04,2.0,0.0,0.0,228.0,15.0,0.0657894736842105,22.0,4.0,0.1818181818181818,280.0,6.0,0.0214285714285714,62.0,1.0,0.0161290322580645,35.0,1.0,0.0285714285714286,6.0,1.0,0.1666666666666667,551.0,32.0,0.0580762250453721,114.0,7.0,0.0614035087719298,1922.0,75.0,0.0390218522372529,170.0,10.0,0.0588235294117647,95.0,4.0,0.0421052631578947,4.0,1.0,0.25,154.0,5.0,0.0324675324675325,44.0,1.0,0.0227272727272727,5765.0,232.0,0.0402428447528187,1055.0,103.0,0.0976303317535545,3.0,0.0,0.0,1.0,0.0,0.0,3.0,0.0,0.0,,,,25.0,3.0,0.12,2.0,0.0,0.0,111.0,8.0,0.0720720720720721,12.0,1.0,0.0833333333333333,423.0,39.0,0.0921985815602837,45.0,5.0,0.1111111111111111,71.0,2.0,0.028169014084507005,20.0,2.0,0.1
2020-09-21 00:00:00,9925,476,0.0479596977329975,1315.0,143.0,0.10874524714828901,74.0,11.0,0.1486486486486487,1.0,0.0,0.0,273.0,14.0,0.0512820512820513,10.0,1.0,0.1,230.0,5.0,0.0217391304347826,27.0,4.0,0.1481481481481482,41.0,2.0,0.0487804878048781,4.0,0.0,0.0,473.0,22.0,0.0465116279069767,98.0,9.0,0.0918367346938776,2081.0,135.0,0.0648726573762614,232.0,11.0,0.0474137931034483,116.0,3.0,0.0258620689655172,5.0,2.0,0.4,212.0,8.0,0.0377358490566038,34.0,4.0,0.1176470588235294,4982.0,200.0,0.0401445202729827,864.0,108.0,0.125,8.0,0.0,0.0,1.0,0.0,0.0,7.0,1.0,0.1428571428571429,1.0,0.0,0.0,31.0,4.0,0.1290322580645161,2.0,0.0,0.0,101.0,5.0,0.0495049504950495,16.0,3.0,0.1875,445.0,30.0,0.0674157303370787,9.0,1.0,0.1111111111111111,89.0,4.0,0.0449438202247191,5.0,0.0,0.0
2020-09-20 00:00:00,3855,199,0.051621271076524006,397.0,30.0,0.0755667506297229,5.0,1.0,0.2,,,,54.0,5.0,0.0925925925925926,1.0,0.0,0.0,72.0,2.0,0.0277777777777778,,,,7.0,0.0,0.0,,,,351.0,16.0,0.0455840455840456,47.0,4.0,0.0851063829787234,529.0,29.0,0.054820415879017,49.0,4.0,0.0816326530612245,33.0,1.0,0.0303030303030303,,,,70.0,5.0,0.0714285714285714,2.0,0.0,0.0,2425.0,119.0,0.0490721649484536,285.0,22.0,0.0771929824561404,4.0,0.0,0.0,,,,1.0,0.0,0.0,,,,4.0,1.0,0.25,,,,37.0,5.0,0.1351351351351352,3.0,0.0,0.0,33.0,3.0,0.0909090909090909,1.0,0.0,0.0,52.0,0.0,0.0,4.0,0.0,0.0
2020-09-19 00:00:00,5178,236,0.0455774430281962,532.0,59.0,0.1109022556390977,8.0,0.0,0.0,,,,15.0,1.0,0.0666666666666667,1.0,0.0,0.0,91.0,4.0,0.043956043956044,2.0,0.0,0.0,7.0,1.0,0.1428571428571429,2.0,0.0,0.0,387.0,16.0,0.041343669250646004,70.0,10.0,0.1428571428571429,469.0,12.0,0.0255863539445629,46.0,5.0,0.10869565217391301,39.0,3.0,0.0769230769230769,1.0,0.0,0.0,116.0,6.0,0.0517241379310345,3.0,0.0,0.0,3386.0,147.0,0.0434140578854105,390.0,43.0,0.1102564102564103,1.0,0.0,0.0,,,,8.0,0.0,0.0,,,,126.0,6.0,0.0476190476190476,2.0,1.0,0.5,35.0,9.0,0.2571428571428571,3.0,0.0,0.0,251.0,14.0,0.0557768924302789,,,,36.0,2.0,0.0555555555555556,7.0,0.0,0.0
2020-09-18 00:00:00,9119,415,0.0455093760280733,1290.0,125.0,0.0968992248062016,59.0,2.0,0.0338983050847458,1.0,0.0,0.0,268.0,18.0,0.0671641791044776,7.0,0.0,0.0,240.0,6.0,0.025,43.0,1.0,0.0232558139534884,48.0,3.0,0.0625,5.0,2.0,0.4,454.0,13.0,0.0286343612334802,91.0,7.0,0.0769230769230769,1860.0,107.0,0.0575268817204301,200.0,12.0,0.06,101.0,4.0,0.0396039603960396,13.0,4.0,0.3076923076923077,163.0,2.0,0.0122699386503067,22.0,2.0,0.0909090909090909,4797.0,213.0,0.0444027517198249,863.0,96.0,0.1112398609501738,6.0,0.0,0.0,3.0,0.0,0.0,2.0,0.0,0.0,,,,20.0,2.0,0.1,2.0,0.0,0.0,66.0,3.0,0.0454545454545455,14.0,0.0,0.0,410.0,22.0,0.0536585365853659,7.0,0.0,0.0,107.0,2.0,0.0186915887850467,12.0,1.0,0.0833333333333333
2020-09-17 00:00:00,8115,398,0.0490449784349969,849.0,109.0,0.1283863368669022,50.0,5.0,0.1,1.0,0.0,0.0,301.0,20.0,0.0664451827242525,13.0,4.0,0.3076923076923077,276.0,7.0,0.0253623188405797,26.0,3.0,0.1153846153846154,72.0,1.0,0.0138888888888889,7.0,0.0,0.0,443.0,19.0,0.0428893905191874,40.0,6.0,0.15,1265.0,71.0,0.0561264822134387,137.0,13.0,0.0948905109489051,103.0,5.0,0.0485436893203884,6.0,2.0,0.3333333333333333,186.0,1.0,0.0053763440860215,17.0,4.0,0.2352941176470588,4214.0,207.0,0.0491219743711438,575.0,74.0,0.1286956521739131,10.0,1.0,0.1,,,,3.0,0.0,0.0,,,,22.0,1.0,0.0454545454545455,1.0,0.0,0.0,100.0,1.0,0.01,11.0,0.0,0.0,379.0,40.0,0.1055408970976253,6.0,1.0,0.1666666666666667,94.0,0.0,0.0,4.0,0.0,0.0
2020-09-16 00:00:00,8581,465,0.0541894884046149,892.0,121.0,0.1356502242152467,65.0,0.0,0.0,,,,196.0,19.0,0.0969387755102041,15.0,3.0,0.2,214.0,5.0,0.0233644859813084,7.0,0.0,0.0,308.0,2.0,0.0064935064935065,2.0,1.0,0.5,370.0,15.0,0.0405405405405405,49.0,3.0,0.0612244897959184,1478.0,116.0,0.0784844384303112,113.0,7.0,0.0619469026548673,171.0,4.0,0.0233918128654971,6.0,2.0,0.3333333333333333,133.0,3.0,0.0225563909774436,22.0,4.0,0.1818181818181818,4493.0,214.0,0.0476296461161807,644.0,95.0,0.1475155279503106,13.0,1.0,0.0769230769230769,,,,4.0,0.0,0.0,,,,18.0,2.0,0.1111111111111111,2.0,0.0,0.0,77.0,4.0,0.051948051948052,6.0,2.0,0.3333333333333333,375.0,38.0,0.1013333333333333,8.0,0.0,0.0,113.0,1.0,0.0088495575221239,4.0,0.0,0.0
2020-09-15 00:00:00,8320,422,0.0507211538461538,1125.0,114.0,0.1013333333333333,72.0,2.0,0.0277777777777778,1.0,0.0,0.0,425.0,18.0,0.0423529411764706,17.0,5.0,0.2941176470588236,321.0,2.0,0.0062305295950156,18.0,1.0,0.0555555555555556,29.0,1.0,0.0344827586206897,2.0,1.0,0.5,397.0,22.0,0.0554156171284635,92.0,6.0,0.0652173913043478,1538.0,108.0,0.070221066319896,147.0,9.0,0.0612244897959184,121.0,4.0,0.0330578512396694,13.0,3.0,0.2307692307692308,144.0,9.0,0.0625,10.0,1.0,0.1,4055.0,177.0,0.0436498150431566,760.0,84.0,0.1105263157894737,7.0,0.0,0.0,,,,6.0,0.0,0.0,,,,12.0,0.0,0.0,,,,57.0,2.0,0.0350877192982456,20.0,0.0,0.0,418.0,51.0,0.1220095693779904,15.0,2.0,0.1333333333333333,92.0,1.0,0.0108695652173913,16.0,0.0,0.0
2020-09-14 00:00:00,8228,389,0.047277588721439,1181.0,112.0,0.0948348856900931,61.0,6.0,0.0983606557377049,5.0,0.0,0.0,203.0,19.0,0.0935960591133005,5.0,1.0,0.2,652.0,5.0,0.0076687116564417,24.0,2.0,0.0833333333333333,42.0,5.0,0.1190476190476191,6.0,1.0,0.1666666666666667,390.0,16.0,0.041025641025641,91.0,7.0,0.0769230769230769,1606.0,76.0,0.0473225404732254,174.0,6.0,0.0344827586206897,137.0,3.0,0.0218978102189781,5.0,2.0,0.4,215.0,5.0,0.0232558139534884,15.0,2.0,0.1333333333333333,3823.0,178.0,0.0465602929636411,798.0,84.0,0.1052631578947368,17.0,0.0,0.0,3.0,0.0,0.0,7.0,0.0,0.0,,,,16.0,1.0,0.0625,3.0,0.0,0.0,74.0,2.0,0.027027027027027,23.0,5.0,0.2173913043478261,321.0,36.0,0.1121495327102804,10.0,0.0,0.0,55.0,2.0,0.0363636363636364,15.0,2.0,0.1333333333333333
2020-09-13 00:00:00,2908,122,0.0419532324621733,413.0,30.0,0.0726392251815981,12.0,0.0,0.0,3.0,0.0,0.0,35.0,5.0,0.1428571428571429,,,,133.0,3.0,0.0225563909774436,2.0,0.0,0.0,20.0,5.0,0.25,3.0,2.0,0.6666666666666666,158.0,9.0,0.0569620253164557,44.0,0.0,0.0,513.0,23.0,0.0448343079922027,41.0,1.0,0.024390243902439,34.0,0.0,0.0,2.0,0.0,0.0,198.0,3.0,0.0151515151515152,,,,1516.0,57.0,0.037598944591029,308.0,27.0,0.0876623376623377,4.0,0.0,0.0,,,,4.0,0.0,0.0,,,,4.0,0.0,0.0,1.0,0.0,0.0,26.0,1.0,0.0384615384615385,3.0,0.0,0.0,45.0,6.0,0.1333333333333333,,,,80.0,0.0,0.0,2.0,0.0,0.0
2020-09-12 00:00:00,4039,245,0.0606585788561525,547.0,38.0,0.0694698354661792,15.0,6.0,0.4,1.0,0.0,0.0,37.0,4.0,0.1081081081081081,,,,168.0,6.0,0.0357142857142857,3.0,0.0,0.0,16.0,1.0,0.0625,2.0,0.0,0.0,193.0,6.0,0.0310880829015544,74.0,3.0,0.0405405405405405,671.0,70.0,0.1043219076005961,64.0,3.0,0.046875,36.0,1.0,0.0277777777777778,1.0,0.0,0.0,228.0,6.0,0.0263157894736842,,,,2312.0,120.0,0.0519031141868512,381.0,32.0,0.08398950131233598,2.0,0.0,0.0,1.0,0.0,0.0,68.0,0.0,0.0,,,,11.0,0.0,0.0,,,,25.0,3.0,0.12,6.0,0.0,0.0,107.0,14.0,0.1308411214953271,2.0,0.0,0.0,27.0,0.0,0.0,8.0,0.0,0.0
2020-09-11 00:00:00,7014,307,0.0437696036498432,1353.0,122.0,0.09016999260901701,38.0,3.0,0.0789473684210526,,,,338.0,19.0,0.0562130177514793,18.0,3.0,0.1666666666666667,248.0,3.0,0.0120967741935484,38.0,1.0,0.0263157894736842,50.0,1.0,0.02,3.0,1.0,0.3333333333333333,343.0,10.0,0.0291545189504373,99.0,5.0,0.0505050505050505,1173.0,62.0,0.0528559249786871,201.0,8.0,0.0398009950248756,71.0,3.0,0.0422535211267606,6.0,1.0,0.1666666666666667,178.0,2.0,0.0112359550561798,16.0,2.0,0.125,3661.0,164.0,0.0447965036875171,913.0,96.0,0.1051478641840088,3.0,0.0,0.0,1.0,0.0,0.0,3.0,0.0,0.0,,,,21.0,2.0,0.0952380952380952,1.0,0.0,0.0,34.0,1.0,0.0294117647058824,17.0,2.0,0.1176470588235294,216.0,17.0,0.0787037037037037,11.0,0.0,0.0,130.0,3.0,0.0230769230769231,21.0,2.0,0.0952380952380952
2020-09-10 00:00:00,7087,295,0.0416255114999295,888.0,101.0,0.1137387387387388,32.0,0.0,0.0,2.0,1.0,0.5,290.0,12.0,0.0413793103448276,14.0,5.0,0.3571428571428572,256.0,4.0,0.015625,29.0,4.0,0.1379310344827586,78.0,0.0,0.0,2.0,0.0,0.0,296.0,12.0,0.0405405405405405,47.0,7.0,0.14893617021276598,1415.0,80.0,0.0565371024734982,159.0,12.0,0.0754716981132076,119.0,2.0,0.0168067226890756,2.0,0.0,0.0,265.0,6.0,0.0226415094339623,12.0,0.0,0.0,3333.0,141.0,0.0423042304230423,585.0,68.0,0.1162393162393163,10.0,0.0,0.0,2.0,0.0,0.0,4.0,0.0,0.0,,,,34.0,0.0,0.0,1.0,0.0,0.0,60.0,2.0,0.0333333333333333,7.0,1.0,0.1428571428571429,206.0,21.0,0.1019417475728155,3.0,0.0,0.0,192.0,0.0,0.0,12.0,0.0,0.0
2020-09-09 00:00:00,7758,362,0.0466615106986337,885.0,107.0,0.1209039548022599,44.0,1.0,0.0227272727272727,1.0,0.0,0.0,191.0,9.0,0.0471204188481675,14.0,5.0,0.3571428571428572,251.0,5.0,0.0199203187250996,19.0,0.0,0.0,40.0,2.0,0.05,3.0,1.0,0.3333333333333333,307.0,14.0,0.0456026058631922,40.0,6.0,0.15,1499.0,96.0,0.0640426951300867,141.0,14.0,0.099290780141844,159.0,1.0,0.0062893081761006,5.0,0.0,0.0,120.0,2.0,0.0166666666666667,15.0,2.0,0.1333333333333333,4126.0,183.0,0.0443528841492971,604.0,76.0,0.1258278145695364,23.0,0.0,0.0,1.0,0.0,0.0,6.0,0.0,0.0,,,,21.0,1.0,0.0476190476190476,1.0,0.0,0.0,69.0,5.0,0.072463768115942,13.0,0.0,0.0,243.0,17.0,0.0699588477366255,9.0,1.0,0.1111111111111111,76.0,2.0,0.0263157894736842,13.0,2.0,0.1538461538461539
2020-09-08 00:00:00,8127,402,0.0494647471391657,1133.0,141.0,0.1244483671668138,46.0,0.0,0.0,1.0,0.0,0.0,297.0,19.0,0.063973063973064,18.0,6.0,0.3333333333333333,278.0,3.0,0.0107913669064748,20.0,3.0,0.15,44.0,2.0,0.0454545454545455,5.0,0.0,0.0,325.0,9.0,0.0276923076923077,66.0,11.0,0.1666666666666667,1690.0,144.0,0.085207100591716,193.0,13.0,0.0673575129533679,88.0,8.0,0.0909090909090909,11.0,1.0,0.0909090909090909,100.0,3.0,0.03,16.0,2.0,0.125,4168.0,159.0,0.038147792706334,750.0,105.0,0.14,30.0,0.0,0.0,1.0,0.0,0.0,10.0,0.0,0.0,,,,26.0,4.0,0.1538461538461539,3.0,0.0,0.0,55.0,2.0,0.0363636363636364,19.0,0.0,0.0,269.0,25.0,0.0929368029739777,12.0,0.0,0.0,82.0,0.0,0.0,14.0,0.0,0.0
2020-09-07 00:00:00,2191,81,0.0369694203560018,416.0,20.0,0.0480769230769231,24.0,1.0,0.0416666666666667,2.0,1.0,0.5,45.0,3.0,0.0666666666666667,2.0,0.0,0.0,60.0,5.0,0.0833333333333333,2.0,1.0,0.5,3.0,1.0,0.3333333333333333,3.0,0.0,0.0,214.0,5.0,0.0233644859813084,61.0,2.0,0.0327868852459016,340.0,13.0,0.0382352941176471,64.0,1.0,0.015625,33.0,4.0,0.1212121212121212,2.0,0.0,0.0,26.0,0.0,0.0,1.0,0.0,0.0,1264.0,40.0,0.0316455696202532,269.0,15.0,0.0557620817843866,1.0,0.0,0.0,,,,,,,,,,5.0,0.0,0.0,,,,43.0,2.0,0.0465116279069767,2.0,0.0,0.0,28.0,1.0,0.0357142857142857,,,,23.0,1.0,0.0434782608695652,2.0,0.0,0.0
2020-09-06 00:00:00,2332,105,0.0450257289879931,463.0,28.0,0.06047516198704099,9.0,0.0,0.0,2.0,0.0,0.0,32.0,3.0,0.09375,1.0,0.0,0.0,52.0,2.0,0.0384615384615385,3.0,0.0,0.0,4.0,0.0,0.0,,,,172.0,6.0,0.0348837209302326,73.0,1.0,0.0136986301369863,427.0,17.0,0.0398126463700234,48.0,5.0,0.1041666666666667,20.0,2.0,0.1,3.0,0.0,0.0,38.0,2.0,0.0526315789473684,1.0,1.0,1.0,1388.0,59.0,0.042507204610951005,318.0,19.0,0.05974842767295599,1.0,0.0,0.0,,,,1.0,0.0,0.0,,,,3.0,0.0,0.0,1.0,1.0,1.0,55.0,7.0,0.1272727272727273,5.0,0.0,0.0,32.0,1.0,0.03125,1.0,1.0,1.0,19.0,0.0,0.0,2.0,0.0,0.0
2020-09-05 00:00:00,2891,130,0.0449671393981321,505.0,41.0,0.0811881188118812,11.0,1.0,0.0909090909090909,2.0,1.0,0.5,67.0,0.0,0.0,14.0,1.0,0.0714285714285714,70.0,3.0,0.0428571428571429,3.0,1.0,0.3333333333333333,10.0,0.0,0.0,2.0,0.0,0.0,174.0,4.0,0.0229885057471264,58.0,1.0,0.0172413793103448,384.0,22.0,0.0572916666666667,72.0,2.0,0.0277777777777778,31.0,1.0,0.032258064516129,1.0,0.0,0.0,43.0,3.0,0.0697674418604651,1.0,0.0,0.0,1906.0,81.0,0.0424973767051417,342.0,35.0,0.1023391812865497,3.0,0.0,0.0,,,,2.0,0.0,0.0,,,,6.0,1.0,0.1666666666666667,,,,21.0,4.0,0.1904761904761905,3.0,0.0,0.0,38.0,3.0,0.0789473684210526,,,,47.0,2.0,0.0425531914893617,3.0,0.0,0.0
2020-09-04 00:00:00,6938,266,0.0383395791294321,1088.0,130.0,0.1194852941176471,29.0,0.0,0.0,,,,181.0,6.0,0.0331491712707182,22.0,8.0,0.3636363636363637,228.0,3.0,0.0131578947368421,25.0,1.0,0.04,49.0,0.0,0.0,3.0,0.0,0.0,312.0,8.0,0.0256410256410256,61.0,7.0,0.1147540983606558,1521.0,63.0,0.0414201183431953,221.0,12.0,0.0542986425339367,88.0,5.0,0.0568181818181818,8.0,1.0,0.125,129.0,0.0,0.0,13.0,2.0,0.1538461538461539,3620.0,144.0,0.0397790055248619,669.0,89.0,0.133034379671151,7.0,0.0,0.0,2.0,0.0,0.0,2.0,0.0,0.0,,,,17.0,0.0,0.0,1.0,0.0,0.0,64.0,2.0,0.03125,12.0,2.0,0.1666666666666667,244.0,14.0,0.0573770491803279,10.0,0.0,0.0,83.0,2.0,0.0240963855421687,31.0,7.0,0.2258064516129032
2020-09-03 00:00:00,6997,326,0.0465913963127054,871.0,125.0,0.1435132032146958,37.0,1.0,0.027027027027027,,,,224.0,17.0,0.0758928571428571,17.0,5.0,0.2941176470588236,273.0,9.0,0.032967032967032996,26.0,3.0,0.1153846153846154,36.0,4.0,0.1111111111111111,3.0,0.0,0.0,337.0,11.0,0.0326409495548961,38.0,2.0,0.0526315789473684,1516.0,93.0,0.0613456464379947,131.0,10.0,0.0763358778625954,105.0,3.0,0.0285714285714286,,,,150.0,3.0,0.02,24.0,1.0,0.0416666666666667,3397.0,150.0,0.0441566087724463,601.0,98.0,0.1630615640599002,11.0,0.0,0.0,1.0,0.0,0.0,5.0,0.0,0.0,1.0,0.0,0.0,31.0,2.0,0.0645161290322581,,,,31.0,1.0,0.032258064516129,4.0,1.0,0.25,184.0,4.0,0.0217391304347826,7.0,0.0,0.0,116.0,1.0,0.0086206896551724,12.0,4.0,0.3333333333333333
2020-09-02 00:00:00,7335,372,0.0507157464212679,883.0,127.0,0.1438278595696489,51.0,2.0,0.0392156862745098,2.0,0.0,0.0,147.0,14.0,0.0952380952380952,15.0,4.0,0.2666666666666667,200.0,1.0,0.005,23.0,0.0,0.0,50.0,0.0,0.0,3.0,0.0,0.0,364.0,6.0,0.0164835164835165,62.0,10.0,0.1612903225806452,1608.0,116.0,0.0721393034825871,89.0,8.0,0.0898876404494382,162.0,2.0,0.0123456790123457,27.0,2.0,0.0740740740740741,119.0,4.0,0.0336134453781513,10.0,0.0,0.0,3581.0,180.0,0.0502652890254119,617.0,99.0,0.160453808752026,83.0,0.0,0.0,,,,8.0,0.0,0.0,,,,25.0,5.0,0.2,1.0,0.0,0.0,50.0,2.0,0.04,6.0,2.0,0.3333333333333333,244.0,15.0,0.0614754098360656,5.0,1.0,0.2,166.0,2.0,0.0120481927710843,10.0,0.0,0.0
2020-09-01 00:00:00,10030,395,0.0393818544366899,1139.0,162.0,0.1422300263388938,47.0,0.0,0.0,,,,255.0,11.0,0.0431372549019608,16.0,6.0,0.375,212.0,5.0,0.0235849056603774,14.0,0.0,0.0,39.0,7.0,0.1794871794871795,7.0,1.0,0.1428571428571429,420.0,12.0,0.0285714285714286,90.0,11.0,0.1222222222222222,1416.0,82.0,0.057909604519774,138.0,11.0,0.0797101449275362,103.0,4.0,0.0388349514563107,6.0,0.0,0.0,1537.0,16.0,0.0104098893949252,31.0,12.0,0.3870967741935484,5083.0,200.0,0.0393468424158961,794.0,116.0,0.14609571788413098,106.0,0.0,0.0,1.0,0.0,0.0,4.0,0.0,0.0,,,,35.0,2.0,0.0571428571428571,1.0,0.0,0.0,53.0,7.0,0.1320754716981132,19.0,2.0,0.1052631578947368,230.0,10.0,0.0434782608695652,9.0,1.0,0.1111111111111111,82.0,1.0,0.0121951219512195,6.0,1.0,0.1666666666666667
2020-08-31 00:00:00,10995,479,0.0435652569349704,1242.0,141.0,0.1135265700483092,65.0,3.0,0.0461538461538462,2.0,1.0,0.5,196.0,22.0,0.1122448979591837,13.0,3.0,0.2307692307692308,242.0,11.0,0.0454545454545455,21.0,1.0,0.0476190476190476,29.0,1.0,0.0344827586206897,7.0,1.0,0.1428571428571429,324.0,9.0,0.0277777777777778,156.0,11.0,0.0705128205128205,1437.0,78.0,0.0542797494780793,155.0,12.0,0.0774193548387097,149.0,4.0,0.0268456375838926,7.0,0.0,0.0,1491.0,12.0,0.0080482897384306,15.0,2.0,0.1333333333333333,6219.0,296.0,0.0475960765396366,809.0,109.0,0.13473423980222501,26.0,0.0,0.0,,,,9.0,0.0,0.0,,,,56.0,3.0,0.0535714285714286,1.0,0.0,0.0,57.0,3.0,0.0526315789473684,18.0,1.0,0.0555555555555556,255.0,10.0,0.0392156862745098,7.0,0.0,0.0,58.0,4.0,0.0689655172413793,21.0,0.0,0.0
2020-08-30 00:00:00,2549,108,0.0423695566888976,373.0,27.0,0.0723860589812333,7.0,0.0,0.0,1.0,0.0,0.0,73.0,6.0,0.0821917808219178,1.0,0.0,0.0,61.0,3.0,0.0491803278688525,4.0,0.0,0.0,24.0,4.0,0.1666666666666667,3.0,0.0,0.0,181.0,9.0,0.0497237569060773,65.0,3.0,0.0461538461538462,484.0,17.0,0.0351239669421488,54.0,2.0,0.037037037037037,27.0,2.0,0.0740740740740741,1.0,0.0,0.0,55.0,6.0,0.1090909090909091,1.0,0.0,0.0,1314.0,51.0,0.0388127853881279,234.0,21.0,0.0897435897435898,1.0,0.0,0.0,,,,1.0,0.0,0.0,,,,7.0,1.0,0.1428571428571429,,,,17.0,1.0,0.0588235294117647,4.0,0.0,0.0,151.0,2.0,0.0132450331125828,1.0,1.0,1.0,16.0,0.0,0.0,2.0,0.0,0.0
2020-08-29 00:00:00,3337,185,0.0554390170812107,508.0,48.0,0.09448818897637801,7.0,0.0,0.0,,,,45.0,2.0,0.0444444444444444,3.0,0.0,0.0,262.0,8.0,0.0305343511450382,6.0,1.0,0.1666666666666667,20.0,1.0,0.05,6.0,2.0,0.3333333333333333,175.0,6.0,0.0342857142857143,75.0,8.0,0.1066666666666667,529.0,30.0,0.05671077504725901,64.0,3.0,0.046875,31.0,2.0,0.0645161290322581,4.0,1.0,0.25,63.0,5.0,0.0793650793650794,7.0,0.0,0.0,2002.0,116.0,0.0579420579420579,334.0,33.0,0.0988023952095808,4.0,0.0,0.0,1.0,0.0,0.0,3.0,0.0,0.0,1.0,0.0,0.0,9.0,1.0,0.1111111111111111,,,,13.0,1.0,0.0769230769230769,2.0,0.0,0.0,49.0,1.0,0.0204081632653061,,,,27.0,0.0,0.0,2.0,0.0,0.0
2020-08-28 00:00:00,7063,374,0.0529520033979895,1392.0,155.0,0.1113505747126437,28.0,3.0,0.1071428571428571,2.0,0.0,0.0,191.0,21.0,0.1099476439790576,16.0,3.0,0.1875,190.0,6.0,0.0315789473684211,23.0,3.0,0.1304347826086957,88.0,3.0,0.0340909090909091,7.0,1.0,0.1428571428571429,371.0,11.0,0.0296495956873315,93.0,15.0,0.1612903225806452,1453.0,67.0,0.0461114934618032,176.0,12.0,0.0681818181818182,89.0,1.0,0.0112359550561798,8.0,0.0,0.0,158.0,6.0,0.0379746835443038,21.0,1.0,0.0476190476190476,3594.0,195.0,0.0542570951585977,967.0,116.0,0.1199586349534643,6.0,0.0,0.0,1.0,0.0,0.0,3.0,0.0,0.0,,,,16.0,1.0,0.0625,1.0,0.0,0.0,42.0,3.0,0.0714285714285714,21.0,1.0,0.0476190476190476,341.0,12.0,0.0351906158357771,17.0,3.0,0.1764705882352941,116.0,3.0,0.0258620689655172,19.0,0.0,0.0
2020-08-27 00:00:00,8188,401,0.0489741084513923,1122.0,165.0,0.1470588235294118,34.0,2.0,0.0588235294117647,2.0,2.0,1.0,211.0,20.0,0.0947867298578199,23.0,12.0,0.5217391304347826,200.0,5.0,0.025,25.0,2.0,0.08,103.0,2.0,0.0194174757281553,1.0,0.0,0.0,1943.0,80.0,0.0411734431291817,56.0,13.0,0.2321428571428572,1320.0,50.0,0.0378787878787879,121.0,14.0,0.115702479338843,77.0,2.0,0.025974025974026,34.0,3.0,0.0882352941176471,168.0,8.0,0.0476190476190476,80.0,3.0,0.0375,3194.0,206.0,0.0644959298685034,718.0,110.0,0.1532033426183844,8.0,0.0,0.0,,,,7.0,0.0,0.0,1.0,0.0,0.0,28.0,1.0,0.0357142857142857,,,,32.0,0.0,0.0,9.0,1.0,0.1111111111111111,313.0,4.0,0.012779552715655002,18.0,2.0,0.1111111111111111,112.0,1.0,0.0089285714285714,15.0,1.0,0.0666666666666667
2020-08-26 00:00:00,10314,524,0.0508047314330037,1077.0,155.0,0.1439182915506036,46.0,1.0,0.0217391304347826,6.0,0.0,0.0,283.0,37.0,0.1307420494699647,20.0,5.0,0.25,192.0,4.0,0.0208333333333333,12.0,1.0,0.0833333333333333,54.0,3.0,0.0555555555555556,2.0,0.0,0.0,2433.0,11.0,0.0045211672831895,70.0,4.0,0.0571428571428571,1841.0,71.0,0.0385659967409017,115.0,10.0,0.0869565217391304,116.0,4.0,0.0344827586206897,36.0,5.0,0.1388888888888889,230.0,16.0,0.0695652173913044,19.0,3.0,0.1578947368421053,3947.0,249.0,0.0630858880162148,756.0,122.0,0.1613756613756614,3.0,0.0,0.0,,,,6.0,0.0,0.0,,,,31.0,4.0,0.1290322580645161,1.0,1.0,1.0,44.0,2.0,0.0454545454545455,6.0,1.0,0.1666666666666667,375.0,12.0,0.032,16.0,1.0,0.0625,91.0,2.0,0.021978021978022,14.0,2.0,0.1428571428571429
2020-08-25 00:00:00,9349,364,0.0389346454166221,1553.0,188.0,0.1210560206052801,28.0,0.0,0.0,5.0,0.0,0.0,181.0,22.0,0.1215469613259669,58.0,5.0,0.0862068965517241,195.0,5.0,0.0256410256410256,21.0,3.0,0.1428571428571429,38.0,4.0,0.1052631578947368,4.0,0.0,0.0,2798.0,25.0,0.0089349535382416,103.0,10.0,0.0970873786407767,1423.0,64.0,0.044975404075895994,148.0,13.0,0.0878378378378378,118.0,8.0,0.0677966101694915,114.0,11.0,0.0964912280701754,123.0,8.0,0.0650406504065041,171.0,14.0,0.0818713450292398,3539.0,186.0,0.0525572195535462,867.0,126.0,0.1453287197231834,5.0,0.0,0.0,2.0,1.0,0.5,6.0,0.0,0.0,1.0,0.0,0.0,71.0,0.0,0.0,,,,57.0,0.0,0.0,9.0,1.0,0.1111111111111111,256.0,5.0,0.01953125,21.0,2.0,0.0952380952380952,73.0,4.0,0.0547945205479452,17.0,0.0,0.0
2020-08-24 00:00:00,10183,587,0.0576450947657861,1337.0,172.0,0.1286462228870606,48.0,2.0,0.0416666666666667,1.0,0.0,0.0,327.0,32.0,0.0978593272171254,15.0,7.0,0.4666666666666668,215.0,9.0,0.0418604651162791,37.0,2.0,0.0540540540540541,39.0,2.0,0.0512820512820513,4.0,0.0,0.0,2547.0,191.0,0.0749901845308206,94.0,8.0,0.0851063829787234,1703.0,67.0,0.0393423370522607,150.0,16.0,0.1066666666666667,145.0,9.0,0.0620689655172414,7.0,2.0,0.2857142857142857,140.0,10.0,0.0714285714285714,31.0,4.0,0.1290322580645161,4077.0,228.0,0.0559234731420162,921.0,130.0,0.1411509229098806,2.0,0.0,0.0,,,,14.0,0.0,0.0,1.0,0.0,0.0,44.0,2.0,0.0454545454545455,2.0,0.0,0.0,71.0,3.0,0.0422535211267606,23.0,1.0,0.0434782608695652,333.0,11.0,0.033033033033032996,18.0,1.0,0.0555555555555556,70.0,0.0,0.0,13.0,0.0,0.0
2020-08-23 00:00:00,3787,176,0.0464747821494587,385.0,33.0,0.0857142857142857,6.0,0.0,0.0,,,,57.0,7.0,0.1228070175438597,5.0,0.0,0.0,62.0,1.0,0.0161290322580645,,,,9.0,1.0,0.1111111111111111,,,,315.0,11.0,0.0349206349206349,50.0,3.0,0.06,570.0,29.0,0.0508771929824561,52.0,5.0,0.0961538461538462,33.0,4.0,0.1212121212121212,1.0,0.0,0.0,56.0,2.0,0.0357142857142857,2.0,1.0,0.5,2311.0,100.0,0.043271311120727005,264.0,23.0,0.0871212121212121,2.0,0.0,0.0,,,,1.0,0.0,0.0,,,,12.0,3.0,0.25,2.0,0.0,0.0,38.0,4.0,0.1052631578947368,5.0,0.0,0.0,138.0,5.0,0.036231884057971,,,,18.0,1.0,0.0555555555555556,3.0,1.0,0.3333333333333333
2020-08-22 00:00:00,4706,242,0.0514237144071398,545.0,54.0,0.0990825688073395,12.0,0.0,0.0,1.0,0.0,0.0,43.0,1.0,0.0232558139534884,2.0,1.0,0.5,216.0,4.0,0.0185185185185185,4.0,0.0,0.0,23.0,1.0,0.0434782608695652,1.0,0.0,0.0,247.0,8.0,0.0323886639676113,82.0,7.0,0.0853658536585366,1032.0,29.0,0.0281007751937985,66.0,8.0,0.1212121212121212,29.0,0.0,0.0,1.0,0.0,0.0,93.0,5.0,0.0537634408602151,,,,2642.0,172.0,0.0651021953065859,365.0,36.0,0.0986301369863014,4.0,0.0,0.0,,,,2.0,0.0,0.0,,,,20.0,3.0,0.15,1.0,0.0,0.0,44.0,2.0,0.0454545454545455,4.0,1.0,0.25,172.0,3.0,0.0174418604651163,2.0,0.0,0.0,41.0,1.0,0.024390243902439,14.0,0.0,0.0
2020-08-21 00:00:00,9041,360,0.0398186041367105,1523.0,229.0,0.1503611293499672,56.0,1.0,0.0178571428571429,4.0,2.0,0.5,244.0,16.0,0.0655737704918033,45.0,26.0,0.5777777777777778,224.0,7.0,0.03125,75.0,8.0,0.1066666666666667,97.0,9.0,0.0927835051546392,9.0,4.0,0.4444444444444444,1406.0,22.0,0.015647226173542,116.0,10.0,0.0862068965517241,2364.0,58.0,0.0245346869712352,196.0,8.0,0.0408163265306122,125.0,16.0,0.128,4.0,0.0,0.0,188.0,8.0,0.0425531914893617,20.0,3.0,0.15,3636.0,185.0,0.0508800880088009,982.0,163.0,0.1659877800407332,6.0,0.0,0.0,1.0,0.0,0.0,2.0,0.0,0.0,1.0,0.0,0.0,41.0,8.0,0.1951219512195122,3.0,0.0,0.0,53.0,5.0,0.0943396226415094,16.0,0.0,0.0,238.0,13.0,0.0546218487394958,17.0,3.0,0.1764705882352941,92.0,4.0,0.0434782608695652,14.0,1.0,0.0714285714285714
2020-08-20 00:00:00,8260,323,0.0391041162227603,1394.0,198.0,0.1420373027259684,57.0,2.0,0.0350877192982456,3.0,0.0,0.0,337.0,19.0,0.056379821958457,30.0,10.0,0.3333333333333333,150.0,1.0,0.0066666666666667,26.0,6.0,0.2307692307692308,127.0,2.0,0.015748031496063,1.0,0.0,0.0,689.0,19.0,0.0275761973875181,65.0,7.0,0.1076923076923077,2507.0,46.0,0.018348623853211003,174.0,17.0,0.0977011494252874,104.0,1.0,0.0096153846153846,7.0,2.0,0.2857142857142857,193.0,13.0,0.0673575129533679,27.0,4.0,0.1481481481481482,3422.0,194.0,0.0566919929865576,881.0,131.0,0.14869466515323498,9.0,0.0,0.0,2.0,0.0,0.0,3.0,0.0,0.0,,,,30.0,7.0,0.2333333333333334,1.0,0.0,0.0,60.0,5.0,0.0833333333333333,10.0,2.0,0.2,217.0,6.0,0.0276497695852535,9.0,0.0,0.0,76.0,1.0,0.0131578947368421,127.0,14.0,0.1102362204724409
2020-08-19 00:00:00,8990,403,0.0448275862068966,1208.0,151.0,0.125,47.0,1.0,0.0212765957446809,,,,351.0,19.0,0.0541310541310541,28.0,8.0,0.2857142857142857,197.0,10.0,0.050761421319797,42.0,3.0,0.0714285714285714,54.0,2.0,0.037037037037037,6.0,0.0,0.0,1005.0,37.0,0.03681592039801,54.0,7.0,0.1296296296296296,2263.0,81.0,0.035793194874061005,138.0,8.0,0.0579710144927536,81.0,2.0,0.0246913580246914,9.0,3.0,0.3333333333333333,127.0,6.0,0.047244094488189003,32.0,2.0,0.0625,4019.0,208.0,0.0517541677034088,796.0,117.0,0.1469849246231156,10.0,0.0,0.0,1.0,0.0,0.0,5.0,0.0,0.0,3.0,0.0,0.0,37.0,8.0,0.2162162162162162,45.0,0.0,0.0,75.0,3.0,0.04,,,,312.0,15.0,0.0480769230769231,23.0,1.0,0.0434782608695652,96.0,4.0,0.0416666666666667,21.0,0.0,0.0
2020-08-18 00:00:00,10194,404,0.0396311555817147,1785.0,219.0,0.1226890756302521,62.0,3.0,0.0483870967741936,2.0,0.0,0.0,2772.0,32.0,0.0115440115440115,30.0,12.0,0.4,228.0,7.0,0.0307017543859649,35.0,8.0,0.2285714285714286,78.0,5.0,0.0641025641025641,3.0,0.0,0.0,409.0,23.0,0.0562347188264059,89.0,7.0,0.0786516853932584,1784.0,78.0,0.0437219730941704,202.0,21.0,0.10396039603960401,95.0,4.0,0.0421052631578947,17.0,2.0,0.1176470588235294,136.0,17.0,0.125,20.0,4.0,0.2,3792.0,207.0,0.0545886075949367,1012.0,133.0,0.1314229249011858,3.0,0.0,0.0,1.0,0.0,0.0,7.0,0.0,0.0,1.0,0.0,0.0,45.0,9.0,0.2,3.0,0.0,0.0,75.0,3.0,0.04,19.0,1.0,0.0526315789473684,244.0,5.0,0.0204918032786885,20.0,0.0,0.0,53.0,2.0,0.0377358490566038,321.0,31.0,0.0965732087227414
2020-08-17 00:00:00,11097,477,0.0429845904298459,1650.0,232.0,0.1406060606060606,48.0,1.0,0.0208333333333333,,,,2460.0,47.0,0.0191056910569106,24.0,6.0,0.25,299.0,12.0,0.0401337792642141,34.0,5.0,0.1470588235294118,105.0,2.0,0.0190476190476191,5.0,0.0,0.0,503.0,33.0,0.0656063618290259,99.0,13.0,0.1313131313131313,2023.0,75.0,0.037073652990608004,225.0,28.0,0.1244444444444445,93.0,6.0,0.0645161290322581,7.0,1.0,0.1428571428571429,137.0,17.0,0.1240875912408759,25.0,4.0,0.16,4453.0,251.0,0.0563664944980912,1086.0,165.0,0.1519337016574586,4.0,0.0,0.0,2.0,1.0,0.5,4.0,0.0,0.0,3.0,0.0,0.0,43.0,5.0,0.1162790697674419,68.0,4.0,0.0588235294117647,92.0,11.0,0.1195652173913044,14.0,0.0,0.0,371.0,12.0,0.032345013477089,22.0,1.0,0.0454545454545455,86.0,2.0,0.0232558139534884,26.0,3.0,0.1153846153846154
2020-08-16 00:00:00,4464,185,0.0414426523297491,461.0,46.0,0.0997830802603037,5.0,0.0,0.0,,,,45.0,5.0,0.1111111111111111,4.0,1.0,0.25,74.0,2.0,0.027027027027027,3.0,0.0,0.0,10.0,1.0,0.1,1.0,1.0,1.0,346.0,14.0,0.0404624277456647,46.0,6.0,0.1304347826086957,1232.0,25.0,0.0202922077922078,66.0,1.0,0.0151515151515152,17.0,1.0,0.0588235294117647,1.0,0.0,0.0,47.0,3.0,0.0638297872340426,1.0,0.0,0.0,2239.0,121.0,0.0540419830281376,328.0,37.0,0.1128048780487805,1.0,0.0,0.0,,,,,,,,,,18.0,2.0,0.1111111111111111,1.0,0.0,0.0,34.0,3.0,0.0882352941176471,3.0,0.0,0.0,225.0,1.0,0.0044444444444444,1.0,0.0,0.0,17.0,0.0,0.0,2.0,0.0,0.0
2020-08-15 00:00:00,6024,363,0.0602589641434263,557.0,68.0,0.1220825852782765,32.0,0.0,0.0,2.0,1.0,0.5,254.0,6.0,0.0236220472440945,,,,212.0,6.0,0.0283018867924528,3.0,0.0,0.0,11.0,1.0,0.0909090909090909,4.0,1.0,0.25,329.0,21.0,0.0638297872340426,64.0,7.0,0.109375,1205.0,49.0,0.0406639004149378,84.0,5.0,0.0595238095238095,46.0,6.0,0.1304347826086957,1.0,0.0,0.0,58.0,2.0,0.0344827586206897,1.0,0.0,0.0,3434.0,263.0,0.0765870704717531,375.0,50.0,0.1333333333333333,2.0,0.0,0.0,,,,,,,,,,6.0,2.0,0.3333333333333333,1.0,0.0,0.0,20.0,2.0,0.1,9.0,1.0,0.1111111111111111,240.0,1.0,0.0041666666666667,,,,72.0,1.0,0.0138888888888889,9.0,2.0,0.2222222222222222
2020-08-14 00:00:00,9773,456,0.0466591630001023,1700.0,225.0,0.1323529411764706,230.0,11.0,0.0478260869565217,1.0,0.0,0.0,494.0,25.0,0.0506072874493927,77.0,23.0,0.2987012987012987,213.0,10.0,0.0469483568075117,86.0,7.0,0.0813953488372093,73.0,3.0,0.0410958904109589,2.0,0.0,0.0,473.0,21.0,0.0443974630021142,113.0,13.0,0.1150442477876106,2375.0,70.0,0.0294736842105263,260.0,18.0,0.0692307692307692,105.0,12.0,0.1142857142857143,5.0,0.0,0.0,166.0,10.0,0.0602409638554217,22.0,6.0,0.2727272727272727,4781.0,272.0,0.0568918636268563,1076.0,153.0,0.1421933085501859,2.0,0.0,0.0,,,,3.0,0.0,0.0,,,,24.0,2.0,0.0833333333333333,4.0,0.0,0.0,83.0,7.0,0.0843373493975904,15.0,1.0,0.0666666666666667,253.0,4.0,0.0158102766798419,15.0,2.0,0.1333333333333333,193.0,1.0,0.0051813471502591,16.0,1.0,0.0625
2020-08-13 00:00:00,7806,479,0.0613630540609787,1536.0,244.0,0.1588541666666667,47.0,0.0,0.0,3.0,0.0,0.0,492.0,24.0,0.0487804878048781,87.0,16.0,0.1839080459770115,162.0,14.0,0.0864197530864198,38.0,6.0,0.1578947368421053,41.0,2.0,0.0487804878048781,2.0,0.0,0.0,327.0,34.0,0.1039755351681957,75.0,12.0,0.16,1602.0,86.0,0.0536828963795256,183.0,20.0,0.1092896174863388,93.0,2.0,0.021505376344086002,5.0,1.0,0.2,202.0,17.0,0.0841584158415842,28.0,4.0,0.1428571428571429,3868.0,275.0,0.0710961737331955,1067.0,179.0,0.1677600749765698,29.0,0.0,0.0,1.0,0.0,0.0,3.0,0.0,0.0,,,,31.0,3.0,0.0967741935483871,,,,39.0,6.0,0.1538461538461539,6.0,1.0,0.1666666666666667,272.0,7.0,0.0257352941176471,23.0,2.0,0.0869565217391304,88.0,2.0,0.0227272727272727,12.0,2.0,0.1666666666666667
2020-08-12 00:00:00,9950,497,0.0499497487437186,1540.0,210.0,0.1363636363636364,35.0,0.0,0.0,2.0,2.0,1.0,491.0,29.0,0.0590631364562118,121.0,24.0,0.1983471074380165,197.0,12.0,0.0609137055837564,26.0,1.0,0.0384615384615385,61.0,6.0,0.0983606557377049,8.0,2.0,0.25,390.0,25.0,0.0641025641025641,73.0,11.0,0.1506849315068493,1470.0,91.0,0.0619047619047619,152.0,8.0,0.0526315789473684,146.0,9.0,0.0616438356164384,5.0,0.0,0.0,154.0,6.0,0.038961038961039,25.0,8.0,0.32,5952.0,285.0,0.04788306451612901,1074.0,151.0,0.1405959031657356,4.0,0.0,0.0,,,,7.0,0.0,0.0,,,,49.0,6.0,0.1224489795918367,3.0,1.0,0.3333333333333333,74.0,13.0,0.1756756756756757,3.0,0.0,0.0,268.0,6.0,0.0223880597014925,23.0,1.0,0.0434782608695652,101.0,5.0,0.0495049504950495,9.0,0.0,0.0
2020-08-11 00:00:00,9985,584,0.0584877315973961,1962.0,297.0,0.1513761467889908,53.0,1.0,0.0188679245283019,3.0,1.0,0.3333333333333333,531.0,59.0,0.1111111111111111,284.0,56.0,0.1971830985915493,191.0,16.0,0.0837696335078534,49.0,6.0,0.1224489795918367,49.0,3.0,0.0612244897959184,7.0,0.0,0.0,388.0,20.0,0.0515463917525773,105.0,18.0,0.1714285714285714,1802.0,100.0,0.0554938956714761,205.0,17.0,0.0829268292682927,94.0,4.0,0.0425531914893617,4.0,1.0,0.25,155.0,14.0,0.0903225806451613,21.0,7.0,0.3333333333333333,5599.0,335.0,0.0598321128772995,1207.0,186.0,0.1541010770505385,8.0,0.0,0.0,3.0,0.0,0.0,8.0,0.0,0.0,,,,31.0,12.0,0.3870967741935484,2.0,0.0,0.0,63.0,2.0,0.0317460317460317,24.0,2.0,0.0833333333333333,322.0,8.0,0.0248447204968944,17.0,0.0,0.0,92.0,1.0,0.0108695652173913,17.0,2.0,0.1176470588235294
2020-08-10 00:00:00,10213,633,0.0619798296289043,1649.0,207.0,0.1255306246209824,112.0,2.0,0.0178571428571429,2.0,0.0,0.0,395.0,46.0,0.1164556962025317,34.0,10.0,0.2941176470588236,198.0,21.0,0.1060606060606061,23.0,3.0,0.1304347826086957,59.0,7.0,0.1186440677966102,5.0,2.0,0.4,407.0,32.0,0.0786240786240786,120.0,14.0,0.1166666666666667,1962.0,122.0,0.0621814475025484,251.0,18.0,0.0717131474103586,155.0,7.0,0.0451612903225806,10.0,1.0,0.1,148.0,16.0,0.1081081081081081,28.0,6.0,0.2142857142857143,5562.0,337.0,0.0605897159295218,1111.0,147.0,0.1323132313231323,8.0,0.0,0.0,,,,6.0,0.0,0.0,2.0,0.0,0.0,34.0,6.0,0.1764705882352941,4.0,1.0,0.25,89.0,11.0,0.1235955056179775,17.0,1.0,0.0588235294117647,489.0,15.0,0.0306748466257669,16.0,1.0,0.0625,95.0,2.0,0.0210526315789474,16.0,0.0,0.0
2020-08-09 00:00:00,4921,280,0.0568990042674253,406.0,34.0,0.083743842364532,14.0,0.0,0.0,2.0,0.0,0.0,44.0,6.0,0.1363636363636364,5.0,2.0,0.4,72.0,5.0,0.0694444444444445,2.0,0.0,0.0,15.0,1.0,0.0666666666666667,1.0,0.0,0.0,288.0,15.0,0.0520833333333333,49.0,1.0,0.0204081632653061,896.0,46.0,0.0513392857142857,63.0,7.0,0.1111111111111111,27.0,3.0,0.1111111111111111,1.0,0.0,0.0,44.0,6.0,0.1363636363636364,1.0,0.0,0.0,3205.0,194.0,0.0605304212168487,265.0,20.0,0.0754716981132076,3.0,0.0,0.0,,,,6.0,0.0,0.0,,,,13.0,0.0,0.0,1.0,1.0,1.0,24.0,0.0,0.0,7.0,0.0,0.0,64.0,1.0,0.015625,1.0,0.0,0.0,19.0,0.0,0.0,3.0,1.0,0.3333333333333333
2020-08-08 00:00:00,5867,401,0.0683483892960627,534.0,56.0,0.1048689138576779,9.0,1.0,0.1111111111111111,4.0,0.0,0.0,40.0,6.0,0.15,4.0,2.0,0.5,295.0,10.0,0.0338983050847458,,,,24.0,2.0,0.0833333333333333,,,,298.0,24.0,0.0805369127516779,44.0,4.0,0.0909090909090909,851.0,66.0,0.0775558166862515,78.0,3.0,0.0384615384615385,48.0,5.0,0.1041666666666667,3.0,2.0,0.6666666666666666,49.0,2.0,0.0408163265306122,,,,3884.0,262.0,0.0674562306900103,373.0,45.0,0.1206434316353887,1.0,0.0,0.0,,,,1.0,0.0,0.0,,,,21.0,2.0,0.0952380952380952,1.0,0.0,0.0,40.0,2.0,0.05,13.0,0.0,0.0,104.0,7.0,0.0673076923076923,3.0,0.0,0.0,123.0,5.0,0.040650406504065005,11.0,0.0,0.0
2020-08-07 00:00:00,8140,582,0.0714987714987715,1809.0,235.0,0.1299060254284135,57.0,4.0,0.0701754385964912,2.0,1.0,0.5,297.0,58.0,0.1952861952861953,21.0,7.0,0.3333333333333333,216.0,12.0,0.0555555555555556,28.0,4.0,0.1428571428571429,67.0,8.0,0.1194029850746269,6.0,1.0,0.1666666666666667,388.0,38.0,0.0979381443298969,116.0,15.0,0.1293103448275862,1501.0,60.0,0.0399733510992672,287.0,22.0,0.0766550522648084,134.0,12.0,0.0895522388059702,4.0,1.0,0.25,181.0,19.0,0.1049723756906077,30.0,5.0,0.1666666666666667,4616.0,327.0,0.070840554592721,1228.0,166.0,0.1351791530944626,6.0,0.0,0.0,6.0,4.0,0.6666666666666666,7.0,0.0,0.0,,,,22.0,5.0,0.2272727272727273,2.0,0.0,0.0,76.0,9.0,0.11842105263157901,11.0,1.0,0.0909090909090909,135.0,10.0,0.0740740740740741,23.0,1.0,0.0434782608695652,128.0,8.0,0.0625,27.0,3.0,0.1111111111111111
2020-08-06 00:00:00,7934,637,0.0802873708091757,1766.0,246.0,0.1392978482446206,78.0,3.0,0.0384615384615385,1.0,1.0,1.0,273.0,30.0,0.1098901098901099,25.0,10.0,0.4,222.0,20.0,0.0900900900900901,36.0,6.0,0.1666666666666667,45.0,8.0,0.1777777777777778,20.0,1.0,0.05,363.0,27.0,0.0743801652892562,94.0,17.0,0.1808510638297873,1407.0,101.0,0.0717839374555793,484.0,30.0,0.0619834710743802,94.0,3.0,0.0319148936170213,6.0,3.0,0.5,226.0,14.0,0.0619469026548673,26.0,5.0,0.1923076923076923,4377.0,396.0,0.0904729266620973,1011.0,171.0,0.1691394658753709,12.0,2.0,0.1666666666666667,4.0,1.0,0.25,4.0,0.0,0.0,1.0,0.0,0.0,30.0,3.0,0.1,2.0,0.0,0.0,52.0,1.0,0.0192307692307692,4.0,1.0,0.25,102.0,14.0,0.1372549019607843,24.0,0.0,0.0,105.0,9.0,0.0857142857142857,17.0,0.0,0.0
2020-08-05 00:00:00,8139,674,0.0828111561616906,1504.0,259.0,0.1722074468085106,81.0,2.0,0.0246913580246914,2.0,1.0,0.5,268.0,39.0,0.1455223880597015,29.0,9.0,0.3103448275862069,243.0,14.0,0.0576131687242798,28.0,4.0,0.1428571428571429,47.0,6.0,0.1276595744680851,6.0,1.0,0.1666666666666667,375.0,35.0,0.0933333333333333,69.0,10.0,0.1449275362318841,1529.0,103.0,0.0673642903858731,313.0,20.0,0.0638977635782748,98.0,5.0,0.0510204081632653,6.0,2.0,0.3333333333333333,163.0,17.0,0.1042944785276074,20.0,5.0,0.25,4318.0,419.0,0.0970356646595646,984.0,204.0,0.2073170731707317,9.0,0.0,0.0,,,,5.0,0.0,0.0,2.0,0.0,0.0,44.0,6.0,0.1363636363636364,2.0,2.0,1.0,92.0,9.0,0.0978260869565217,6.0,1.0,0.1666666666666667,162.0,7.0,0.0432098765432099,15.0,0.0,0.0,110.0,2.0,0.0181818181818182,13.0,0.0,0.0
2020-08-04 00:00:00,7958,678,0.0851972857501885,1860.0,246.0,0.13225806451612898,80.0,3.0,0.0375,7.0,2.0,0.2857142857142857,327.0,54.0,0.1651376146788991,30.0,9.0,0.3,205.0,11.0,0.0536585365853659,25.0,2.0,0.08,47.0,4.0,0.0851063829787234,10.0,2.0,0.2,440.0,36.0,0.0818181818181818,132.0,8.0,0.0606060606060606,1447.0,88.0,0.0608154803040774,326.0,17.0,0.0521472392638037,88.0,7.0,0.0795454545454546,10.0,1.0,0.1,152.0,15.0,0.0986842105263158,44.0,7.0,0.1590909090909091,4336.0,413.0,0.0952490774907749,1204.0,193.0,0.1602990033222591,10.0,0.0,0.0,1.0,0.0,0.0,5.0,0.0,0.0,1.0,0.0,0.0,32.0,5.0,0.15625,,,,77.0,14.0,0.1818181818181818,16.0,0.0,0.0,98.0,5.0,0.0510204081632653,24.0,1.0,0.0416666666666667,112.0,11.0,0.0982142857142857,14.0,2.0,0.1428571428571429
2020-08-03 00:00:00,8914,857,0.0961409019519857,1879.0,250.0,0.1330494944119212,120.0,7.0,0.0583333333333333,5.0,1.0,0.2,418.0,72.0,0.1722488038277512,24.0,8.0,0.3333333333333333,225.0,17.0,0.0755555555555556,64.0,2.0,0.03125,37.0,4.0,0.1081081081081081,5.0,2.0,0.4,404.0,46.0,0.1138613861386139,122.0,8.0,0.0655737704918033,1550.0,134.0,0.0864516129032258,295.0,16.0,0.0542372881355932,151.0,17.0,0.1125827814569537,9.0,1.0,0.1111111111111111,175.0,26.0,0.1485714285714286,33.0,7.0,0.2121212121212121,4964.0,495.0,0.0997179693795326,1250.0,197.0,0.1576,11.0,0.0,0.0,1.0,0.0,0.0,3.0,0.0,0.0,,,,60.0,8.0,0.1333333333333333,2.0,0.0,0.0,118.0,2.0,0.0169491525423729,12.0,0.0,0.0,146.0,13.0,0.089041095890411,26.0,2.0,0.0769230769230769,122.0,4.0,0.0327868852459016,17.0,3.0,0.1764705882352941
2020-08-02 00:00:00,4081,377,0.0923793187944131,403.0,40.0,0.0992555831265509,12.0,2.0,0.1666666666666667,1.0,0.0,0.0,50.0,4.0,0.08,3.0,0.0,0.0,84.0,8.0,0.0952380952380952,3.0,2.0,0.6666666666666666,17.0,3.0,0.1764705882352941,3.0,0.0,0.0,267.0,22.0,0.0823970037453184,52.0,2.0,0.0384615384615385,506.0,35.0,0.0691699604743083,49.0,3.0,0.0612244897959184,22.0,6.0,0.2727272727272727,1.0,0.0,0.0,50.0,6.0,0.12,1.0,1.0,1.0,2875.0,271.0,0.0942608695652174,276.0,31.0,0.1123188405797102,2.0,0.0,0.0,2.0,0.0,0.0,8.0,0.0,0.0,,,,14.0,8.0,0.5714285714285714,,,,21.0,4.0,0.1904761904761905,5.0,0.0,0.0,31.0,1.0,0.032258064516129,,,,24.0,0.0,0.0,3.0,0.0,0.0
2020-08-01 00:00:00,6612,543,0.0821234119782214,540.0,63.0,0.1166666666666667,18.0,3.0,0.1666666666666667,1.0,0.0,0.0,42.0,9.0,0.2142857142857143,2.0,0.0,0.0,263.0,9.0,0.0342205323193916,2.0,1.0,0.5,263.0,8.0,0.0304182509505703,2.0,2.0,1.0,259.0,25.0,0.0965250965250965,54.0,4.0,0.0740740740740741,1007.0,90.0,0.0893743793445879,88.0,2.0,0.0227272727272727,34.0,6.0,0.1764705882352941,1.0,0.0,0.0,73.0,7.0,0.0958904109589041,2.0,0.0,0.0,4477.0,376.0,0.0839848112575385,366.0,53.0,0.1448087431693989,4.0,0.0,0.0,1.0,0.0,0.0,1.0,0.0,0.0,,,,9.0,3.0,0.3333333333333333,,,,33.0,3.0,0.0909090909090909,15.0,0.0,0.0,25.0,0.0,0.0,,,,32.0,1.0,0.03125,5.0,1.0,0.2
2020-07-31 00:00:00,9044,725,0.0801636444051305,1967.0,266.0,0.1352313167259787,253.0,15.0,0.0592885375494071,1.0,1.0,1.0,317.0,36.0,0.1135646687697161,34.0,8.0,0.2352941176470588,246.0,19.0,0.0772357723577236,40.0,4.0,0.1,333.0,6.0,0.018018018018018004,8.0,0.0,0.0,421.0,33.0,0.0783847980997625,160.0,21.0,0.13125,1541.0,107.0,0.0694354315379624,406.0,35.0,0.0862068965517241,128.0,14.0,0.109375,10.0,2.0,0.2,156.0,15.0,0.0961538461538462,25.0,5.0,0.2,4920.0,442.0,0.0898373983739838,1210.0,183.0,0.1512396694214876,7.0,2.0,0.2857142857142857,3.0,2.0,0.6666666666666666,7.0,0.0,0.0,,,,16.0,2.0,0.125,1.0,0.0,0.0,128.0,5.0,0.0390625,14.0,0.0,0.0,113.0,9.0,0.079646017699115,30.0,3.0,0.1,142.0,9.0,0.0633802816901409,17.0,1.0,0.0588235294117647
2020-07-30 00:00:00,7637,819,0.1072410632447296,1842.0,278.0,0.1509229098805646,101.0,6.0,0.0594059405940594,2.0,2.0,1.0,355.0,64.0,0.1802816901408451,29.0,9.0,0.3103448275862069,278.0,19.0,0.0683453237410072,73.0,2.0,0.0273972602739726,41.0,7.0,0.1707317073170732,8.0,3.0,0.375,330.0,49.0,0.1484848484848485,106.0,11.0,0.1037735849056604,1366.0,154.0,0.1127379209370425,369.0,17.0,0.0460704607046071,283.0,8.0,0.0282685512367491,9.0,1.0,0.1111111111111111,212.0,22.0,0.1037735849056604,26.0,7.0,0.2692307692307692,3901.0,443.0,0.113560625480646,1152.0,215.0,0.1866319444444445,10.0,1.0,0.1,2.0,1.0,0.5,5.0,1.0,0.2,1.0,0.0,0.0,33.0,5.0,0.1515151515151515,1.0,0.0,0.0,97.0,14.0,0.1443298969072165,10.0,3.0,0.3,184.0,10.0,0.0543478260869565,24.0,0.0,0.0,125.0,8.0,0.064,17.0,5.0,0.2941176470588236
2020-07-29 00:00:00,7990,803,0.1005006257822278,1916.0,255.0,0.1330897703549061,106.0,3.0,0.0283018867924528,2.0,0.0,0.0,296.0,54.0,0.1824324324324324,32.0,16.0,0.5,265.0,28.0,0.1056603773584906,85.0,4.0,0.0470588235294118,45.0,5.0,0.1111111111111111,9.0,3.0,0.3333333333333333,371.0,32.0,0.0862533692722372,122.0,14.0,0.1147540983606558,1492.0,128.0,0.0857908847184987,354.0,19.0,0.0536723163841808,122.0,11.0,0.0901639344262295,6.0,0.0,0.0,160.0,8.0,0.05,32.0,3.0,0.09375,4343.0,488.0,0.1123647248445775,1192.0,189.0,0.1585570469798658,9.0,2.0,0.2222222222222222,3.0,1.0,0.3333333333333333,12.0,0.0,0.0,3.0,0.0,0.0,33.0,3.0,0.0909090909090909,2.0,0.0,0.0,91.0,14.0,0.1538461538461539,10.0,0.0,0.0,150.0,8.0,0.0533333333333333,28.0,2.0,0.0714285714285714,135.0,7.0,0.0518518518518519,23.0,4.0,0.1739130434782609
2020-07-28 00:00:00,8472,961,0.1134324834749764,2388.0,303.0,0.1268844221105528,101.0,9.0,0.0891089108910891,1.0,1.0,1.0,445.0,94.0,0.2112359550561798,53.0,10.0,0.1886792452830189,225.0,10.0,0.0444444444444444,40.0,2.0,0.05,36.0,5.0,0.1388888888888889,7.0,1.0,0.1428571428571429,455.0,55.0,0.1208791208791209,117.0,14.0,0.1196581196581197,1374.0,132.0,0.0960698689956332,473.0,33.0,0.0697674418604651,121.0,5.0,0.0413223140495868,8.0,1.0,0.125,154.0,20.0,0.1298701298701299,44.0,4.0,0.0909090909090909,4899.0,588.0,0.1200244947948561,1556.0,229.0,0.1471722365038561,7.0,1.0,0.1428571428571429,4.0,1.0,0.25,16.0,0.0,0.0,3.0,0.0,0.0,24.0,5.0,0.2083333333333334,4.0,3.0,0.75,106.0,26.0,0.2452830188679246,13.0,0.0,0.0,110.0,4.0,0.0363636363636364,21.0,1.0,0.0476190476190476,108.0,5.0,0.0462962962962963,26.0,2.0,0.0769230769230769
2020-07-27 00:00:00,9590,1122,0.1169968717413973,2174.0,253.0,0.1163753449862006,102.0,8.0,0.0784313725490196,3.0,1.0,0.3333333333333333,384.0,66.0,0.171875,39.0,17.0,0.4358974358974359,264.0,18.0,0.0681818181818182,39.0,1.0,0.0256410256410256,46.0,4.0,0.0869565217391304,8.0,5.0,0.625,517.0,63.0,0.1218568665377176,151.0,16.0,0.1059602649006623,1493.0,147.0,0.0984594775619558,511.0,21.0,0.0410958904109589,205.0,25.0,0.1219512195121951,20.0,1.0,0.05,178.0,22.0,0.1235955056179775,41.0,5.0,0.1219512195121951,5669.0,713.0,0.1257717410478038,1277.0,180.0,0.1409553641346907,16.0,0.0,0.0,6.0,0.0,0.0,8.0,0.0,0.0,1.0,0.0,0.0,79.0,11.0,0.1392405063291139,6.0,0.0,0.0,100.0,13.0,0.13,22.0,1.0,0.0454545454545455,177.0,13.0,0.0734463276836158,17.0,2.0,0.1176470588235294,99.0,11.0,0.1111111111111111,20.0,1.0,0.05
2020-07-26 00:00:00,4646,568,0.1222557038312527,346.0,33.0,0.0953757225433526,24.0,0.0,0.0,1.0,0.0,0.0,65.0,18.0,0.27692307692307694,,,,78.0,5.0,0.0641025641025641,4.0,0.0,0.0,199.0,10.0,0.05025125628140701,,,,269.0,30.0,0.1115241635687732,42.0,4.0,0.0952380952380952,582.0,53.0,0.0910652920962199,43.0,1.0,0.0232558139534884,19.0,2.0,0.1052631578947368,,,,57.0,4.0,0.0701754385964912,,,,3159.0,429.0,0.1358024691358025,246.0,28.0,0.1138211382113821,2.0,0.0,0.0,,,,4.0,2.0,0.5,1.0,0.0,0.0,12.0,2.0,0.1666666666666667,,,,51.0,7.0,0.1372549019607843,5.0,0.0,0.0,33.0,0.0,0.0,2.0,0.0,0.0,19.0,2.0,0.1052631578947368,1.0,0.0,0.0
2020-07-25 00:00:00,7197,849,0.117965819091288,515.0,61.0,0.1184466019417476,26.0,2.0,0.0769230769230769,,,,161.0,41.0,0.2546583850931677,2.0,2.0,1.0,113.0,10.0,0.0884955752212389,3.0,0.0,0.0,344.0,19.0,0.0552325581395349,6.0,1.0,0.1666666666666667,474.0,44.0,0.0928270042194093,52.0,4.0,0.0769230769230769,1025.0,122.0,0.1190243902439024,77.0,2.0,0.025974025974026,80.0,13.0,0.1625,3.0,0.0,0.0,74.0,16.0,0.2162162162162162,6.0,1.0,0.1666666666666667,4452.0,548.0,0.1230907457322552,341.0,49.0,0.1436950146627566,6.0,0.0,0.0,1.0,0.0,0.0,76.0,1.0,0.0131578947368421,,,,36.0,4.0,0.1111111111111111,1.0,0.0,0.0,43.0,5.0,0.1162790697674419,5.0,0.0,0.0,40.0,8.0,0.2,3.0,0.0,0.0,168.0,8.0,0.0476190476190476,12.0,1.0,0.0833333333333333
2020-07-24 00:00:00,10216,1155,0.1130579483163665,2300.0,323.0,0.1404347826086957,95.0,5.0,0.0526315789473684,2.0,0.0,0.0,368.0,60.0,0.1630434782608696,55.0,21.0,0.3818181818181819,247.0,24.0,0.097165991902834,37.0,4.0,0.1081081081081081,46.0,4.0,0.0869565217391304,11.0,2.0,0.1818181818181818,535.0,51.0,0.0953271028037383,150.0,15.0,0.1,1502.0,137.0,0.0912117177097204,513.0,22.0,0.0428849902534113,182.0,17.0,0.0934065934065934,11.0,2.0,0.1818181818181818,202.0,19.0,0.0940594059405941,35.0,3.0,0.0857142857142857,6407.0,775.0,0.1209614484157952,1410.0,251.0,0.1780141843971631,38.0,0.0,0.0,4.0,0.0,0.0,2.0,1.0,0.5,1.0,0.0,0.0,34.0,13.0,0.3823529411764706,7.0,0.0,0.0,73.0,19.0,0.2602739726027397,17.0,0.0,0.0,120.0,9.0,0.075,13.0,1.0,0.0769230769230769,113.0,15.0,0.1327433628318584,18.0,2.0,0.1111111111111111
2020-07-23 00:00:00,9860,1192,0.1208924949290061,1956.0,252.0,0.1288343558282209,98.0,11.0,0.1122448979591837,1.0,0.0,0.0,437.0,78.0,0.1784897025171625,28.0,10.0,0.3571428571428572,250.0,14.0,0.055999999999999994,32.0,3.0,0.09375,47.0,7.0,0.14893617021276598,10.0,1.0,0.1,433.0,50.0,0.11547344110854499,132.0,5.0,0.0378787878787879,1441.0,158.0,0.10964607911172802,413.0,25.0,0.0605326876513317,137.0,10.0,0.072992700729927,6.0,1.0,0.1666666666666667,397.0,50.0,0.1259445843828716,39.0,7.0,0.1794871794871795,5984.0,756.0,0.1263368983957219,1227.0,195.0,0.1589242053789731,8.0,1.0,0.125,2.0,0.0,0.0,8.0,1.0,0.125,2.0,0.0,0.0,50.0,15.0,0.3,3.0,0.0,0.0,62.0,15.0,0.2419354838709678,11.0,1.0,0.0909090909090909,107.0,9.0,0.0841121495327103,19.0,2.0,0.1052631578947368,154.0,12.0,0.0779220779220779,15.0,0.0,0.0
2020-07-22 00:00:00,11265,1341,0.1190412782956059,1817.0,234.0,0.1287837094111172,80.0,6.0,0.075,2.0,1.0,0.5,441.0,93.0,0.2108843537414966,42.0,13.0,0.3095238095238096,274.0,17.0,0.062043795620438,30.0,2.0,0.0666666666666667,59.0,10.0,0.1694915254237288,6.0,2.0,0.3333333333333333,561.0,51.0,0.0909090909090909,86.0,6.0,0.0697674418604651,1822.0,148.0,0.0812294182217344,423.0,29.0,0.0685579196217494,137.0,16.0,0.1167883211678832,13.0,3.0,0.2307692307692308,193.0,18.0,0.0932642487046632,36.0,4.0,0.1111111111111111,6957.0,923.0,0.1326721287911456,1133.0,170.0,0.1500441306266549,15.0,0.0,0.0,1.0,1.0,1.0,12.0,1.0,0.0833333333333333,,,,56.0,6.0,0.1071428571428571,,,,73.0,15.0,0.2054794520547945,6.0,1.0,0.1666666666666667,149.0,11.0,0.0738255033557047,16.0,0.0,0.0,182.0,18.0,0.0989010989010989,12.0,1.0,0.0833333333333333
2020-07-21 00:00:00,11717,1447,0.1234957753691218,2527.0,300.0,0.1187178472497032,128.0,4.0,0.03125,1.0,0.0,0.0,441.0,80.0,0.18140589569160998,49.0,24.0,0.48979591836734704,281.0,25.0,0.0889679715302491,28.0,1.0,0.0357142857142857,68.0,12.0,0.1764705882352941,8.0,3.0,0.375,546.0,57.0,0.1043956043956044,155.0,20.0,0.1290322580645161,1797.0,202.0,0.112409571508069,524.0,22.0,0.0419847328244275,218.0,19.0,0.0871559633027523,11.0,0.0,0.0,210.0,21.0,0.1,42.0,6.0,0.1428571428571429,7236.0,942.0,0.1301824212271973,1617.0,209.0,0.1292517006802721,15.0,3.0,0.2,4.0,0.0,0.0,11.0,7.0,0.6363636363636364,3.0,0.0,0.0,56.0,11.0,0.1964285714285714,1.0,0.0,0.0,129.0,13.0,0.1007751937984496,24.0,3.0,0.125,185.0,19.0,0.1027027027027027,13.0,5.0,0.3846153846153847,147.0,19.0,0.1292517006802721,28.0,5.0,0.1785714285714286
2020-07-20 00:00:00,11593,1620,0.1397394979729147,2446.0,326.0,0.1332788225674571,103.0,19.0,0.1844660194174757,1.0,0.0,0.0,552.0,99.0,0.1793478260869565,56.0,12.0,0.2142857142857143,300.0,20.0,0.0666666666666667,34.0,4.0,0.1176470588235294,78.0,13.0,0.1666666666666667,9.0,1.0,0.1111111111111111,548.0,61.0,0.1113138686131387,151.0,20.0,0.1324503311258278,1687.0,175.0,0.1037344398340249,509.0,31.0,0.0609037328094303,191.0,16.0,0.0837696335078534,12.0,3.0,0.25,210.0,35.0,0.1666666666666667,44.0,7.0,0.1590909090909091,7103.0,1099.0,0.15472335632831197,1542.0,240.0,0.1556420233463035,35.0,3.0,0.0857142857142857,1.0,1.0,1.0,8.0,1.0,0.125,,,,35.0,8.0,0.2285714285714286,2.0,0.0,0.0,166.0,28.0,0.1686746987951807,22.0,2.0,0.0909090909090909,178.0,14.0,0.0786516853932584,22.0,1.0,0.0454545454545455,161.0,17.0,0.1055900621118013,23.0,2.0,0.0869565217391304
2020-07-19 00:00:00,5407,694,0.1283521361198447,384.0,45.0,0.1171875,9.0,1.0,0.1111111111111111,1.0,0.0,0.0,76.0,11.0,0.1447368421052632,2.0,2.0,1.0,75.0,5.0,0.0666666666666667,1.0,0.0,0.0,10.0,2.0,0.2,1.0,1.0,1.0,243.0,25.0,0.10288065843621401,50.0,1.0,0.02,635.0,70.0,0.1102362204724409,47.0,4.0,0.0851063829787234,56.0,6.0,0.1071428571428571,2.0,1.0,0.5,68.0,5.0,0.0735294117647059,,,,4040.0,541.0,0.1339108910891089,268.0,35.0,0.1305970149253731,2.0,0.0,0.0,,,,2.0,1.0,0.5,,,,2.0,0.0,0.0,2.0,0.0,0.0,41.0,13.0,0.3170731707317073,5.0,0.0,0.0,52.0,9.0,0.1730769230769231,,,,42.0,3.0,0.0714285714285714,2.0,0.0,0.0
2020-07-18 00:00:00,9644,1286,0.1333471588552468,550.0,55.0,0.1,16.0,2.0,0.125,1.0,1.0,1.0,64.0,9.0,0.140625,1.0,1.0,1.0,119.0,8.0,0.0672268907563025,14.0,2.0,0.1428571428571429,34.0,9.0,0.2647058823529412,,,,567.0,65.0,0.1146384479717813,80.0,4.0,0.05,1181.0,127.0,0.1075359864521592,64.0,3.0,0.046875,76.0,19.0,0.25,,,,84.0,16.0,0.1904761904761905,1.0,0.0,0.0,7171.0,994.0,0.1386138613861386,365.0,41.0,0.1123287671232877,11.0,0.0,0.0,,,,2.0,0.0,0.0,,,,5.0,3.0,0.6,,,,36.0,6.0,0.1666666666666667,9.0,0.0,0.0,35.0,4.0,0.1142857142857143,4.0,2.0,0.5,164.0,17.0,0.1036585365853659,4.0,0.0,0.0
2020-07-17 00:00:00,15415,2006,0.1301329873499838,2286.0,288.0,0.1259842519685039,63.0,5.0,0.0793650793650794,2.0,1.0,0.5,413.0,66.0,0.1598062953995158,31.0,10.0,0.3225806451612903,303.0,27.0,0.0891089108910891,29.0,1.0,0.0344827586206897,65.0,9.0,0.1384615384615385,10.0,0.0,0.0,765.0,103.0,0.134640522875817,151.0,16.0,0.1059602649006623,1818.0,180.0,0.099009900990099,248.0,19.0,0.0766129032258065,383.0,29.0,0.0757180156657964,11.0,1.0,0.0909090909090909,246.0,34.0,0.1382113821138212,46.0,2.0,0.0434782608695652,10519.0,1480.0,0.1406977849605476,1675.0,235.0,0.1402985074626866,49.0,1.0,0.0204081632653061,1.0,0.0,0.0,9.0,0.0,0.0,1.0,0.0,0.0,20.0,3.0,0.15,3.0,0.0,0.0,144.0,16.0,0.1111111111111111,16.0,1.0,0.0625,235.0,25.0,0.1063829787234043,26.0,2.0,0.0769230769230769,215.0,16.0,0.0744186046511628,25.0,0.0,0.0
2020-07-16 00:00:00,13676,2064,0.1509213220239836,1860.0,257.0,0.1381720430107527,42.0,8.0,0.1904761904761905,2.0,0.0,0.0,607.0,144.0,0.2372322899505766,46.0,16.0,0.3478260869565218,278.0,28.0,0.1007194244604317,31.0,1.0,0.032258064516129,65.0,16.0,0.2461538461538462,5.0,3.0,0.6,829.0,82.0,0.0989143546441496,120.0,12.0,0.1,1962.0,202.0,0.1029561671763507,187.0,23.0,0.1229946524064171,141.0,19.0,0.1347517730496454,17.0,1.0,0.0588235294117647,258.0,36.0,0.1395348837209302,40.0,6.0,0.15,8774.0,1447.0,0.164919079097333,1337.0,190.0,0.1421091997008227,27.0,0.0,0.0,6.0,0.0,0.0,8.0,0.0,0.0,1.0,0.0,0.0,25.0,5.0,0.2,2.0,0.0,0.0,125.0,20.0,0.16,8.0,0.0,0.0,181.0,17.0,0.0939226519337017,28.0,5.0,0.1785714285714286,171.0,24.0,0.1403508771929825,21.0,0.0,0.0
2020-07-15 00:00:00,15678,2476,0.1579283071820385,1848.0,248.0,0.1341991341991342,123.0,14.0,0.1138211382113821,3.0,0.0,0.0,543.0,138.0,0.2541436464088398,33.0,16.0,0.484848484848485,339.0,28.0,0.0825958702064897,28.0,3.0,0.1071428571428571,56.0,11.0,0.1964285714285714,5.0,1.0,0.2,881.0,103.0,0.1169125993189557,95.0,12.0,0.1263157894736842,1995.0,220.0,0.1102756892230576,175.0,24.0,0.1371428571428572,188.0,21.0,0.1117021276595745,14.0,4.0,0.2857142857142857,246.0,44.0,0.1788617886178862,35.0,5.0,0.1428571428571429,10434.0,1809.0,0.1733755031627372,1377.0,176.0,0.1278140885984023,23.0,1.0,0.0434782608695652,2.0,0.0,0.0,18.0,1.0,0.0555555555555556,3.0,0.0,0.0,47.0,8.0,0.1702127659574468,7.0,2.0,0.2857142857142857,171.0,16.0,0.0935672514619883,14.0,2.0,0.1428571428571429,142.0,15.0,0.1056338028169014,25.0,1.0,0.04,191.0,26.0,0.1361256544502618,21.0,0.0,0.0
2020-07-14 00:00:00,15984,2686,0.1680430430430431,2389.0,287.0,0.1201339472582671,148.0,13.0,0.0878378378378378,1.0,0.0,0.0,576.0,144.0,0.25,45.0,15.0,0.3333333333333333,275.0,30.0,0.1090909090909091,32.0,1.0,0.03125,68.0,8.0,0.1176470588235294,9.0,1.0,0.1111111111111111,985.0,137.0,0.1390862944162437,166.0,16.0,0.0963855421686747,2203.0,300.0,0.1361779391738539,220.0,24.0,0.1090909090909091,274.0,27.0,0.0985401459854015,10.0,1.0,0.1,311.0,38.0,0.1221864951768489,41.0,2.0,0.0487804878048781,10300.0,1909.0,0.1853398058252427,1784.0,221.0,0.1238789237668162,24.0,3.0,0.125,7.0,1.0,0.1428571428571429,9.0,0.0,0.0,1.0,0.0,0.0,48.0,3.0,0.0625,3.0,1.0,0.3333333333333333,132.0,17.0,0.1287878787878788,17.0,2.0,0.1176470588235294,170.0,11.0,0.0647058823529412,26.0,1.0,0.0384615384615385,246.0,35.0,0.1422764227642277,16.0,0.0,0.0
2020-07-13 00:00:00,14326,2626,0.1833030852994556,2375.0,271.0,0.1141052631578947,116.0,16.0,0.1379310344827586,5.0,1.0,0.2,674.0,147.0,0.2181008902077152,48.0,13.0,0.2708333333333333,301.0,29.0,0.0963455149501661,43.0,1.0,0.0232558139534884,105.0,20.0,0.1904761904761905,9.0,3.0,0.3333333333333333,733.0,134.0,0.1828103683492497,151.0,6.0,0.0397350993377483,1965.0,242.0,0.1231552162849873,235.0,15.0,0.0638297872340426,240.0,42.0,0.175,16.0,2.0,0.125,320.0,61.0,0.190625,54.0,13.0,0.2407407407407408,9061.0,1838.0,0.2028473678401943,1717.0,211.0,0.1228887594641817,21.0,0.0,0.0,,,,10.0,0.0,0.0,,,,73.0,7.0,0.0958904109589041,4.0,2.0,0.5,107.0,17.0,0.1588785046728972,18.0,0.0,0.0,307.0,28.0,0.0912052117263844,32.0,2.0,0.0625,142.0,28.0,0.1971830985915493,25.0,1.0,0.04
2020-07-12 00:00:00,6277,1261,0.2008921459295842,460.0,51.0,0.1108695652173913,11.0,3.0,0.2727272727272727,2.0,1.0,0.5,97.0,28.0,0.288659793814433,4.0,2.0,0.5,98.0,12.0,0.1224489795918367,3.0,0.0,0.0,23.0,3.0,0.1304347826086957,2.0,0.0,0.0,371.0,65.0,0.1752021563342318,50.0,3.0,0.06,754.0,97.0,0.1286472148541114,78.0,6.0,0.0769230769230769,77.0,26.0,0.3376623376623377,1.0,0.0,0.0,51.0,11.0,0.2156862745098039,2.0,0.0,0.0,4636.0,1002.0,0.2161345987920621,304.0,37.0,0.1217105263157895,1.0,0.0,0.0,,,,1.0,0.0,0.0,,,,4.0,1.0,0.25,1.0,0.0,0.0,29.0,3.0,0.103448275862069,6.0,0.0,0.0,46.0,5.0,0.10869565217391301,,,,42.0,2.0,0.0476190476190476,2.0,0.0,0.0
2020-07-11 00:00:00,9428,1800,0.1909206618582945,689.0,90.0,0.1306240928882438,14.0,1.0,0.0714285714285714,1.0,0.0,0.0,63.0,16.0,0.253968253968254,3.0,1.0,0.3333333333333333,121.0,16.0,0.1322314049586777,2.0,0.0,0.0,39.0,7.0,0.1794871794871795,2.0,1.0,0.5,610.0,94.0,0.1540983606557377,106.0,7.0,0.0660377358490566,1234.0,172.0,0.1393841166936791,68.0,4.0,0.0588235294117647,72.0,21.0,0.2916666666666667,3.0,1.0,0.3333333333333333,102.0,19.0,0.1862745098039216,1.0,0.0,0.0,6833.0,1425.0,0.2085467583784575,473.0,74.0,0.1564482029598309,2.0,1.0,0.5,,,,49.0,3.0,0.0612244897959184,,,,9.0,0.0,0.0,,,,33.0,1.0,0.0303030303030303,15.0,0.0,0.0,54.0,3.0,0.0555555555555556,1.0,1.0,1.0,119.0,9.0,0.0756302521008403,7.0,1.0,0.1428571428571429
2020-07-10 00:00:00,16263,2932,0.1802865399987702,2452.0,218.0,0.0889070146818923,101.0,10.0,0.099009900990099,1.0,0.0,0.0,520.0,122.0,0.2346153846153846,40.0,6.0,0.15,324.0,38.0,0.11728395061728399,47.0,4.0,0.0851063829787234,98.0,29.0,0.2959183673469388,17.0,4.0,0.2352941176470588,902.0,125.0,0.1385809312638581,148.0,9.0,0.0608108108108108,2217.0,278.0,0.1253946774921065,264.0,21.0,0.0795454545454546,255.0,38.0,0.1490196078431373,9.0,1.0,0.1111111111111111,280.0,43.0,0.1535714285714286,58.0,2.0,0.0344827586206897,10654.0,2166.0,0.2033039234090482,1777.0,168.0,0.0945413618458075,80.0,0.0,0.0,,,,21.0,0.0,0.0,,,,17.0,4.0,0.2352941176470588,6.0,0.0,0.0,88.0,7.0,0.0795454545454546,16.0,0.0,0.0,255.0,24.0,0.0941176470588235,19.0,1.0,0.0526315789473684,259.0,22.0,0.0849420849420849,30.0,1.0,0.0333333333333333
2020-07-09 00:00:00,17996,3230,0.179484329851078,2261.0,209.0,0.092436974789916,157.0,17.0,0.1082802547770701,,,,633.0,140.0,0.2211690363349131,89.0,23.0,0.2584269662921349,395.0,27.0,0.0683544303797468,46.0,2.0,0.0434782608695652,88.0,15.0,0.1704545454545455,9.0,3.0,0.3333333333333333,952.0,164.0,0.1722689075630252,117.0,6.0,0.0512820512820513,2279.0,277.0,0.1215445370776657,178.0,16.0,0.0898876404494382,207.0,31.0,0.1497584541062802,10.0,1.0,0.1,345.0,50.0,0.1449275362318841,48.0,3.0,0.0625,12006.0,2407.0,0.2004830917874396,1693.0,150.0,0.0886001181334909,33.0,3.0,0.0909090909090909,2.0,0.0,0.0,30.0,4.0,0.1333333333333333,1.0,0.0,0.0,33.0,6.0,0.1818181818181818,1.0,0.0,0.0,106.0,15.0,0.1415094339622642,10.0,1.0,0.1,237.0,19.0,0.080168776371308,14.0,2.0,0.1428571428571429,289.0,31.0,0.1072664359861592,31.0,1.0,0.032258064516129
2020-07-08 00:00:00,17469,3427,0.1961760833476444,2184.0,220.0,0.1007326007326007,114.0,13.0,0.1140350877192983,4.0,1.0,0.25,918.0,191.0,0.2080610021786492,46.0,14.0,0.3043478260869566,405.0,25.0,0.0617283950617284,51.0,2.0,0.0392156862745098,106.0,25.0,0.2358490566037736,7.0,1.0,0.1428571428571429,975.0,187.0,0.1917948717948718,129.0,7.0,0.0542635658914729,2490.0,307.0,0.1232931726907631,178.0,15.0,0.0842696629213483,194.0,27.0,0.1391752577319588,9.0,4.0,0.4444444444444444,316.0,60.0,0.18987341772151897,34.0,0.0,0.0,11159.0,2498.0,0.2238551841562864,1639.0,171.0,0.1043319097010372,45.0,4.0,0.0888888888888889,1.0,0.0,0.0,7.0,0.0,0.0,2.0,0.0,0.0,36.0,6.0,0.1666666666666667,6.0,0.0,0.0,88.0,10.0,0.1136363636363636,13.0,0.0,0.0,240.0,32.0,0.1333333333333333,17.0,2.0,0.1176470588235294,197.0,28.0,0.1421319796954315,37.0,0.0,0.0
2020-07-07 00:00:00,18194,3515,0.1931955589754864,2753.0,206.0,0.0748274609516891,257.0,5.0,0.0194552529182879,2.0,1.0,0.5,857.0,186.0,0.2170361726954493,57.0,13.0,0.2280701754385965,538.0,61.0,0.1133828996282528,48.0,1.0,0.0208333333333333,127.0,31.0,0.2440944881889764,15.0,4.0,0.2666666666666667,1241.0,172.0,0.1385979049153908,174.0,12.0,0.0689655172413793,2606.0,353.0,0.1354566385264774,240.0,12.0,0.05,216.0,48.0,0.2222222222222222,7.0,1.0,0.1428571428571429,394.0,60.0,0.1522842639593909,50.0,5.0,0.1,10868.0,2455.0,0.2258925285241075,2068.0,151.0,0.0730174081237911,55.0,7.0,0.1272727272727273,10.0,1.0,0.1,1.0,0.0,0.0,1.0,0.0,0.0,48.0,6.0,0.125,2.0,0.0,0.0,168.0,12.0,0.0714285714285714,24.0,0.0,0.0,340.0,48.0,0.1411764705882353,19.0,2.0,0.1052631578947368,262.0,37.0,0.1412213740458016,17.0,0.0,0.0
2020-07-06 00:00:00,17687,3586,0.2027477808559959,2254.0,177.0,0.0785270629991127,145.0,11.0,0.0758620689655172,2.0,0.0,0.0,641.0,169.0,0.2636505460218409,54.0,13.0,0.2407407407407408,431.0,35.0,0.0812064965197216,39.0,2.0,0.0512820512820513,126.0,39.0,0.3095238095238096,7.0,0.0,0.0,848.0,180.0,0.2122641509433962,155.0,5.0,0.032258064516129,2518.0,369.0,0.1465448768864178,223.0,11.0,0.0493273542600897,257.0,37.0,0.1439688715953307,4.0,1.0,0.25,342.0,52.0,0.15204678362573099,44.0,3.0,0.0681818181818182,11286.0,2541.0,0.2251461988304094,1629.0,142.0,0.0871700429711479,48.0,3.0,0.0625,1.0,0.0,0.0,15.0,2.0,0.1333333333333333,1.0,0.0,0.0,84.0,15.0,0.1785714285714286,3.0,0.0,0.0,146.0,19.0,0.1301369863013699,17.0,0.0,0.0,426.0,54.0,0.1267605633802817,23.0,0.0,0.0,215.0,39.0,0.1813953488372093,28.0,0.0,0.0
2020-07-05 00:00:00,6314,1557,0.2465948685460881,398.0,25.0,0.0628140703517588,15.0,4.0,0.2666666666666667,,,,97.0,27.0,0.2783505154639176,1.0,1.0,1.0,88.0,10.0,0.1136363636363636,1.0,0.0,0.0,26.0,7.0,0.2692307692307692,2.0,0.0,0.0,314.0,73.0,0.232484076433121,28.0,0.0,0.0,972.0,173.0,0.1779835390946502,71.0,3.0,0.0422535211267606,50.0,14.0,0.2800000000000001,1.0,0.0,0.0,72.0,15.0,0.2083333333333334,,,,4432.0,1188.0,0.2680505415162455,274.0,20.0,0.072992700729927,5.0,1.0,0.2,,,,1.0,0.0,0.0,,,,4.0,1.0,0.25,1.0,0.0,0.0,42.0,6.0,0.1428571428571429,8.0,0.0,0.0,81.0,12.0,0.1481481481481482,1.0,1.0,1.0,58.0,11.0,0.1896551724137931,5.0,0.0,0.0
2020-07-04 00:00:00,6051,1327,0.2193025946124608,514.0,40.0,0.0778210116731518,26.0,6.0,0.2307692307692308,4.0,0.0,0.0,75.0,24.0,0.32,1.0,1.0,1.0,65.0,5.0,0.0769230769230769,2.0,0.0,0.0,17.0,6.0,0.3529411764705883,2.0,0.0,0.0,337.0,85.0,0.2522255192878338,44.0,2.0,0.0454545454545455,676.0,135.0,0.1997041420118343,66.0,4.0,0.0606060606060606,74.0,29.0,0.3918918918918919,1.0,0.0,0.0,40.0,11.0,0.275,,,,4563.0,994.0,0.21783914091606402,364.0,32.0,0.0879120879120879,4.0,3.0,0.75,1.0,0.0,0.0,7.0,3.0,0.4285714285714286,,,,,,,,,,65.0,10.0,0.1538461538461539,20.0,0.0,0.0,27.0,4.0,0.1481481481481482,,,,41.0,4.0,0.0975609756097561,4.0,0.0,0.0
2020-07-03 00:00:00,12894,2588,0.2007135101597643,839.0,45.0,0.0536352800953516,49.0,2.0,0.0408163265306122,,,,153.0,45.0,0.2941176470588236,3.0,0.0,0.0,218.0,20.0,0.0917431192660551,5.0,1.0,0.2,62.0,14.0,0.2258064516129032,2.0,0.0,0.0,809.0,152.0,0.1878862793572312,68.0,1.0,0.0147058823529412,1526.0,214.0,0.1402359108781127,79.0,2.0,0.0253164556962025,142.0,27.0,0.1901408450704225,3.0,1.0,0.3333333333333333,237.0,44.0,0.1856540084388186,11.0,1.0,0.0909090909090909,9304.0,2029.0,0.2180782459157352,641.0,37.0,0.0577223088923557,3.0,0.0,0.0,,,,5.0,0.0,0.0,,,,3.0,1.0,0.3333333333333333,,,,120.0,11.0,0.0916666666666667,11.0,1.0,0.0909090909090909,108.0,6.0,0.0555555555555556,1.0,0.0,0.0,75.0,7.0,0.0933333333333333,10.0,0.0,0.0
2020-07-02 00:00:00,19526,3741,0.1915906995800471,2592.0,218.0,0.0841049382716049,216.0,13.0,0.0601851851851852,7.0,1.0,0.1428571428571429,667.0,150.0,0.2248875562218891,62.0,13.0,0.2096774193548387,432.0,38.0,0.087962962962963,40.0,2.0,0.05,150.0,44.0,0.2933333333333334,7.0,0.0,0.0,1427.0,224.0,0.1569726699369306,153.0,13.0,0.0849673202614379,2686.0,387.0,0.1440804169769174,251.0,18.0,0.0717131474103586,282.0,51.0,0.1808510638297873,17.0,2.0,0.1176470588235294,390.0,64.0,0.1641025641025641,59.0,3.0,0.0508474576271187,12329.0,2675.0,0.2169681239354368,1880.0,161.0,0.0856382978723404,53.0,6.0,0.1132075471698113,7.0,0.0,0.0,7.0,0.0,0.0,2.0,0.0,0.0,28.0,6.0,0.2142857142857143,5.0,0.0,0.0,205.0,13.0,0.0634146341463415,24.0,4.0,0.1666666666666667,217.0,21.0,0.0967741935483871,25.0,0.0,0.0,251.0,30.0,0.1195219123505976,26.0,1.0,0.0384615384615385
2020-07-01 00:00:00,18923,3866,0.2043016435026159,2709.0,200.0,0.07382798080472501,134.0,12.0,0.0895522388059702,2.0,0.0,0.0,607.0,133.0,0.2191103789126854,48.0,10.0,0.2083333333333334,377.0,44.0,0.11671087533156502,52.0,2.0,0.0384615384615385,127.0,38.0,0.2992125984251969,4.0,0.0,0.0,1119.0,186.0,0.1662198391420912,159.0,4.0,0.0251572327044025,2768.0,395.0,0.1427023121387283,233.0,14.0,0.0600858369098713,265.0,46.0,0.1735849056603774,30.0,3.0,0.1,316.0,49.0,0.1550632911392405,34.0,3.0,0.0882352941176471,11897.0,2809.0,0.2361099436832815,2051.0,160.0,0.0780107264748903,66.0,8.0,0.1212121212121212,,,,8.0,3.0,0.375,,,,64.0,16.0,0.25,,,,192.0,16.0,0.0833333333333333,19.0,1.0,0.0526315789473684,308.0,24.0,0.0779220779220779,30.0,0.0,0.0,485.0,63.0,0.1298969072164949,28.0,2.0,0.0714285714285714
2020-06-30 00:00:00,19099,4059,0.2125242159275355,2713.0,168.0,0.0619240692959823,196.0,11.0,0.0561224489795918,22.0,5.0,0.2272727272727273,891.0,213.0,0.2390572390572391,67.0,9.0,0.1343283582089552,410.0,42.0,0.1024390243902439,61.0,0.0,0.0,141.0,54.0,0.3829787234042553,11.0,1.0,0.0909090909090909,1162.0,207.0,0.1781411359724613,152.0,5.0,0.0328947368421053,2345.0,374.0,0.1594882729211087,288.0,16.0,0.0555555555555556,280.0,40.0,0.1428571428571429,30.0,3.0,0.1,401.0,79.0,0.1970074812967581,68.0,5.0,0.0735294117647059,12098.0,2903.0,0.2399570176888742,1928.0,120.0,0.0622406639004149,81.0,2.0,0.0246913580246914,1.0,0.0,0.0,11.0,1.0,0.0909090909090909,4.0,0.0,0.0,53.0,8.0,0.1509433962264151,2.0,0.0,0.0,185.0,16.0,0.0864864864864865,16.0,0.0,0.0,312.0,44.0,0.141025641025641,26.0,1.0,0.0384615384615385,300.0,33.0,0.11,23.0,2.0,0.0869565217391304
2020-06-29 00:00:00,18934,4217,0.2227210309496145,3427.0,266.0,0.0776189086664721,155.0,16.0,0.1032258064516129,6.0,0.0,0.0,992.0,277.0,0.279233870967742,69.0,10.0,0.1449275362318841,396.0,55.0,0.1388888888888889,33.0,0.0,0.0,170.0,51.0,0.3,16.0,3.0,0.1875,896.0,200.0,0.2232142857142857,218.0,11.0,0.0504587155963303,2382.0,361.0,0.1515533165407221,315.0,12.0,0.0380952380952381,343.0,53.0,0.1545189504373178,24.0,1.0,0.0416666666666667,321.0,51.0,0.1588785046728972,69.0,3.0,0.0434782608695652,12162.0,2988.0,0.2456832757770104,2539.0,216.0,0.0850728633320205,123.0,13.0,0.1056910569105691,1.0,0.0,0.0,18.0,2.0,0.1111111111111111,,,,65.0,16.0,0.2461538461538462,1.0,0.0,0.0,173.0,26.0,0.1502890173410405,29.0,1.0,0.0344827586206897,261.0,36.0,0.1379310344827586,31.0,6.0,0.1935483870967742,303.0,38.0,0.1254125412541254,45.0,0.0,0.0
2020-06-28 00:00:00,7051,1705,0.2418096723868955,504.0,23.0,0.0456349206349206,23.0,2.0,0.0869565217391304,,,,98.0,22.0,0.2244897959183674,6.0,1.0,0.1666666666666667,104.0,12.0,0.1153846153846154,3.0,0.0,0.0,20.0,7.0,0.35,4.0,0.0,0.0,354.0,74.0,0.2090395480225989,66.0,1.0,0.0151515151515152,913.0,145.0,0.1588170865279299,68.0,5.0,0.0735294117647059,60.0,11.0,0.1833333333333333,2.0,0.0,0.0,101.0,15.0,0.1485148514851485,1.0,0.0,0.0,5141.0,1378.0,0.2680412371134021,340.0,16.0,0.0470588235294118,7.0,1.0,0.1428571428571429,,,,1.0,0.0,0.0,,,,1.0,0.0,0.0,,,,35.0,4.0,0.1142857142857143,7.0,0.0,0.0,56.0,15.0,0.2678571428571429,1.0,0.0,0.0,49.0,8.0,0.163265306122449,2.0,0.0,0.0
2020-06-27 00:00:00,10572,2472,0.2338251986379115,819.0,30.0,0.0366300366300366,13.0,1.0,0.0769230769230769,1.0,0.0,0.0,75.0,27.0,0.36,8.0,0.0,0.0,186.0,21.0,0.1129032258064516,4.0,0.0,0.0,62.0,27.0,0.435483870967742,1.0,0.0,0.0,533.0,108.0,0.2026266416510319,83.0,3.0,0.036144578313253004,1365.0,240.0,0.1758241758241759,109.0,4.0,0.036697247706422007,66.0,17.0,0.2575757575757576,1.0,1.0,1.0,91.0,21.0,0.2307692307692308,1.0,0.0,0.0,7882.0,1968.0,0.2496828216188785,583.0,20.0,0.0343053173241853,10.0,2.0,0.2,,,,1.0,0.0,0.0,,,,5.0,2.0,0.4,,,,35.0,6.0,0.1714285714285714,10.0,0.0,0.0,77.0,7.0,0.0909090909090909,4.0,2.0,0.5,60.0,7.0,0.1166666666666667,8.0,0.0,0.0
2020-06-26 00:00:00,17679,3569,0.2018779342723005,3536.0,218.0,0.0616515837104072,159.0,15.0,0.0943396226415094,6.0,0.0,0.0,1024.0,229.0,0.2236328125,67.0,16.0,0.2388059701492538,367.0,32.0,0.0871934604904632,96.0,3.0,0.03125,151.0,49.0,0.3245033112582782,8.0,1.0,0.125,797.0,114.0,0.1430363864491845,226.0,7.0,0.0309734513274336,1837.0,256.0,0.1393576483396843,328.0,11.0,0.0335365853658537,348.0,36.0,0.103448275862069,24.0,0.0,0.0,345.0,78.0,0.2260869565217392,38.0,1.0,0.0263157894736842,11973.0,2667.0,0.2227511901779003,2615.0,175.0,0.0669216061185469,28.0,4.0,0.1428571428571429,1.0,0.0,0.0,12.0,1.0,0.0833333333333333,,,,20.0,3.0,0.15,5.0,0.0,0.0,127.0,15.0,0.1181102362204725,29.0,1.0,0.0344827586206897,201.0,28.0,0.1393034825870647,35.0,1.0,0.0285714285714286,193.0,19.0,0.0984455958549223,29.0,1.0,0.0344827586206897
2020-06-25 00:00:00,17189,3522,0.2048984815870615,3350.0,188.0,0.0561194029850746,146.0,7.0,0.0479452054794521,12.0,0.0,0.0,872.0,209.0,0.2396788990825688,46.0,7.0,0.1521739130434783,316.0,25.0,0.0791139240506329,52.0,1.0,0.0192307692307692,183.0,62.0,0.3387978142076503,8.0,2.0,0.25,771.0,145.0,0.1880674448767834,168.0,6.0,0.0357142857142857,2433.0,320.0,0.1315248664200575,243.0,12.0,0.0493827160493827,218.0,24.0,0.1100917431192661,15.0,3.0,0.2,379.0,57.0,0.1503957783641161,59.0,4.0,0.0677966101694915,11065.0,2553.0,0.2307275192046995,2589.0,152.0,0.0587099266125917,61.0,4.0,0.0655737704918033,18.0,0.0,0.0,11.0,0.0,0.0,1.0,0.0,0.0,32.0,12.0,0.375,33.0,0.0,0.0,139.0,16.0,0.1151079136690648,8.0,0.0,0.0,171.0,27.0,0.1578947368421053,38.0,0.0,0.0,249.0,41.0,0.1646586345381526,41.0,0.0,0.0
2020-06-24 00:00:00,17350,3405,0.1962536023054755,3353.0,176.0,0.0524903071875932,159.0,7.0,0.0440251572327044,15.0,0.0,0.0,1157.0,262.0,0.226447709593777,49.0,6.0,0.1224489795918367,269.0,33.0,0.1226765799256506,41.0,0.0,0.0,147.0,34.0,0.2312925170068028,9.0,1.0,0.1111111111111111,1347.0,156.0,0.1158129175946548,175.0,6.0,0.0342857142857143,2076.0,256.0,0.1233140655105973,241.0,10.0,0.04149377593361,382.0,41.0,0.1073298429319372,27.0,0.0,0.0,265.0,40.0,0.1509433962264151,70.0,3.0,0.0428571428571429,10815.0,2482.0,0.2294960702727693,2563.0,144.0,0.056184159188450995,54.0,5.0,0.0925925925925926,49.0,1.0,0.0204081632653061,13.0,0.0,0.0,2.0,0.0,0.0,20.0,3.0,0.15,1.0,0.0,0.0,177.0,18.0,0.1016949152542373,25.0,0.0,0.0,187.0,20.0,0.106951871657754,36.0,1.0,0.0277777777777778,181.0,31.0,0.1712707182320442,15.0,0.0,0.0
2020-06-23 00:00:00,16960,3103,0.1829599056603774,3480.0,211.0,0.060632183908046,203.0,14.0,0.0689655172413793,11.0,3.0,0.2727272727272727,619.0,160.0,0.2584814216478191,119.0,19.0,0.1596638655462185,347.0,23.0,0.0662824207492795,38.0,1.0,0.0263157894736842,116.0,34.0,0.2931034482758621,10.0,2.0,0.2,1608.0,157.0,0.09763681592039801,222.0,15.0,0.0675675675675676,2286.0,333.0,0.1456692913385827,411.0,64.0,0.1557177615571776,320.0,30.0,0.09375,23.0,2.0,0.0869565217391304,249.0,45.0,0.1807228915662651,56.0,3.0,0.0535714285714286,10466.0,2213.0,0.2114465889547105,2426.0,98.0,0.0403957131079967,55.0,6.0,0.1090909090909091,60.0,2.0,0.0333333333333333,13.0,0.0,0.0,,,,26.0,3.0,0.1153846153846154,4.0,0.0,0.0,149.0,21.0,0.1409395973154362,21.0,0.0,0.0,245.0,23.0,0.0938775510204082,32.0,1.0,0.03125,154.0,25.0,0.1623376623376623,26.0,0.0,0.0
2020-06-22 00:00:00,15554,3154,0.2027774205992028,2792.0,117.0,0.0419054441260745,243.0,25.0,0.10288065843621401,8.0,2.0,0.25,840.0,247.0,0.2940476190476191,39.0,6.0,0.1538461538461539,425.0,35.0,0.0823529411764706,44.0,1.0,0.0227272727272727,154.0,47.0,0.3051948051948052,21.0,6.0,0.2857142857142857,910.0,156.0,0.1714285714285714,198.0,3.0,0.0151515151515152,2096.0,285.0,0.1359732824427481,283.0,8.0,0.0282685512367491,309.0,60.0,0.1941747572815534,38.0,1.0,0.0263157894736842,208.0,24.0,0.1153846153846154,47.0,4.0,0.0851063829787234,9595.0,2160.0,0.225117248566962,1920.0,82.0,0.0427083333333333,75.0,16.0,0.2133333333333334,46.0,1.0,0.0217391304347826,10.0,0.0,0.0,,,,23.0,4.0,0.1739130434782609,3.0,1.0,0.3333333333333333,182.0,13.0,0.0714285714285714,19.0,1.0,0.0526315789473684,214.0,35.0,0.1635514018691589,48.0,1.0,0.0208333333333333,189.0,33.0,0.1746031746031746,38.0,0.0,0.0
2020-06-21 00:00:00,5815,1401,0.2409286328460877,640.0,31.0,0.0484375,6.0,2.0,0.3333333333333333,2.0,0.0,0.0,52.0,19.0,0.3653846153846154,4.0,3.0,0.75,97.0,8.0,0.0824742268041237,3.0,0.0,0.0,40.0,17.0,0.425,3.0,0.0,0.0,359.0,67.0,0.1866295264623956,77.0,0.0,0.0,1100.0,183.0,0.1663636363636364,76.0,0.0,0.0,55.0,14.0,0.2545454545454545,3.0,1.0,0.3333333333333333,43.0,11.0,0.2558139534883721,,,,3903.0,1049.0,0.2687676146553933,453.0,26.0,0.0573951434878587,3.0,1.0,0.3333333333333333,,,,7.0,0.0,0.0,,,,2.0,0.0,0.0,,,,47.0,10.0,0.2127659574468085,6.0,0.0,0.0,33.0,7.0,0.2121212121212121,,,,34.0,7.0,0.2058823529411765,6.0,0.0,0.0
2020-06-20 00:00:00,9526,2023,0.2123661557841697,785.0,28.0,0.0356687898089172,43.0,9.0,0.2093023255813954,1.0,0.0,0.0,379.0,97.0,0.2559366754617415,2.0,0.0,0.0,180.0,31.0,0.1722222222222222,9.0,1.0,0.1111111111111111,88.0,22.0,0.25,5.0,0.0,0.0,487.0,77.0,0.1581108829568789,79.0,4.0,0.0506329113924051,1427.0,244.0,0.1709880868955852,83.0,4.0,0.0481927710843374,126.0,12.0,0.0952380952380952,1.0,0.0,0.0,72.0,14.0,0.1944444444444445,,,,6321.0,1467.0,0.2320835310868534,584.0,17.0,0.0291095890410959,7.0,0.0,0.0,,,,4.0,1.0,0.25,,,,5.0,1.0,0.2,,,,84.0,16.0,0.1904761904761905,8.0,0.0,0.0,115.0,7.0,0.0608695652173913,4.0,1.0,0.25,118.0,11.0,0.0932203389830509,8.0,1.0,0.125
2020-06-19 00:00:00,15755,2795,0.1774039987305617,3291.0,123.0,0.0373746581586144,65.0,2.0,0.0307692307692308,2.0,0.0,0.0,890.0,179.0,0.201123595505618,56.0,3.0,0.0535714285714286,327.0,26.0,0.0795107033639144,119.0,1.0,0.0084033613445378,184.0,43.0,0.2336956521739131,20.0,3.0,0.15,983.0,144.0,0.1464903357070193,207.0,10.0,0.0483091787439614,2140.0,295.0,0.1378504672897196,355.0,15.0,0.0422535211267606,110.0,26.0,0.2363636363636364,40.0,1.0,0.025,190.0,25.0,0.1315789473684211,55.0,1.0,0.0181818181818182,9919.0,1974.0,0.1990119971771348,2293.0,85.0,0.0370693414740515,40.0,4.0,0.1,2.0,0.0,0.0,4.0,0.0,0.0,2.0,0.0,0.0,10.0,0.0,0.0,3.0,0.0,0.0,139.0,5.0,0.0359712230215827,29.0,0.0,0.0,160.0,18.0,0.1125,42.0,2.0,0.0476190476190476,496.0,38.0,0.0766129032258065,37.0,2.0,0.0540540540540541
2020-06-18 00:00:00,14748,2655,0.1800244100895037,2955.0,104.0,0.0351945854483926,136.0,16.0,0.1176470588235294,4.0,0.0,0.0,1430.0,245.0,0.1713286713286713,207.0,6.0,0.0289855072463768,226.0,21.0,0.0929203539823009,42.0,0.0,0.0,172.0,46.0,0.2674418604651163,16.0,2.0,0.125,733.0,125.0,0.1705320600272851,142.0,5.0,0.0352112676056338,1903.0,265.0,0.13925380977404098,250.0,11.0,0.044000000000000004,305.0,34.0,0.1114754098360656,24.0,0.0,0.0,244.0,29.0,0.1188524590163934,48.0,1.0,0.0208333333333333,8851.0,1780.0,0.2011072195232177,2114.0,76.0,0.0359508041627247,78.0,4.0,0.0512820512820513,1.0,0.0,0.0,9.0,2.0,0.2222222222222222,,,,11.0,0.0,0.0,1.0,0.0,0.0,213.0,18.0,0.0845070422535211,11.0,0.0,0.0,166.0,24.0,0.1445783132530121,36.0,2.0,0.0555555555555556,181.0,27.0,0.1491712707182321,39.0,0.0,0.0
2020-06-17 00:00:00,13115,2516,0.1918414029736942,2656.0,111.0,0.0417921686746988,98.0,2.0,0.0204081632653061,4.0,1.0,0.25,1235.0,253.0,0.2048582995951417,211.0,8.0,0.037914691943128,176.0,17.0,0.0965909090909091,51.0,0.0,0.0,171.0,59.0,0.3450292397660819,16.0,1.0,0.0625,699.0,132.0,0.1888412017167382,140.0,4.0,0.0285714285714286,1804.0,248.0,0.1374722838137472,221.0,10.0,0.0452488687782805,206.0,38.0,0.1844660194174757,29.0,1.0,0.0344827586206897,161.0,21.0,0.1304347826086957,52.0,0.0,0.0,7917.0,1672.0,0.2111911077428319,1778.0,83.0,0.046681664791900994,70.0,11.0,0.1571428571428572,2.0,0.0,0.0,11.0,0.0,0.0,2.0,0.0,0.0,20.0,1.0,0.05,5.0,0.0,0.0,189.0,19.0,0.1005291005291005,15.0,0.0,0.0,158.0,9.0,0.0569620253164557,61.0,1.0,0.0163934426229508,129.0,25.0,0.1937984496124031,29.0,1.0,0.0344827586206897
2020-06-16 00:00:00,13084,2243,0.1714307551207582,3488.0,114.0,0.0326834862385321,104.0,8.0,0.0769230769230769,4.0,0.0,0.0,387.0,55.0,0.1421188630490956,80.0,2.0,0.025,274.0,23.0,0.0839416058394161,99.0,2.0,0.0202020202020202,202.0,61.0,0.301980198019802,21.0,1.0,0.0476190476190476,908.0,135.0,0.1486784140969163,282.0,5.0,0.0177304964539007,1937.0,218.0,0.1125451729478575,302.0,5.0,0.0165562913907285,202.0,34.0,0.1683168316831683,20.0,0.0,0.0,174.0,11.0,0.0632183908045977,51.0,3.0,0.0588235294117647,8089.0,1609.0,0.19891210285573002,2470.0,90.0,0.0364372469635628,63.0,6.0,0.0952380952380952,8.0,2.0,0.25,11.0,1.0,0.0909090909090909,1.0,0.0,0.0,16.0,1.0,0.0625,7.0,1.0,0.1428571428571429,219.0,22.0,0.1004566210045662,25.0,0.0,0.0,116.0,12.0,0.103448275862069,53.0,2.0,0.0377358490566038,289.0,22.0,0.0761245674740484,32.0,0.0,0.0
2020-06-15 00:00:00,12701,2161,0.1701440831430596,2647.0,89.0,0.033622969399319996,132.0,19.0,0.143939393939394,5.0,0.0,0.0,1127.0,220.0,0.1952085181898847,28.0,0.0,0.0,245.0,13.0,0.0530612244897959,43.0,0.0,0.0,200.0,63.0,0.315,21.0,1.0,0.0476190476190476,562.0,111.0,0.19750889679715303,196.0,3.0,0.0153061224489796,1977.0,237.0,0.1198786039453718,422.0,12.0,0.028436018957346,295.0,53.0,0.1796610169491526,19.0,1.0,0.0526315789473684,151.0,16.0,0.1059602649006623,33.0,0.0,0.0,7422.0,1366.0,0.1840474265696578,1764.0,67.0,0.0379818594104308,63.0,8.0,0.126984126984127,8.0,0.0,0.0,5.0,0.0,0.0,,,,16.0,0.0,0.0,3.0,0.0,0.0,98.0,7.0,0.0714285714285714,15.0,1.0,0.0666666666666667,157.0,13.0,0.0828025477707006,36.0,1.0,0.0277777777777778,154.0,21.0,0.1363636363636364,27.0,3.0,0.1111111111111111
2020-06-14 00:00:00,4505,811,0.1800221975582686,615.0,14.0,0.0227642276422764,44.0,7.0,0.1590909090909091,1.0,0.0,0.0,52.0,15.0,0.2884615384615385,2.0,0.0,0.0,58.0,1.0,0.0172413793103448,6.0,0.0,0.0,46.0,9.0,0.1956521739130435,3.0,0.0,0.0,284.0,52.0,0.1830985915492958,53.0,2.0,0.0377358490566038,804.0,101.0,0.1256218905472637,95.0,1.0,0.0105263157894737,41.0,11.0,0.2682926829268293,,,,45.0,8.0,0.1777777777777778,2.0,0.0,0.0,2953.0,593.0,0.2008127328140874,427.0,11.0,0.0257611241217799,4.0,0.0,0.0,1.0,0.0,0.0,3.0,0.0,0.0,,,,2.0,0.0,0.0,,,,78.0,1.0,0.0128205128205128,12.0,0.0,0.0,23.0,4.0,0.1739130434782609,1.0,0.0,0.0,30.0,4.0,0.1333333333333333,4.0,0.0,0.0
2020-06-13 00:00:00,7082,1250,0.1765038124823496,810.0,20.0,0.0246913580246914,44.0,8.0,0.1818181818181818,,,,1295.0,224.0,0.17297297297297304,,,,94.0,2.0,0.0212765957446809,3.0,0.0,0.0,105.0,34.0,0.3238095238095238,,,,298.0,47.0,0.1577181208053691,86.0,1.0,0.0116279069767442,911.0,159.0,0.1745334796926454,122.0,3.0,0.0245901639344262,45.0,12.0,0.2666666666666667,3.0,1.0,0.3333333333333333,32.0,1.0,0.03125,,,,3864.0,738.0,0.1909937888198758,566.0,15.0,0.0265017667844523,2.0,2.0,1.0,,,,7.0,0.0,0.0,,,,147.0,1.0,0.0068027210884354,1.0,0.0,0.0,116.0,9.0,0.0775862068965517,7.0,0.0,0.0,34.0,1.0,0.0294117647058824,4.0,0.0,0.0,47.0,5.0,0.1063829787234043,7.0,0.0,0.0
2020-06-12 00:00:00,12314,1735,0.140896540522982,2893.0,92.0,0.0318008987210508,227.0,9.0,0.039647577092511,9.0,0.0,0.0,1006.0,157.0,0.1560636182902585,47.0,5.0,0.1063829787234043,236.0,4.0,0.0169491525423729,90.0,1.0,0.0111111111111111,209.0,62.0,0.2966507177033493,32.0,0.0,0.0,645.0,111.0,0.17209302325581396,199.0,6.0,0.0301507537688442,1379.0,166.0,0.1203770848440899,324.0,8.0,0.0246913580246914,206.0,33.0,0.1601941747572816,25.0,0.0,0.0,200.0,28.0,0.14,69.0,2.0,0.0289855072463768,7323.0,1087.0,0.1484364331558105,1956.0,62.0,0.0316973415132924,64.0,7.0,0.109375,8.0,0.0,0.0,4.0,0.0,0.0,1.0,0.0,0.0,10.0,0.0,0.0,5.0,0.0,0.0,51.0,0.0,0.0,21.0,3.0,0.1428571428571429,120.0,11.0,0.0916666666666667,32.0,2.0,0.0625,558.0,51.0,0.0913978494623656,44.0,1.0,0.0227272727272727
2020-06-11 00:00:00,11073,1556,0.1405219904271652,3326.0,111.0,0.0333734215273602,121.0,7.0,0.0578512396694215,9.0,2.0,0.2222222222222222,1028.0,145.0,0.1410505836575876,67.0,4.0,0.0597014925373134,215.0,7.0,0.0325581395348837,37.0,1.0,0.027027027027027,215.0,46.0,0.21395348837209302,33.0,5.0,0.1515151515151515,526.0,74.0,0.1406844106463879,191.0,7.0,0.0366492146596859,1287.0,128.0,0.0994560994560995,265.0,6.0,0.0226415094339623,440.0,39.0,0.0886363636363636,41.0,1.0,0.024390243902439,148.0,13.0,0.0878378378378378,79.0,1.0,0.0126582278481013,6531.0,1056.0,0.1616903996325218,1991.0,74.0,0.0371672526368659,196.0,4.0,0.0204081632653061,231.0,6.0,0.025974025974026,1.0,0.0,0.0,3.0,0.0,0.0,11.0,1.0,0.0909090909090909,77.0,0.0,0.0,55.0,10.0,0.1818181818181818,118.0,0.0,0.0,113.0,8.0,0.0707964601769912,110.0,1.0,0.0090909090909091,94.0,11.0,0.1170212765957447,32.0,1.0,0.03125
2020-06-10 00:00:00,11045,1528,0.1383431416930738,3209.0,97.0,0.030227485197880998,148.0,11.0,0.0743243243243243,7.0,1.0,0.1428571428571429,868.0,172.0,0.1981566820276498,48.0,8.0,0.1666666666666667,171.0,6.0,0.0350877192982456,45.0,0.0,0.0,245.0,84.0,0.3428571428571429,26.0,1.0,0.0384615384615385,964.0,68.0,0.0705394190871369,390.0,11.0,0.0282051282051282,1348.0,161.0,0.1194362017804154,453.0,21.0,0.0463576158940397,212.0,30.0,0.1415094339622642,17.0,1.0,0.0588235294117647,159.0,9.0,0.0566037735849057,58.0,3.0,0.0517241379310345,6194.0,943.0,0.1522441072005166,1729.0,45.0,0.0260266049739734,303.0,15.0,0.0495049504950495,199.0,3.0,0.0150753768844221,11.0,0.0,0.0,1.0,0.0,0.0,17.0,0.0,0.0,4.0,0.0,0.0,52.0,6.0,0.1153846153846154,43.0,0.0,0.0,107.0,6.0,0.0560747663551402,22.0,0.0,0.0,176.0,13.0,0.0738636363636364,127.0,1.0,0.0078740157480315
2020-06-09 00:00:00,11338,1524,0.1344152407832069,3167.0,116.0,0.0366277233975371,168.0,16.0,0.0952380952380952,9.0,0.0,0.0,845.0,179.0,0.2118343195266272,113.0,1.0,0.0088495575221239,260.0,6.0,0.0230769230769231,85.0,0.0,0.0,241.0,78.0,0.3236514522821577,39.0,5.0,0.1282051282051282,1549.0,160.0,0.1032924467398322,164.0,4.0,0.024390243902439,1331.0,163.0,0.1224643125469572,349.0,11.0,0.0315186246418338,170.0,30.0,0.1764705882352941,21.0,2.0,0.0952380952380952,141.0,7.0,0.049645390070922,56.0,1.0,0.0178571428571429,6003.0,834.0,0.1389305347326337,2009.0,84.0,0.0418118466898955,22.0,1.0,0.0454545454545455,5.0,0.0,0.0,3.0,0.0,0.0,4.0,0.0,0.0,46.0,0.0,0.0,109.0,1.0,0.0091743119266055,64.0,3.0,0.046875,105.0,3.0,0.0285714285714286,85.0,5.0,0.0588235294117647,33.0,3.0,0.0909090909090909,324.0,27.0,0.0833333333333333,25.0,0.0,0.0
2020-06-08 00:00:00,10438,1391,0.1332630772178578,3125.0,123.0,0.03936,130.0,8.0,0.0615384615384615,10.0,2.0,0.2,980.0,179.0,0.1826530612244898,94.0,5.0,0.0531914893617021,272.0,12.0,0.0441176470588235,37.0,1.0,0.027027027027027,223.0,73.0,0.3273542600896861,27.0,2.0,0.0740740740740741,638.0,76.0,0.1191222570532915,179.0,8.0,0.0446927374301676,1391.0,121.0,0.0869877785765636,474.0,36.0,0.0759493670886076,204.0,35.0,0.1715686274509804,91.0,2.0,0.021978021978022,255.0,8.0,0.0313725490196078,44.0,1.0,0.0227272727272727,5926.0,847.0,0.1429294633817077,1949.0,61.0,0.0312981015905593,26.0,9.0,0.3461538461538462,6.0,0.0,0.0,15.0,0.0,0.0,3.0,0.0,0.0,20.0,1.0,0.05,2.0,0.0,0.0,66.0,2.0,0.0303030303030303,110.0,3.0,0.0272727272727273,105.0,8.0,0.0761904761904762,33.0,1.0,0.0303030303030303,95.0,6.0,0.0631578947368421,31.0,0.0,0.0
2020-06-07 00:00:00,3444,550,0.1596980255516841,589.0,13.0,0.0220713073005093,32.0,5.0,0.15625,,,,38.0,15.0,0.3947368421052632,3.0,0.0,0.0,52.0,4.0,0.0769230769230769,3.0,0.0,0.0,80.0,28.0,0.35,2.0,0.0,0.0,162.0,13.0,0.0802469135802469,59.0,1.0,0.0169491525423729,536.0,70.0,0.1305970149253731,79.0,1.0,0.0126582278481013,33.0,13.0,0.3939393939393939,,,,21.0,4.0,0.1904761904761905,1.0,0.0,0.0,2366.0,393.0,0.1661031276415892,368.0,10.0,0.0271739130434783,3.0,0.0,0.0,1.0,0.0,0.0,12.0,0.0,0.0,,,,5.0,0.0,0.0,2.0,0.0,0.0,24.0,0.0,0.0,10.0,0.0,0.0,30.0,1.0,0.0333333333333333,50.0,1.0,0.02,19.0,2.0,0.1052631578947368,4.0,0.0,0.0
2020-06-06 00:00:00,4421,635,0.1436326622935987,979.0,55.0,0.0561797752808989,44.0,3.0,0.0681818181818182,1.0,0.0,0.0,88.0,25.0,0.2840909090909091,2.0,2.0,1.0,50.0,1.0,0.02,1.0,0.0,0.0,104.0,37.0,0.3557692307692308,6.0,0.0,0.0,230.0,19.0,0.0826086956521739,85.0,3.0,0.0352941176470588,682.0,86.0,0.126099706744868,266.0,7.0,0.0263157894736842,50.0,12.0,0.24,1.0,0.0,0.0,77.0,17.0,0.2207792207792208,27.0,12.0,0.4444444444444444,2965.0,426.0,0.1436762225969646,553.0,31.0,0.0560578661844485,2.0,0.0,0.0,1.0,0.0,0.0,,,,,,,1.0,1.0,1.0,,,,29.0,1.0,0.0344827586206897,16.0,0.0,0.0,34.0,4.0,0.1176470588235294,3.0,0.0,0.0,26.0,1.0,0.0384615384615385,10.0,0.0,0.0
2020-06-05 00:00:00,9960,1060,0.10642570281124498,3192.0,109.0,0.0341478696741855,109.0,12.0,0.1100917431192661,11.0,1.0,0.0909090909090909,790.0,150.0,0.18987341772151897,72.0,0.0,0.0,264.0,9.0,0.0340909090909091,114.0,1.0,0.0087719298245614,183.0,46.0,0.2513661202185793,29.0,0.0,0.0,568.0,57.0,0.1003521126760563,182.0,14.0,0.0769230769230769,1476.0,107.0,0.0724932249322493,310.0,5.0,0.0161290322580645,139.0,31.0,0.223021582733813,22.0,1.0,0.0454545454545455,266.0,8.0,0.0300751879699248,186.0,10.0,0.0537634408602151,5451.0,600.0,0.1100715465052284,2137.0,75.0,0.0350959288722508,202.0,12.0,0.0594059405940594,10.0,0.0,0.0,13.0,0.0,0.0,3.0,0.0,0.0,13.0,0.0,0.0,4.0,0.0,0.0,41.0,3.0,0.0731707317073171,16.0,0.0,0.0,113.0,9.0,0.079646017699115,35.0,1.0,0.0285714285714286,251.0,11.0,0.0438247011952191,31.0,1.0,0.032258064516129
2020-06-04 00:00:00,8103,970,0.1197087498457362,3142.0,181.0,0.0576066199872693,105.0,18.0,0.1714285714285714,7.0,0.0,0.0,746.0,144.0,0.19302949061662197,105.0,1.0,0.0095238095238095,168.0,4.0,0.0238095238095238,40.0,2.0,0.05,156.0,49.0,0.3141025641025641,13.0,0.0,0.0,450.0,36.0,0.08,137.0,4.0,0.0291970802919708,1297.0,113.0,0.08712413261372401,420.0,41.0,0.0976190476190476,141.0,26.0,0.1843971631205674,25.0,0.0,0.0,133.0,9.0,0.0676691729323308,52.0,2.0,0.0384615384615385,4464.0,540.0,0.1209677419354839,2136.0,127.0,0.0594569288389513,32.0,8.0,0.25,3.0,0.0,0.0,8.0,0.0,0.0,2.0,0.0,0.0,17.0,0.0,0.0,38.0,0.0,0.0,74.0,1.0,0.0135135135135135,9.0,0.0,0.0,70.0,6.0,0.0857142857142857,108.0,1.0,0.0092592592592593,172.0,10.0,0.0581395348837209,29.0,1.0,0.0344827586206897
2020-06-03 00:00:00,7838,1008,0.1286042357744323,3084.0,97.0,0.0314526588845655,107.0,16.0,0.1495327102803738,11.0,0.0,0.0,909.0,157.0,0.1727172717271727,195.0,5.0,0.0256410256410256,116.0,1.0,0.0086206896551724,68.0,1.0,0.0147058823529412,129.0,39.0,0.3023255813953488,13.0,0.0,0.0,369.0,38.0,0.1029810298102981,148.0,5.0,0.0337837837837838,1147.0,98.0,0.0854402789886661,448.0,12.0,0.0267857142857143,123.0,23.0,0.1869918699186992,35.0,5.0,0.1428571428571429,306.0,9.0,0.0294117647058824,42.0,3.0,0.0714285714285714,4263.0,602.0,0.1412151067323481,1872.0,63.0,0.0336538461538462,21.0,3.0,0.1428571428571429,5.0,0.0,0.0,14.0,1.0,0.0714285714285714,,,,5.0,0.0,0.0,1.0,0.0,0.0,43.0,2.0,0.0465116279069767,40.0,1.0,0.025,89.0,5.0,0.0561797752808989,85.0,2.0,0.0235294117647059,111.0,6.0,0.0540540540540541,90.0,0.0,0.0
2020-06-02 00:00:00,8084,968,0.119742701632855,3606.0,98.0,0.0271769273433167,131.0,14.0,0.1068702290076336,5.0,1.0,0.2,910.0,153.0,0.1681318681318682,173.0,6.0,0.0346820809248555,186.0,4.0,0.021505376344086002,89.0,0.0,0.0,103.0,44.0,0.4271844660194175,17.0,0.0,0.0,386.0,54.0,0.1398963730569948,201.0,4.0,0.0199004975124378,1045.0,86.0,0.0822966507177034,324.0,6.0,0.0185185185185185,161.0,34.0,0.2111801242236025,29.0,2.0,0.0689655172413793,284.0,24.0,0.0845070422535211,49.0,1.0,0.0204081632653061,4424.0,512.0,0.1157323688969259,2433.0,73.0,0.0300041101520756,142.0,21.0,0.147887323943662,5.0,0.0,0.0,4.0,0.0,0.0,3.0,0.0,0.0,14.0,0.0,0.0,46.0,0.0,0.0,42.0,1.0,0.0238095238095238,24.0,1.0,0.0416666666666667,70.0,8.0,0.1142857142857143,92.0,2.0,0.0217391304347826,85.0,7.0,0.0823529411764706,45.0,0.0,0.0
2020-06-01 00:00:00,7881,864,0.1096307575180815,3887.0,106.0,0.0272703884744019,145.0,19.0,0.1310344827586207,8.0,2.0,0.25,836.0,153.0,0.1830143540669857,54.0,0.0,0.0,194.0,3.0,0.0154639175257732,200.0,5.0,0.025,107.0,39.0,0.3644859813084112,11.0,0.0,0.0,434.0,30.0,0.0691244239631337,205.0,4.0,0.0195121951219512,1233.0,76.0,0.0616382806163828,454.0,8.0,0.0176211453744493,168.0,22.0,0.130952380952381,41.0,0.0,0.0,129.0,20.0,0.1550387596899225,53.0,1.0,0.0188679245283019,4240.0,466.0,0.1099056603773585,2703.0,85.0,0.0314465408805031,62.0,9.0,0.1451612903225807,15.0,0.0,0.0,9.0,0.0,0.0,4.0,0.0,0.0,14.0,0.0,0.0,4.0,0.0,0.0,48.0,1.0,0.0208333333333333,17.0,0.0,0.0,107.0,14.0,0.1308411214953271,38.0,1.0,0.0263157894736842,76.0,6.0,0.0789473684210526,28.0,0.0,0.0
2020-05-31 00:00:00,2424,285,0.1175742574257426,701.0,10.0,0.014265335235377999,30.0,6.0,0.2,,,,18.0,8.0,0.4444444444444444,2.0,0.0,0.0,36.0,0.0,0.0,2.0,0.0,0.0,26.0,6.0,0.2307692307692308,2.0,0.0,0.0,165.0,16.0,0.096969696969697,69.0,2.0,0.0289855072463768,450.0,36.0,0.08,79.0,1.0,0.0126582278481013,37.0,14.0,0.3783783783783784,2.0,1.0,0.5,56.0,5.0,0.0892857142857143,1.0,0.0,0.0,1522.0,189.0,0.1241787122207622,526.0,5.0,0.0095057034220532,2.0,0.0,0.0,,,,5.0,0.0,0.0,,,,6.0,1.0,0.1666666666666667,,,,18.0,1.0,0.0555555555555556,11.0,0.0,0.0,17.0,0.0,0.0,1.0,0.0,0.0,15.0,0.0,0.0,3.0,0.0,0.0
2020-05-30 00:00:00,7068,582,0.0823429541595925,1800.0,40.0,0.0222222222222222,52.0,8.0,0.1538461538461539,,,,517.0,94.0,0.1818181818181818,191.0,4.0,0.0209424083769634,328.0,2.0,0.0060975609756098,1.0,0.0,0.0,46.0,11.0,0.2391304347826087,8.0,0.0,0.0,263.0,15.0,0.0570342205323194,144.0,0.0,0.0,1395.0,119.0,0.0853046594982079,115.0,2.0,0.0173913043478261,52.0,10.0,0.1923076923076923,3.0,1.0,0.3333333333333333,49.0,4.0,0.0816326530612245,,,,3384.0,297.0,0.0877659574468085,1224.0,32.0,0.0261437908496732,100.0,0.0,0.0,2.0,0.0,0.0,1.0,0.0,0.0,,,,3.0,0.0,0.0,,,,179.0,6.0,0.0335195530726257,14.0,0.0,0.0,29.0,3.0,0.103448275862069,5.0,1.0,0.2,612.0,12.0,0.0196078431372549,80.0,0.0,0.0
2020-05-29 00:00:00,8162,676,0.0828228375398187,3568.0,130.0,0.0364349775784753,98.0,18.0,0.1836734693877551,10.0,0.0,0.0,618.0,114.0,0.1844660194174757,63.0,1.0,0.0158730158730159,187.0,2.0,0.0106951871657754,39.0,1.0,0.0256410256410256,78.0,14.0,0.1794871794871795,11.0,0.0,0.0,415.0,28.0,0.0674698795180723,304.0,29.0,0.0953947368421053,1084.0,65.0,0.0599630996309963,426.0,17.0,0.039906103286385,196.0,18.0,0.0918367346938776,49.0,0.0,0.0,140.0,7.0,0.05,74.0,0.0,0.0,4025.0,358.0,0.088944099378882,2367.0,78.0,0.0329531051964512,366.0,16.0,0.0437158469945355,7.0,0.0,0.0,28.0,2.0,0.0714285714285714,2.0,0.0,0.0,14.0,0.0,0.0,7.0,0.0,0.0,139.0,1.0,0.0071942446043165,98.0,1.0,0.0102040816326531,553.0,24.0,0.0433996383363472,31.0,0.0,0.0,142.0,5.0,0.0352112676056338,23.0,0.0,0.0
2020-05-28 00:00:00,6925,593,0.0856317689530686,3556.0,112.0,0.031496062992126,143.0,15.0,0.1048951048951049,11.0,0.0,0.0,679.0,92.0,0.1354933726067747,374.0,13.0,0.0347593582887701,137.0,2.0,0.0145985401459854,52.0,1.0,0.0192307692307692,82.0,23.0,0.2804878048780488,20.0,0.0,0.0,347.0,19.0,0.0547550432276657,155.0,6.0,0.0387096774193548,1013.0,61.0,0.0602171767028628,351.0,15.0,0.0427350427350427,327.0,25.0,0.0764525993883792,42.0,2.0,0.0476190476190476,130.0,15.0,0.1153846153846154,52.0,0.0,0.0,3466.0,316.0,0.0911713791113676,2074.0,62.0,0.029893924783028002,74.0,4.0,0.0540540540540541,9.0,0.0,0.0,5.0,1.0,0.2,2.0,0.0,0.0,19.0,3.0,0.1578947368421053,3.0,0.0,0.0,107.0,2.0,0.0186915887850467,77.0,0.0,0.0,83.0,6.0,0.07228915662650601,44.0,4.0,0.0909090909090909,256.0,4.0,0.015625,176.0,5.0,0.0284090909090909
2020-05-27 00:00:00,5759,590,0.1024483417259941,3652.0,128.0,0.0350492880613363,150.0,10.0,0.0666666666666667,9.0,0.0,0.0,740.0,161.0,0.2175675675675676,96.0,4.0,0.0416666666666667,143.0,3.0,0.020979020979021,93.0,1.0,0.010752688172043001,104.0,33.0,0.3173076923076923,17.0,0.0,0.0,330.0,10.0,0.0303030303030303,163.0,3.0,0.0184049079754601,871.0,66.0,0.0757749712973594,497.0,29.0,0.0583501006036217,218.0,32.0,0.1467889908256881,104.0,7.0,0.0673076923076923,133.0,12.0,0.0902255639097744,60.0,1.0,0.0166666666666667,2742.0,236.0,0.0860685630926331,2322.0,75.0,0.0322997416020672,16.0,4.0,0.25,8.0,0.0,0.0,9.0,1.0,0.1111111111111111,4.0,0.0,0.0,12.0,1.0,0.0833333333333333,10.0,0.0,0.0,91.0,0.0,0.0,64.0,0.0,0.0,80.0,10.0,0.125,42.0,1.0,0.0238095238095238,78.0,7.0,0.0897435897435898,51.0,1.0,0.0196078431372549
2020-05-26 00:00:00,6267,546,0.0871230253709909,3808.0,81.0,0.0212710084033613,128.0,17.0,0.1328125,10.0,0.0,0.0,405.0,68.0,0.1679012345679012,118.0,2.0,0.0169491525423729,236.0,1.0,0.0042372881355932,102.0,0.0,0.0,92.0,31.0,0.3369565217391305,24.0,0.0,0.0,295.0,29.0,0.0983050847457627,188.0,2.0,0.0106382978723404,949.0,56.0,0.0590094836670179,401.0,12.0,0.029925187032419,459.0,36.0,0.0784313725490196,74.0,2.0,0.027027027027027,151.0,16.0,0.1059602649006623,78.0,0.0,0.0,3108.0,260.0,0.0836550836550837,2424.0,54.0,0.0222772277227723,11.0,1.0,0.0909090909090909,9.0,0.0,0.0,9.0,0.0,0.0,1.0,0.0,0.0,15.0,3.0,0.2,16.0,0.0,0.0,138.0,0.0,0.0,163.0,1.0,0.0061349693251534,139.0,21.0,0.1510791366906475,57.0,3.0,0.0526315789473684,64.0,1.0,0.015625,48.0,0.0,0.0
2020-05-25 00:00:00,2034,194,0.0953785644051131,502.0,9.0,0.0179282868525896,40.0,13.0,0.325,2.0,0.0,0.0,33.0,20.0,0.6060606060606062,2.0,0.0,0.0,41.0,0.0,0.0,3.0,0.0,0.0,26.0,13.0,0.5,4.0,0.0,0.0,120.0,6.0,0.05,58.0,0.0,0.0,380.0,37.0,0.0973684210526316,67.0,1.0,0.0149253731343284,51.0,7.0,0.1372549019607843,2.0,2.0,1.0,69.0,6.0,0.0869565217391304,1.0,0.0,0.0,1176.0,84.0,0.0714285714285714,343.0,6.0,0.0174927113702624,4.0,0.0,0.0,,,,,,,,,,,,,,,,16.0,0.0,0.0,9.0,0.0,0.0,22.0,4.0,0.1818181818181818,2.0,0.0,0.0,18.0,3.0,0.1666666666666667,3.0,0.0,0.0
2020-05-24 00:00:00,2365,207,0.0875264270613108,630.0,12.0,0.0190476190476191,30.0,13.0,0.4333333333333334,,,,31.0,13.0,0.4193548387096775,1.0,0.0,0.0,188.0,0.0,0.0,8.0,0.0,0.0,31.0,9.0,0.2903225806451613,2.0,0.0,0.0,142.0,9.0,0.0633802816901409,60.0,1.0,0.0166666666666667,456.0,32.0,0.0701754385964912,76.0,1.0,0.0131578947368421,38.0,16.0,0.4210526315789474,2.0,1.0,0.5,54.0,5.0,0.0925925925925926,,,,1283.0,103.0,0.0802805923616524,444.0,7.0,0.0157657657657658,5.0,0.0,0.0,,,,,,,,,,1.0,0.0,0.0,1.0,0.0,0.0,22.0,0.0,0.0,13.0,0.0,0.0,31.0,5.0,0.1612903225806452,4.0,2.0,0.5,24.0,0.0,0.0,9.0,0.0,0.0
2020-05-23 00:00:00,4339,252,0.0580778981332104,2096.0,47.0,0.0224236641221374,26.0,4.0,0.1538461538461539,3.0,0.0,0.0,357.0,38.0,0.1064425770308123,6.0,0.0,0.0,177.0,2.0,0.0112994350282486,37.0,2.0,0.0540540540540541,37.0,17.0,0.4594594594594596,1.0,0.0,0.0,225.0,11.0,0.0488888888888889,164.0,2.0,0.0121951219512195,516.0,37.0,0.0717054263565892,108.0,1.0,0.0092592592592593,34.0,2.0,0.0588235294117647,3.0,0.0,0.0,196.0,4.0,0.0204081632653061,3.0,0.0,0.0,2621.0,131.0,0.0499809233117131,1702.0,39.0,0.0229142185663925,6.0,1.0,0.1666666666666667,,,,,,,,,,4.0,1.0,0.25,1.0,0.0,0.0,31.0,0.0,0.0,19.0,2.0,0.1052631578947368,32.0,4.0,0.125,4.0,1.0,0.25,28.0,0.0,0.0,9.0,0.0,0.0
2020-05-22 00:00:00,5625,355,0.0631111111111111,3902.0,93.0,0.0238339313172732,93.0,14.0,0.1505376344086022,11.0,0.0,0.0,461.0,62.0,0.1344902386117137,101.0,6.0,0.0594059405940594,219.0,1.0,0.0045662100456621,92.0,0.0,0.0,52.0,14.0,0.2692307692307692,15.0,0.0,0.0,230.0,7.0,0.0304347826086957,183.0,3.0,0.0163934426229508,821.0,39.0,0.0475030450669915,342.0,7.0,0.0204678362573099,206.0,34.0,0.1650485436893204,40.0,1.0,0.025,318.0,22.0,0.0691823899371069,87.0,3.0,0.0344827586206897,2949.0,143.0,0.04849101390301799,2814.0,67.0,0.0238095238095238,7.0,0.0,0.0,13.0,0.0,0.0,3.0,0.0,0.0,3.0,0.0,0.0,9.0,0.0,0.0,20.0,0.0,0.0,14.0,0.0,0.0,16.0,0.0,0.0,105.0,14.0,0.1333333333333333,58.0,1.0,0.0172413793103448,79.0,3.0,0.0379746835443038,22.0,0.0,0.0
2020-05-21 00:00:00,5332,349,0.0654538634658665,4035.0,83.0,0.0205700123915737,83.0,17.0,0.2048192771084337,25.0,0.0,0.0,520.0,88.0,0.1692307692307693,53.0,3.0,0.0566037735849057,187.0,0.0,0.0,116.0,0.0,0.0,63.0,11.0,0.1746031746031746,29.0,1.0,0.0344827586206897,226.0,12.0,0.0530973451327434,183.0,6.0,0.0327868852459016,681.0,25.0,0.0367107195301028,332.0,4.0,0.0120481927710843,389.0,21.0,0.0539845758354756,162.0,4.0,0.0246913580246914,136.0,7.0,0.0514705882352941,77.0,0.0,0.0,2701.0,152.0,0.0562754535357275,2651.0,61.0,0.023010184835910996,9.0,1.0,0.1111111111111111,6.0,0.0,0.0,5.0,0.0,0.0,3.0,0.0,0.0,6.0,1.0,0.1666666666666667,18.0,0.0,0.0,118.0,1.0,0.0084745762711864,110.0,0.0,0.0,79.0,12.0,0.1518987341772152,56.0,1.0,0.0178571428571429,68.0,1.0,0.0147058823529412,55.0,0.0,0.0
2020-05-20 00:00:00,4468,336,0.0752014324082364,4300.0,106.0,0.0246511627906977,101.0,16.0,0.1584158415841584,25.0,0.0,0.0,321.0,62.0,0.1931464174454829,81.0,6.0,0.0740740740740741,121.0,1.0,0.0082644628099174,82.0,0.0,0.0,90.0,39.0,0.4333333333333334,47.0,0.0,0.0,163.0,10.0,0.0613496932515337,173.0,5.0,0.0289017341040462,678.0,33.0,0.0486725663716814,368.0,9.0,0.0244565217391304,94.0,16.0,0.1702127659574468,47.0,1.0,0.0212765957446809,94.0,5.0,0.0531914893617021,91.0,3.0,0.032967032967032996,2276.0,132.0,0.0579964850615114,2738.0,70.0,0.0255661066471877,70.0,0.0,0.0,195.0,1.0,0.0051282051282051,9.0,1.0,0.1111111111111111,3.0,0.0,0.0,4.0,0.0,0.0,26.0,0.0,0.0,80.0,0.0,0.0,115.0,1.0,0.008695652173913,152.0,11.0,0.0723684210526316,46.0,1.0,0.0217391304347826,146.0,8.0,0.0547945205479452,55.0,1.0,0.0181818181818182
2020-05-19 00:00:00,5469,282,0.0515633571036753,4352.0,117.0,0.0268841911764706,79.0,9.0,0.1139240506329114,13.0,2.0,0.1538461538461539,248.0,35.0,0.1411290322580645,111.0,3.0,0.027027027027027,143.0,1.0,0.006993006993007,69.0,0.0,0.0,83.0,16.0,0.1927710843373494,52.0,0.0,0.0,258.0,18.0,0.0697674418604651,227.0,3.0,0.013215859030837,803.0,34.0,0.0423412204234122,396.0,13.0,0.0328282828282828,225.0,12.0,0.0533333333333333,54.0,0.0,0.0,100.0,3.0,0.03,73.0,3.0,0.0410958904109589,2707.0,133.0,0.0491318803103066,3040.0,88.0,0.0289473684210526,11.0,1.0,0.0909090909090909,8.0,1.0,0.125,9.0,0.0,0.0,3.0,0.0,0.0,12.0,1.0,0.0833333333333333,14.0,0.0,0.0,125.0,0.0,0.0,82.0,0.0,0.0,562.0,16.0,0.0284697508896797,53.0,0.0,0.0,39.0,1.0,0.0256410256410256,52.0,1.0,0.0192307692307692
2020-05-18 00:00:00,5927,381,0.0642820988695799,4537.0,121.0,0.0266696054661671,55.0,4.0,0.0727272727272727,10.0,0.0,0.0,288.0,40.0,0.1388888888888889,74.0,1.0,0.0135135135135135,157.0,3.0,0.0191082802547771,60.0,3.0,0.05,53.0,19.0,0.3584905660377358,62.0,1.0,0.0161290322580645,306.0,14.0,0.0457516339869281,252.0,5.0,0.0198412698412698,862.0,42.0,0.0487238979118329,451.0,9.0,0.0199556541019956,91.0,14.0,0.1538461538461539,81.0,0.0,0.0,87.0,1.0,0.0114942528735632,104.0,5.0,0.0480769230769231,3662.0,228.0,0.0622610595303113,3059.0,91.0,0.0297482837528604,6.0,1.0,0.1666666666666667,8.0,0.0,0.0,7.0,0.0,0.0,1.0,0.0,0.0,8.0,0.0,0.0,22.0,0.0,0.0,29.0,2.0,0.0689655172413793,63.0,1.0,0.0158730158730159,110.0,8.0,0.0727272727272727,85.0,1.0,0.0117647058823529,36.0,0.0,0.0,32.0,0.0,0.0
2020-05-17 00:00:00,2471,94,0.038041278834480004,1187.0,12.0,0.0101095197978096,15.0,1.0,0.0666666666666667,3.0,0.0,0.0,25.0,8.0,0.32,3.0,0.0,0.0,42.0,0.0,0.0,7.0,0.0,0.0,14.0,1.0,0.0714285714285714,1.0,0.0,0.0,165.0,1.0,0.0060606060606061,114.0,2.0,0.0175438596491228,330.0,15.0,0.0454545454545455,69.0,0.0,0.0,24.0,7.0,0.2916666666666667,1.0,0.0,0.0,43.0,1.0,0.0232558139534884,,,,1607.0,53.0,0.0329807093963908,953.0,9.0,0.0094438614900315,4.0,0.0,0.0,2.0,0.0,0.0,2.0,1.0,0.5,,,,2.0,0.0,0.0,1.0,0.0,0.0,109.0,1.0,0.0091743119266055,8.0,0.0,0.0,28.0,1.0,0.0357142857142857,4.0,0.0,0.0,10.0,0.0,0.0,7.0,0.0,0.0
2020-05-16 00:00:00,9175,363,0.0395640326975477,1673.0,36.0,0.0215182307232516,46.0,5.0,0.10869565217391301,2.0,0.0,0.0,809.0,68.0,0.0840543881334982,1.0,0.0,0.0,683.0,3.0,0.0043923865300146,6.0,0.0,0.0,44.0,10.0,0.2272727272727273,3.0,0.0,0.0,301.0,7.0,0.0232558139534884,122.0,2.0,0.0163934426229508,1196.0,34.0,0.028428093645485,96.0,3.0,0.03125,140.0,17.0,0.1214285714285714,2.0,0.0,0.0,293.0,2.0,0.0068259385665529,1.0,0.0,0.0,4893.0,195.0,0.0398528510116493,1394.0,30.0,0.0215208034433286,26.0,2.0,0.0769230769230769,,,,,,,,,,1.0,0.0,0.0,,,,21.0,0.0,0.0,14.0,0.0,0.0,158.0,9.0,0.0569620253164557,6.0,0.0,0.0,473.0,5.0,0.0105708245243129,9.0,0.0,0.0
2020-05-15 00:00:00,6844,394,0.0575686732904734,4417.0,131.0,0.0296581390083767,182.0,9.0,0.0494505494505495,4.0,0.0,0.0,403.0,34.0,0.0843672456575682,70.0,3.0,0.0428571428571429,220.0,4.0,0.0181818181818182,144.0,0.0,0.0,25.0,13.0,0.52,5.0,0.0,0.0,281.0,13.0,0.0462633451957295,242.0,12.0,0.0495867768595041,803.0,34.0,0.0423412204234122,419.0,16.0,0.0381861575178998,169.0,14.0,0.0828402366863905,17.0,2.0,0.1176470588235294,150.0,9.0,0.06,107.0,3.0,0.0280373831775701,3680.0,219.0,0.0595108695652174,3187.0,87.0,0.0272983997489802,20.0,0.0,0.0,6.0,0.0,0.0,3.0,0.0,0.0,3.0,0.0,0.0,7.0,0.0,0.0,2.0,0.0,0.0,65.0,0.0,0.0,77.0,0.0,0.0,566.0,36.0,0.0636042402826855,35.0,1.0,0.0285714285714286,100.0,0.0,0.0,35.0,1.0,0.0285714285714286
2020-05-14 00:00:00,5351,332,0.0620444776677257,3723.0,128.0,0.0343808756379264,102.0,17.0,0.1666666666666667,1.0,0.0,0.0,159.0,24.0,0.1509433962264151,83.0,2.0,0.0240963855421687,171.0,1.0,0.0058479532163743,78.0,6.0,0.0769230769230769,50.0,5.0,0.1,8.0,0.0,0.0,226.0,19.0,0.08407079646017701,181.0,5.0,0.0276243093922652,881.0,44.0,0.0499432463110102,353.0,17.0,0.0481586402266289,132.0,20.0,0.1515151515151515,16.0,2.0,0.125,79.0,2.0,0.0253164556962025,85.0,4.0,0.0470588235294118,3058.0,180.0,0.0588620013080445,2712.0,82.0,0.03023598820059,4.0,0.0,0.0,3.0,0.0,0.0,5.0,0.0,0.0,2.0,1.0,0.5,4.0,0.0,0.0,3.0,0.0,0.0,188.0,0.0,0.0,51.0,0.0,0.0,84.0,12.0,0.1428571428571429,24.0,4.0,0.1666666666666667,46.0,0.0,0.0,33.0,0.0,0.0
2020-05-13 00:00:00,5546,263,0.0474215650919582,3770.0,128.0,0.0339522546419098,88.0,8.0,0.0909090909090909,3.0,0.0,0.0,206.0,23.0,0.1116504854368932,166.0,3.0,0.0180722891566265,141.0,2.0,0.0141843971631206,117.0,3.0,0.0256410256410256,25.0,4.0,0.16,4.0,1.0,0.25,223.0,11.0,0.0493273542600897,326.0,13.0,0.0398773006134969,637.0,33.0,0.0518053375196232,384.0,14.0,0.0364583333333333,145.0,16.0,0.1103448275862069,12.0,0.0,0.0,92.0,3.0,0.0326086956521739,94.0,3.0,0.0319148936170213,3610.0,140.0,0.038781163434902996,2362.0,77.0,0.0325994919559695,13.0,2.0,0.1538461538461539,2.0,0.0,0.0,5.0,0.0,0.0,3.0,0.0,0.0,7.0,0.0,0.0,1.0,0.0,0.0,56.0,1.0,0.0178571428571429,51.0,3.0,0.0588235294117647,103.0,18.0,0.1747572815533981,37.0,0.0,0.0,34.0,0.0,0.0,33.0,2.0,0.0606060606060606
2020-05-12 00:00:00,6021,313,0.0519847201461551,3796.0,108.0,0.0284510010537408,99.0,9.0,0.0909090909090909,4.0,0.0,0.0,153.0,20.0,0.130718954248366,119.0,2.0,0.0168067226890756,140.0,2.0,0.0142857142857143,119.0,2.0,0.0168067226890756,20.0,3.0,0.15,3.0,0.0,0.0,268.0,6.0,0.0223880597014925,247.0,2.0,0.0080971659919028,720.0,32.0,0.0444444444444444,433.0,17.0,0.0392609699769053,94.0,22.0,0.2340425531914894,13.0,0.0,0.0,109.0,6.0,0.055045871559632996,57.0,0.0,0.0,4037.0,187.0,0.0463215258855586,2494.0,74.0,0.0296712109061748,30.0,12.0,0.4,2.0,0.0,0.0,4.0,0.0,0.0,1.0,0.0,0.0,7.0,0.0,0.0,6.0,0.0,0.0,55.0,0.0,0.0,34.0,1.0,0.0294117647058824,82.0,9.0,0.1097560975609756,35.0,2.0,0.0571428571428571,39.0,0.0,0.0,39.0,2.0,0.0512820512820513
2020-05-11 00:00:00,5635,338,0.0599822537710737,4073.0,123.0,0.030198870611342996,103.0,18.0,0.1747572815533981,,,,135.0,15.0,0.1111111111111111,103.0,3.0,0.029126213592232997,136.0,1.0,0.0073529411764706,260.0,3.0,0.0115384615384615,25.0,9.0,0.36,12.0,0.0,0.0,362.0,20.0,0.0552486187845304,335.0,5.0,0.0149253731343284,916.0,34.0,0.03711790393013101,508.0,15.0,0.0295275590551181,135.0,17.0,0.1259259259259259,17.0,0.0,0.0,91.0,6.0,0.0659340659340659,68.0,3.0,0.0441176470588235,3387.0,206.0,0.0608207853557721,2428.0,81.0,0.0333607907742998,5.0,0.0,0.0,1.0,0.0,0.0,1.0,0.0,0.0,3.0,0.0,0.0,6.0,0.0,0.0,3.0,0.0,0.0,34.0,1.0,0.0294117647058824,50.0,0.0,0.0,83.0,5.0,0.0602409638554217,35.0,3.0,0.0857142857142857,56.0,0.0,0.0,34.0,0.0,0.0
2020-05-10 00:00:00,1567,95,0.0606253988513082,435.0,8.0,0.0183908045977012,19.0,3.0,0.1578947368421053,,,,19.0,3.0,0.1578947368421053,2.0,0.0,0.0,35.0,0.0,0.0,2.0,0.0,0.0,3.0,0.0,0.0,1.0,0.0,0.0,88.0,1.0,0.0113636363636364,42.0,1.0,0.0238095238095238,223.0,14.0,0.062780269058296,58.0,1.0,0.0172413793103448,23.0,8.0,0.3478260869565218,1.0,0.0,0.0,25.0,1.0,0.04,,,,1013.0,59.0,0.0582428430404738,303.0,6.0,0.0198019801980198,2.0,0.0,0.0,2.0,0.0,0.0,2.0,0.0,0.0,,,,3.0,0.0,0.0,,,,17.0,0.0,0.0,10.0,0.0,0.0,27.0,3.0,0.1111111111111111,4.0,0.0,0.0,9.0,0.0,0.0,3.0,0.0,0.0
2020-05-09 00:00:00,8038,291,0.0362030355809903,942.0,21.0,0.0222929936305732,53.0,3.0,0.0566037735849057,1.0,0.0,0.0,748.0,47.0,0.0628342245989305,4.0,1.0,0.25,665.0,2.0,0.0030075187969925,8.0,0.0,0.0,10.0,4.0,0.4,2.0,0.0,0.0,190.0,7.0,0.0368421052631579,60.0,1.0,0.0166666666666667,706.0,32.0,0.0453257790368272,84.0,1.0,0.0119047619047619,154.0,3.0,0.0194805194805195,2.0,0.0,0.0,364.0,2.0,0.0054945054945055,13.0,3.0,0.2307692307692308,4286.0,170.0,0.0396640223985068,738.0,15.0,0.0203252032520325,5.0,0.0,0.0,,,,,,,,,,3.0,0.0,0.0,,,,16.0,0.0,0.0,10.0,0.0,0.0,266.0,18.0,0.0676691729323308,2.0,0.0,0.0,498.0,2.0,0.0040160642570281,7.0,0.0,0.0
2020-05-08 00:00:00,5433,237,0.0436223081170624,4884.0,121.0,0.0247747747747748,116.0,19.0,0.1637931034482759,1.0,0.0,0.0,61.0,11.0,0.18032786885245897,146.0,1.0,0.0068493150684932,128.0,2.0,0.015625,353.0,6.0,0.0169971671388102,29.0,0.0,0.0,3.0,0.0,0.0,268.0,18.0,0.0671641791044776,337.0,9.0,0.0267062314540059,691.0,24.0,0.0347322720694645,568.0,19.0,0.0334507042253521,60.0,10.0,0.1666666666666667,10.0,1.0,0.1,96.0,9.0,0.09375,50.0,1.0,0.02,3718.0,131.0,0.0352339967724583,3176.0,80.0,0.0251889168765743,13.0,0.0,0.0,8.0,0.0,0.0,3.0,0.0,0.0,2.0,0.0,0.0,7.0,0.0,0.0,6.0,0.0,0.0,64.0,0.0,0.0,36.0,0.0,0.0,74.0,7.0,0.0945945945945946,52.0,0.0,0.0,30.0,0.0,0.0,50.0,0.0,0.0
2020-05-07 00:00:00,5345,265,0.0495790458372311,4199.0,124.0,0.0295308406763515,62.0,4.0,0.0645161290322581,2.0,0.0,0.0,72.0,6.0,0.0833333333333333,189.0,1.0,0.0052910052910053,125.0,9.0,0.07200000000000001,238.0,2.0,0.0084033613445378,39.0,6.0,0.1538461538461539,4.0,0.0,0.0,222.0,11.0,0.0495495495495496,259.0,5.0,0.0193050193050193,963.0,25.0,0.0259605399792316,473.0,17.0,0.0359408033826638,58.0,11.0,0.1896551724137931,14.0,2.0,0.1428571428571429,90.0,7.0,0.0777777777777778,40.0,0.0,0.0,3494.0,172.0,0.0492272467086434,2672.0,80.0,0.029940119760479,5.0,0.0,0.0,1.0,0.0,0.0,,,,1.0,0.0,0.0,6.0,1.0,0.1666666666666667,2.0,0.0,0.0,59.0,0.0,0.0,20.0,0.0,0.0,55.0,7.0,0.1272727272727273,45.0,3.0,0.0666666666666667,29.0,0.0,0.0,26.0,1.0,0.0384615384615385
2020-05-06 00:00:00,4026,280,0.0695479384003974,4168.0,116.0,0.027831094049904,73.0,14.0,0.1917808219178082,4.0,0.0,0.0,59.0,13.0,0.2203389830508475,120.0,2.0,0.0166666666666667,103.0,0.0,0.0,263.0,4.0,0.0152091254752852,27.0,1.0,0.037037037037037,2.0,0.0,0.0,185.0,12.0,0.0648648648648649,216.0,6.0,0.0277777777777778,644.0,27.0,0.0419254658385093,347.0,13.0,0.037463976945245,73.0,21.0,0.2876712328767123,19.0,0.0,0.0,76.0,5.0,0.0657894736842105,65.0,3.0,0.0461538461538462,2442.0,166.0,0.06797706797706801,2591.0,73.0,0.0281744500192976,94.0,0.0,0.0,214.0,2.0,0.0093457943925234,3.0,0.0,0.0,,,,12.0,0.0,0.0,3.0,0.0,0.0,29.0,0.0,0.0,94.0,3.0,0.0319148936170213,76.0,16.0,0.2105263157894737,35.0,0.0,0.0,36.0,1.0,0.0277777777777778,31.0,0.0,0.0
2020-05-05 00:00:00,4134,270,0.0653120464441219,4115.0,127.0,0.0308626974483597,117.0,16.0,0.1367521367521368,1.0,1.0,1.0,62.0,6.0,0.0967741935483871,192.0,2.0,0.0104166666666667,90.0,3.0,0.0333333333333333,92.0,3.0,0.0326086956521739,10.0,2.0,0.2,2.0,0.0,0.0,239.0,15.0,0.0627615062761506,269.0,14.0,0.0520446096654275,753.0,36.0,0.047808764940239,419.0,17.0,0.0405727923627685,108.0,18.0,0.1666666666666667,9.0,0.0,0.0,71.0,6.0,0.0845070422535211,24.0,0.0,0.0,2442.0,155.0,0.0634725634725635,2843.0,71.0,0.0249736194161097,13.0,2.0,0.1538461538461539,1.0,0.0,0.0,4.0,0.0,0.0,2.0,0.0,0.0,20.0,0.0,0.0,8.0,0.0,0.0,28.0,2.0,0.0714285714285714,20.0,1.0,0.05,53.0,8.0,0.1509433962264151,36.0,3.0,0.0833333333333333,45.0,0.0,0.0,25.0,2.0,0.08
2020-05-04 00:00:00,4062,302,0.0743476120137863,4092.0,116.0,0.0283479960899316,74.0,10.0,0.1351351351351352,2.0,0.0,0.0,60.0,11.0,0.1833333333333333,216.0,2.0,0.0092592592592593,68.0,1.0,0.0147058823529412,154.0,7.0,0.0454545454545455,8.0,0.0,0.0,,,,242.0,26.0,0.1074380165289256,245.0,5.0,0.0204081632653061,715.0,36.0,0.0503496503496504,414.0,7.0,0.0169082125603865,112.0,18.0,0.1607142857142857,13.0,4.0,0.3076923076923077,77.0,8.0,0.1038961038961039,22.0,0.0,0.0,2420.0,172.0,0.0710743801652893,2806.0,82.0,0.0292230933713471,16.0,1.0,0.0625,2.0,0.0,0.0,3.0,0.0,0.0,4.0,0.0,0.0,16.0,0.0,0.0,2.0,0.0,0.0,24.0,1.0,0.0416666666666667,13.0,0.0,0.0,77.0,10.0,0.1298701298701299,29.0,0.0,0.0,38.0,0.0,0.0,34.0,0.0,0.0
2020-05-03 00:00:00,1102,79,0.0716878402903811,375.0,19.0,0.0506666666666667,29.0,4.0,0.1379310344827586,,,,19.0,5.0,0.2631578947368421,,,,25.0,3.0,0.12,3.0,0.0,0.0,3.0,0.0,0.0,2.0,0.0,0.0,62.0,1.0,0.0161290322580645,24.0,2.0,0.0833333333333333,209.0,17.0,0.0813397129186603,34.0,0.0,0.0,25.0,4.0,0.16,2.0,0.0,0.0,30.0,0.0,0.0,1.0,0.0,0.0,626.0,41.0,0.0654952076677316,285.0,17.0,0.0596491228070175,3.0,0.0,0.0,,,,3.0,0.0,0.0,,,,1.0,0.0,0.0,1.0,0.0,0.0,6.0,0.0,0.0,5.0,0.0,0.0,10.0,3.0,0.3,3.0,0.0,0.0,16.0,0.0,0.0,6.0,0.0,0.0
2020-05-02 00:00:00,4564,196,0.0429447852760736,472.0,11.0,0.0233050847457627,33.0,2.0,0.0606060606060606,,,,265.0,10.0,0.0377358490566038,,,,611.0,7.0,0.0114566284779051,8.0,0.0,0.0,12.0,1.0,0.0833333333333333,6.0,1.0,0.1666666666666667,167.0,8.0,0.0479041916167665,31.0,1.0,0.032258064516129,635.0,27.0,0.0425196850393701,55.0,0.0,0.0,25.0,3.0,0.12,2.0,1.0,0.5,177.0,4.0,0.0225988700564972,2.0,0.0,0.0,2253.0,110.0,0.0488237905015535,292.0,7.0,0.023972602739726002,5.0,0.0,0.0,1.0,0.0,0.0,2.0,0.0,0.0,,,,3.0,0.0,0.0,,,,16.0,0.0,0.0,9.0,0.0,0.0,271.0,19.0,0.0701107011070111,16.0,1.0,0.0625,13.0,0.0,0.0,2.0,0.0,0.0
2020-05-01 00:00:00,3723,231,0.0620467365028203,3596.0,159.0,0.0442157953281424,95.0,21.0,0.2210526315789474,,,,26.0,3.0,0.1153846153846154,32.0,1.0,0.03125,136.0,6.0,0.0441176470588235,57.0,1.0,0.0175438596491228,10.0,0.0,0.0,4.0,0.0,0.0,215.0,12.0,0.0558139534883721,238.0,4.0,0.0168067226890756,512.0,17.0,0.033203125,477.0,27.0,0.0566037735849057,134.0,21.0,0.1567164179104478,12.0,5.0,0.4166666666666667,101.0,5.0,0.0495049504950495,32.0,1.0,0.03125,2254.0,134.0,0.0594498669032831,2492.0,104.0,0.0417335473515249,6.0,1.0,0.1666666666666667,1.0,0.0,0.0,1.0,0.0,0.0,2.0,0.0,0.0,13.0,1.0,0.0769230769230769,4.0,0.0,0.0,21.0,1.0,0.0476190476190476,17.0,0.0,0.0,36.0,4.0,0.1111111111111111,56.0,5.0,0.0892857142857143,27.0,0.0,0.0,24.0,2.0,0.0833333333333333
2020-04-30 00:00:00,3124,245,0.0784250960307298,2941.0,87.0,0.0295817749064944,61.0,14.0,0.2295081967213115,2.0,0.0,0.0,10.0,2.0,0.2,20.0,1.0,0.05,108.0,9.0,0.0833333333333333,49.0,1.0,0.0204081632653061,13.0,1.0,0.0769230769230769,,,,191.0,18.0,0.0942408376963351,153.0,5.0,0.0326797385620915,454.0,20.0,0.0440528634361234,473.0,18.0,0.0380549682875264,51.0,13.0,0.2549019607843137,6.0,0.0,0.0,57.0,4.0,0.0701754385964912,28.0,0.0,0.0,1984.0,146.0,0.0735887096774194,2076.0,56.0,0.0269749518304432,9.0,0.0,0.0,,,,4.0,0.0,0.0,1.0,0.0,0.0,7.0,0.0,0.0,3.0,0.0,0.0,17.0,0.0,0.0,11.0,0.0,0.0,32.0,9.0,0.28125,50.0,3.0,0.06,35.0,1.0,0.0285714285714286,23.0,1.0,0.0434782608695652
2020-04-29 00:00:00,2867,225,0.0784792465992327,2654.0,90.0,0.0339110776186888,76.0,18.0,0.2368421052631579,,,,35.0,4.0,0.1142857142857143,29.0,1.0,0.0344827586206897,55.0,8.0,0.1454545454545455,28.0,1.0,0.0357142857142857,6.0,0.0,0.0,1.0,0.0,0.0,149.0,7.0,0.0469798657718121,101.0,3.0,0.0297029702970297,351.0,15.0,0.0427350427350427,469.0,24.0,0.0511727078891258,73.0,12.0,0.1643835616438356,10.0,1.0,0.1,62.0,3.0,0.0483870967741936,23.0,1.0,0.0434782608695652,1877.0,148.0,0.0788492274906766,1905.0,57.0,0.0299212598425197,3.0,1.0,0.3333333333333333,,,,1.0,0.0,0.0,4.0,0.0,0.0,23.0,1.0,0.0434782608695652,4.0,0.0,0.0,19.0,0.0,0.0,16.0,1.0,0.0625,27.0,5.0,0.1851851851851852,25.0,0.0,0.0,20.0,0.0,0.0,13.0,0.0,0.0
2020-04-28 00:00:00,2979,234,0.0785498489425982,1808.0,58.0,0.0320796460176991,99.0,21.0,0.2121212121212121,,,,14.0,0.0,0.0,26.0,0.0,0.0,52.0,1.0,0.0192307692307692,30.0,2.0,0.0666666666666667,5.0,0.0,0.0,3.0,0.0,0.0,174.0,10.0,0.0574712643678161,85.0,3.0,0.0352941176470588,327.0,15.0,0.0458715596330275,293.0,17.0,0.0580204778156997,77.0,22.0,0.2857142857142857,9.0,0.0,0.0,74.0,9.0,0.1216216216216216,36.0,1.0,0.0277777777777778,1983.0,141.0,0.0711043872919819,1275.0,34.0,0.0266666666666667,2.0,0.0,0.0,,,,1.0,0.0,0.0,,,,10.0,1.0,0.1,2.0,0.0,0.0,12.0,0.0,0.0,6.0,0.0,0.0,43.0,11.0,0.2558139534883721,12.0,0.0,0.0,10.0,0.0,0.0,8.0,1.0,0.125
2020-04-27 00:00:00,2604,279,0.1071428571428571,1122.0,44.0,0.0392156862745098,123.0,33.0,0.2682926829268293,1.0,0.0,0.0,19.0,1.0,0.0526315789473684,19.0,0.0,0.0,56.0,1.0,0.0178571428571429,29.0,1.0,0.0344827586206897,6.0,1.0,0.1666666666666667,1.0,0.0,0.0,168.0,27.0,0.1607142857142857,74.0,3.0,0.0405405405405405,285.0,15.0,0.0526315789473684,122.0,1.0,0.0081967213114754,66.0,17.0,0.2575757575757576,13.0,0.0,0.0,48.0,3.0,0.0625,8.0,0.0,0.0,1629.0,155.0,0.0951503990178023,816.0,38.0,0.0465686274509804,2.0,0.0,0.0,,,,1.0,0.0,0.0,1.0,0.0,0.0,18.0,0.0,0.0,,,,15.0,1.0,0.0666666666666667,3.0,0.0,0.0,46.0,15.0,0.3260869565217392,19.0,0.0,0.0,25.0,0.0,0.0,3.0,0.0,0.0
2020-04-26 00:00:00,627,73,0.1164274322169059,6.0,1.0,0.1666666666666667,49.0,15.0,0.3061224489795919,,,,2.0,0.0,0.0,,,,16.0,1.0,0.0625,,,,,,,,,,30.0,3.0,0.1,1.0,0.0,0.0,88.0,9.0,0.1022727272727273,2.0,0.0,0.0,25.0,5.0,0.2,,,,17.0,2.0,0.1176470588235294,,,,347.0,33.0,0.0951008645533141,3.0,1.0,0.3333333333333333,,,,,,,3.0,0.0,0.0,,,,2.0,0.0,0.0,,,,5.0,0.0,0.0,,,,12.0,4.0,0.3333333333333333,,,,7.0,0.0,0.0,,,
2020-04-25 00:00:00,805,97,0.1204968944099379,20.0,1.0,0.05,27.0,3.0,0.1111111111111111,,,,2.0,1.0,0.5,,,,14.0,2.0,0.1428571428571429,,,,2.0,0.0,0.0,,,,51.0,7.0,0.1372549019607843,,,,104.0,7.0,0.0673076923076923,4.0,0.0,0.0,19.0,7.0,0.368421052631579,,,,14.0,3.0,0.2142857142857143,,,,504.0,57.0,0.1130952380952381,15.0,1.0,0.0666666666666667,12.0,0.0,0.0,,,,,,,,,,3.0,1.0,0.3333333333333333,,,,5.0,1.0,0.2,,,,18.0,4.0,0.2222222222222222,,,,9.0,0.0,0.0,1.0,0.0,0.0
2020-04-24 00:00:00,2249,223,0.0991551800800356,142.0,2.0,0.0140845070422535,87.0,19.0,0.2183908045977012,,,,15.0,5.0,0.3333333333333333,1.0,0.0,0.0,51.0,1.0,0.0196078431372549,,,,6.0,0.0,0.0,,,,127.0,11.0,0.0866141732283465,12.0,0.0,0.0,302.0,22.0,0.0728476821192053,18.0,1.0,0.0555555555555556,82.0,15.0,0.1829268292682927,,,,66.0,17.0,0.2575757575757576,1.0,0.0,0.0,1356.0,116.0,0.0855457227138643,105.0,1.0,0.0095238095238095,18.0,0.0,0.0,,,,,,,,,,8.0,1.0,0.125,,,,14.0,0.0,0.0,,,,29.0,10.0,0.3448275862068966,1.0,0.0,0.0,19.0,1.0,0.0526315789473684,,,
2020-04-23 00:00:00,1952,129,0.0660860655737705,30.0,4.0,0.1333333333333333,101.0,12.0,0.1188118811881188,,,,15.0,2.0,0.1333333333333333,,,,68.0,0.0,0.0,,,,10.0,0.0,0.0,,,,109.0,6.0,0.055045871559632996,6.0,1.0,0.1666666666666667,278.0,24.0,0.0863309352517986,2.0,0.0,0.0,64.0,11.0,0.171875,1.0,0.0,0.0,32.0,3.0,0.09375,,,,1079.0,61.0,0.056533827618165,21.0,3.0,0.1428571428571429,9.0,0.0,0.0,,,,2.0,0.0,0.0,,,,6.0,0.0,0.0,,,,41.0,1.0,0.024390243902439,,,,56.0,4.0,0.0714285714285714,,,,26.0,0.0,0.0,,,
2020-04-22 00:00:00,1871,158,0.0844468198824158,18.0,0.0,0.0,79.0,27.0,0.3417721518987342,,,,11.0,3.0,0.2727272727272727,,,,51.0,1.0,0.0196078431372549,,,,7.0,0.0,0.0,,,,83.0,8.0,0.0963855421686747,,,,243.0,20.0,0.0823045267489712,1.0,0.0,0.0,57.0,16.0,0.2807017543859649,,,,23.0,0.0,0.0,,,,1178.0,70.0,0.0594227504244482,17.0,0.0,0.0,5.0,0.0,0.0,,,,2.0,0.0,0.0,,,,7.0,0.0,0.0,,,,6.0,0.0,0.0,,,,18.0,7.0,0.3888888888888889,,,,20.0,0.0,0.0,,,
2020-04-21 00:00:00,1767,166,0.0939445387662705,11.0,3.0,0.2727272727272727,72.0,9.0,0.125,,,,15.0,2.0,0.1333333333333333,,,,47.0,1.0,0.0212765957446809,,,,19.0,2.0,0.1052631578947368,,,,103.0,8.0,0.0776699029126214,,,,197.0,15.0,0.0761421319796954,,,,94.0,23.0,0.2446808510638298,,,,31.0,3.0,0.0967741935483871,,,,1021.0,88.0,0.0861900097943193,11.0,3.0,0.2727272727272727,5.0,0.0,0.0,,,,5.0,0.0,0.0,,,,2.0,0.0,0.0,,,,25.0,0.0,0.0,,,,28.0,5.0,0.1785714285714286,,,,30.0,2.0,0.0666666666666667,,,
2020-04-20 00:00:00,2013,266,0.1321410829607551,16.0,2.0,0.125,115.0,24.0,0.208695652173913,,,,24.0,8.0,0.3333333333333333,,,,56.0,0.0,0.0,1.0,0.0,0.0,15.0,3.0,0.2,,,,115.0,14.0,0.1217391304347826,,,,244.0,40.0,0.1639344262295082,,,,98.0,22.0,0.2244897959183674,,,,38.0,9.0,0.2368421052631579,1.0,0.0,0.0,1085.0,115.0,0.1059907834101383,13.0,2.0,0.1538461538461539,1.0,0.0,0.0,,,,2.0,0.0,0.0,,,,6.0,3.0,0.5,,,,24.0,1.0,0.0416666666666667,1.0,0.0,0.0,63.0,17.0,0.2698412698412699,,,,29.0,2.0,0.0689655172413793,,,
2020-04-19 00:00:00,619,100,0.1615508885298869,2.0,1.0,0.5,27.0,12.0,0.4444444444444444,,,,10.0,2.0,0.2,,,,22.0,0.0,0.0,1.0,1.0,1.0,1.0,0.0,0.0,,,,47.0,5.0,0.1063829787234043,,,,61.0,14.0,0.2295081967213115,,,,34.0,20.0,0.5882352941176472,,,,9.0,0.0,0.0,,,,350.0,40.0,0.1142857142857143,1.0,0.0,0.0,3.0,0.0,0.0,,,,2.0,0.0,0.0,,,,3.0,0.0,0.0,,,,1.0,0.0,0.0,,,,21.0,5.0,0.2380952380952381,,,,7.0,0.0,0.0,,,
2020-04-18 00:00:00,641,93,0.1450858034321373,4.0,1.0,0.25,16.0,4.0,0.25,,,,6.0,0.0,0.0,,,,19.0,1.0,0.0526315789473684,,,,1.0,0.0,0.0,,,,49.0,6.0,0.1224489795918367,,,,63.0,10.0,0.1587301587301587,,,,42.0,13.0,0.3095238095238096,,,,19.0,1.0,0.0526315789473684,1.0,0.0,0.0,360.0,45.0,0.125,3.0,1.0,0.3333333333333333,2.0,0.0,0.0,,,,,,,,,,,,,,,,8.0,0.0,0.0,,,,27.0,10.0,0.3703703703703704,,,,14.0,2.0,0.1428571428571429,,,
2020-04-17 00:00:00,1840,176,0.0956521739130435,13.0,4.0,0.3076923076923077,148.0,23.0,0.1554054054054054,,,,24.0,3.0,0.125,,,,40.0,0.0,0.0,,,,8.0,2.0,0.25,,,,103.0,13.0,0.1262135922330097,,,,213.0,28.0,0.1314553990610329,1.0,0.0,0.0,126.0,14.0,0.1111111111111111,,,,36.0,1.0,0.0277777777777778,,,,965.0,81.0,0.0839378238341969,11.0,3.0,0.2727272727272727,2.0,0.0,0.0,,,,3.0,0.0,0.0,,,,4.0,0.0,0.0,,,,17.0,0.0,0.0,,,,83.0,7.0,0.0843373493975904,1.0,1.0,1.0,21.0,3.0,0.1428571428571429,,,
2020-04-16 00:00:00,1728,183,0.1059027777777778,6.0,1.0,0.1666666666666667,82.0,14.0,0.1707317073170732,,,,20.0,0.0,0.0,,,,69.0,1.0,0.0144927536231884,1.0,0.0,0.0,2.0,1.0,0.5,,,,107.0,14.0,0.1308411214953271,1.0,0.0,0.0,266.0,57.0,0.2142857142857143,,,,78.0,20.0,0.2564102564102564,,,,28.0,3.0,0.1071428571428571,,,,938.0,61.0,0.0650319829424307,4.0,1.0,0.25,1.0,0.0,0.0,,,,1.0,0.0,0.0,,,,6.0,0.0,0.0,,,,32.0,1.0,0.03125,,,,34.0,7.0,0.2058823529411765,,,,25.0,2.0,0.08,,,
2020-04-15 00:00:00,1656,173,0.1044685990338164,6.0,3.0,0.5,123.0,27.0,0.2195121951219512,,,,20.0,1.0,0.05,,,,54.0,1.0,0.0185185185185185,,,,10.0,4.0,0.4,,,,112.0,13.0,0.1160714285714286,,,,210.0,25.0,0.1190476190476191,,,,76.0,11.0,0.1447368421052632,,,,31.0,0.0,0.0,,,,890.0,73.0,0.0820224719101124,6.0,3.0,0.5,,,,,,,3.0,0.0,0.0,,,,11.0,0.0,0.0,,,,9.0,0.0,0.0,,,,31.0,8.0,0.2580645161290323,,,,23.0,2.0,0.0869565217391304,,,
2020-04-14 00:00:00,1573,175,0.1112523839796567,4.0,0.0,0.0,62.0,17.0,0.2741935483870968,,,,14.0,0.0,0.0,,,,54.0,0.0,0.0,,,,3.0,1.0,0.3333333333333333,,,,102.0,13.0,0.1274509803921569,,,,173.0,29.0,0.1676300578034682,,,,67.0,14.0,0.20895522388059698,,,,21.0,1.0,0.0476190476190476,,,,913.0,73.0,0.0799561883899233,4.0,0.0,0.0,2.0,0.0,0.0,,,,5.0,0.0,0.0,,,,,,,,,,26.0,2.0,0.0769230769230769,,,,44.0,13.0,0.2954545454545455,,,,25.0,1.0,0.04,,,
2020-04-13 00:00:00,1699,213,0.1253678634490877,6.0,2.0,0.3333333333333333,74.0,14.0,0.1891891891891892,,,,16.0,2.0,0.125,,,,68.0,1.0,0.0147058823529412,,,,9.0,3.0,0.3333333333333333,,,,103.0,7.0,0.0679611650485437,,,,233.0,42.0,0.1802575107296138,,,,85.0,29.0,0.3411764705882353,,,,39.0,6.0,0.1538461538461539,,,,920.0,83.0,0.0902173913043478,6.0,2.0,0.3333333333333333,4.0,0.0,0.0,,,,7.0,0.0,0.0,,,,1.0,0.0,0.0,,,,11.0,0.0,0.0,,,,52.0,19.0,0.3653846153846154,,,,20.0,4.0,0.2,,,
2020-04-12 00:00:00,619,81,0.1308562197092084,1.0,0.0,0.0,27.0,9.0,0.3333333333333333,,,,11.0,2.0,0.1818181818181818,,,,11.0,0.0,0.0,,,,1.0,0.0,0.0,,,,42.0,5.0,0.1190476190476191,,,,67.0,18.0,0.2686567164179105,,,,36.0,18.0,0.5,,,,15.0,0.0,0.0,,,,297.0,19.0,0.063973063973064,1.0,0.0,0.0,3.0,1.0,0.3333333333333333,,,,,,,,,,,,,,,,61.0,0.0,0.0,,,,18.0,5.0,0.2777777777777778,,,,12.0,0.0,0.0,,,
2020-04-11 00:00:00,585,67,0.1145299145299145,1.0,0.0,0.0,22.0,6.0,0.2727272727272727,,,,10.0,2.0,0.2,,,,23.0,1.0,0.0434782608695652,,,,,,,,,,32.0,5.0,0.15625,,,,64.0,9.0,0.140625,,,,15.0,6.0,0.4,,,,14.0,0.0,0.0,,,,350.0,26.0,0.0742857142857143,1.0,0.0,0.0,,,,,,,,,,,,,1.0,0.0,0.0,,,,4.0,1.0,0.25,,,,19.0,8.0,0.4210526315789474,,,,5.0,1.0,0.2,,,
2020-04-10 00:00:00,1447,159,0.1098825155494126,4.0,0.0,0.0,51.0,15.0,0.2941176470588236,,,,27.0,0.0,0.0,,,,58.0,0.0,0.0,,,,3.0,0.0,0.0,,,,75.0,8.0,0.1066666666666667,,,,192.0,42.0,0.21875,,,,68.0,17.0,0.25,,,,33.0,5.0,0.1515151515151515,,,,815.0,58.0,0.0711656441717792,4.0,0.0,0.0,2.0,0.0,0.0,,,,1.0,0.0,0.0,,,,2.0,0.0,0.0,,,,8.0,0.0,0.0,,,,37.0,8.0,0.2162162162162162,,,,10.0,0.0,0.0,,,
2020-04-09 00:00:00,1574,172,0.1092757306226175,5.0,0.0,0.0,39.0,7.0,0.1794871794871795,,,,30.0,0.0,0.0,,,,75.0,2.0,0.0266666666666667,,,,5.0,0.0,0.0,,,,109.0,15.0,0.1376146788990826,,,,152.0,32.0,0.2105263157894737,,,,65.0,16.0,0.2461538461538462,,,,29.0,7.0,0.2413793103448276,,,,932.0,71.0,0.0761802575107296,5.0,0.0,0.0,2.0,0.0,0.0,,,,2.0,0.0,0.0,,,,3.0,0.0,0.0,,,,15.0,0.0,0.0,,,,38.0,13.0,0.3421052631578948,,,,22.0,3.0,0.1363636363636364,,,
2020-04-08 00:00:00,1443,172,0.1191961191961192,1.0,0.0,0.0,82.0,11.0,0.1341463414634147,,,,20.0,2.0,0.1,,,,52.0,1.0,0.0192307692307692,,,,5.0,1.0,0.2,,,,78.0,5.0,0.0641025641025641,,,,194.0,28.0,0.1443298969072165,1.0,0.0,0.0,72.0,26.0,0.3611111111111111,,,,30.0,3.0,0.1,,,,809.0,84.0,0.103831891223733,,,,1.0,0.0,0.0,,,,2.0,0.0,0.0,,,,4.0,0.0,0.0,,,,12.0,0.0,0.0,,,,22.0,8.0,0.3636363636363637,,,,19.0,0.0,0.0,,,
2020-04-07 00:00:00,1587,158,0.0995589161940769,1.0,1.0,1.0,66.0,6.0,0.0909090909090909,,,,8.0,1.0,0.125,,,,57.0,0.0,0.0,,,,7.0,1.0,0.1428571428571429,,,,101.0,3.0,0.0297029702970297,,,,204.0,25.0,0.1225490196078431,,,,58.0,22.0,0.3793103448275862,,,,34.0,3.0,0.0882352941176471,,,,946.0,81.0,0.0856236786469345,1.0,1.0,1.0,4.0,0.0,0.0,,,,4.0,1.0,0.25,,,,9.0,0.0,0.0,,,,8.0,0.0,0.0,,,,33.0,11.0,0.3333333333333333,,,,15.0,1.0,0.0666666666666667,,,
2020-04-06 00:00:00,1958,198,0.101123595505618,1.0,1.0,1.0,54.0,9.0,0.1666666666666667,,,,18.0,1.0,0.0555555555555556,,,,105.0,1.0,0.0095238095238095,,,,7.0,1.0,0.1428571428571429,,,,114.0,5.0,0.043859649122807,,,,230.0,33.0,0.1434782608695652,,,,80.0,25.0,0.3125,,,,36.0,3.0,0.0833333333333333,,,,1171.0,98.0,0.0836891545687447,1.0,1.0,1.0,7.0,1.0,0.1428571428571429,,,,3.0,0.0,0.0,,,,6.0,0.0,0.0,,,,17.0,0.0,0.0,,,,38.0,14.0,0.368421052631579,,,,27.0,2.0,0.0740740740740741,,,
2020-04-05 00:00:00,618,72,0.1165048543689321,,,,18.0,0.0,0.0,,,,8.0,1.0,0.125,,,,19.0,0.0,0.0,,,,,,,,,,28.0,5.0,0.1785714285714286,,,,65.0,14.0,0.2153846153846154,,,,23.0,5.0,0.2173913043478261,,,,13.0,0.0,0.0,,,,386.0,35.0,0.0906735751295337,,,,1.0,0.0,0.0,,,,,,,,,,,,,,,,6.0,0.0,0.0,,,,17.0,8.0,0.4705882352941176,,,,11.0,0.0,0.0,,,
2020-04-04 00:00:00,807,106,0.1313506815365551,,,,24.0,7.0,0.2916666666666667,,,,8.0,1.0,0.125,,,,30.0,2.0,0.0666666666666667,,,,6.0,1.0,0.1666666666666667,,,,45.0,7.0,0.1555555555555556,,,,96.0,16.0,0.1666666666666667,,,,33.0,9.0,0.2727272727272727,,,,11.0,0.0,0.0,,,,493.0,57.0,0.1156186612576065,,,,1.0,0.0,0.0,,,,,,,,,,2.0,0.0,0.0,,,,4.0,0.0,0.0,,,,14.0,4.0,0.2857142857142857,,,,17.0,0.0,0.0,,,
2020-04-03 00:00:00,1703,166,0.0974750440399295,,,,44.0,2.0,0.0454545454545455,,,,22.0,0.0,0.0,,,,82.0,1.0,0.0121951219512195,,,,2.0,0.0,0.0,,,,97.0,9.0,0.0927835051546392,,,,242.0,28.0,0.115702479338843,,,,70.0,23.0,0.3285714285714286,,,,43.0,3.0,0.0697674418604651,,,,987.0,83.0,0.0840932117527862,,,,,,,,,,,,,,,,2.0,0.0,0.0,,,,15.0,0.0,0.0,,,,31.0,12.0,0.3870967741935484,,,,25.0,0.0,0.0,,,
2020-04-02 00:00:00,1811,138,0.0762009939260077,1.0,0.0,0.0,24.0,2.0,0.0833333333333333,,,,20.0,0.0,0.0,,,,103.0,3.0,0.029126213592232997,,,,7.0,0.0,0.0,,,,109.0,7.0,0.0642201834862385,,,,205.0,26.0,0.1268292682926829,,,,65.0,12.0,0.1846153846153846,1.0,0.0,0.0,41.0,1.0,0.024390243902439,,,,1096.0,72.0,0.0656934306569343,,,,2.0,0.0,0.0,,,,2.0,0.0,0.0,,,,5.0,0.0,0.0,,,,16.0,0.0,0.0,,,,36.0,6.0,0.1666666666666667,,,,24.0,1.0,0.0416666666666667,,,
2020-04-01 00:00:00,1771,147,0.08300395256917,,,,35.0,2.0,0.0571428571428571,,,,27.0,2.0,0.0740740740740741,,,,90.0,5.0,0.0555555555555556,,,,8.0,1.0,0.125,,,,119.0,5.0,0.0420168067226891,,,,196.0,21.0,0.1071428571428571,,,,105.0,26.0,0.2476190476190477,,,,38.0,0.0,0.0,,,,1018.0,66.0,0.0648330058939096,,,,2.0,0.0,0.0,,,,,,,,,,11.0,0.0,0.0,,,,21.0,1.0,0.0476190476190476,,,,30.0,9.0,0.3,,,,24.0,3.0,0.125,,,
2020-03-31 00:00:00,1712,147,0.0858644859813084,,,,30.0,0.0,0.0,,,,15.0,0.0,0.0,,,,67.0,2.0,0.0298507462686567,,,,5.0,0.0,0.0,,,,135.0,12.0,0.0888888888888889,,,,182.0,27.0,0.1483516483516484,,,,70.0,15.0,0.2142857142857143,,,,46.0,2.0,0.0434782608695652,,,,1032.0,68.0,0.0658914728682171,,,,2.0,0.0,0.0,,,,2.0,0.0,0.0,,,,12.0,0.0,0.0,,,,5.0,0.0,0.0,,,,41.0,11.0,0.2682926829268293,,,,23.0,1.0,0.0434782608695652,,,
2020-03-30 00:00:00,1857,170,0.0915455035002693,,,,34.0,0.0,0.0,,,,32.0,3.0,0.09375,,,,91.0,7.0,0.0769230769230769,,,,8.0,0.0,0.0,,,,117.0,10.0,0.0854700854700855,,,,229.0,18.0,0.0786026200873363,,,,66.0,20.0,0.3030303030303031,,,,33.0,3.0,0.0909090909090909,,,,1105.0,87.0,0.0787330316742081,,,,4.0,0.0,0.0,,,,2.0,0.0,0.0,,,,9.0,0.0,0.0,,,,16.0,1.0,0.0625,,,,38.0,14.0,0.368421052631579,,,,23.0,1.0,0.0434782608695652,,,
2020-03-29 00:00:00,557,68,0.1220825852782765,,,,14.0,1.0,0.0714285714285714,,,,8.0,0.0,0.0,,,,16.0,3.0,0.1875,,,,,,,,,,35.0,1.0,0.0285714285714286,,,,57.0,8.0,0.1403508771929825,,,,32.0,11.0,0.34375,,,,13.0,0.0,0.0,,,,315.0,29.0,0.0920634920634921,,,,1.0,0.0,0.0,,,,,,,,,,2.0,0.0,0.0,,,,3.0,0.0,0.0,,,,21.0,6.0,0.2857142857142857,,,,11.0,0.0,0.0,,,
2020-03-28 00:00:00,928,98,0.1056034482758621,,,,19.0,1.0,0.0526315789473684,,,,8.0,1.0,0.125,,,,17.0,0.0,0.0,,,,3.0,0.0,0.0,,,,60.0,2.0,0.0333333333333333,,,,128.0,19.0,0.1484375,,,,30.0,7.0,0.2333333333333334,,,,11.0,1.0,0.0909090909090909,,,,578.0,53.0,0.0916955017301038,,,,,,,,,,,,,,,,,,,,,,4.0,0.0,0.0,,,,26.0,12.0,0.4615384615384616,,,,9.0,0.0,0.0,,,
2020-03-27 00:00:00,1850,117,0.0632432432432433,,,,27.0,2.0,0.0740740740740741,,,,8.0,0.0,0.0,,,,86.0,4.0,0.0465116279069767,,,,1.0,0.0,0.0,,,,131.0,2.0,0.0152671755725191,,,,266.0,17.0,0.0639097744360902,,,,41.0,8.0,0.1951219512195122,,,,41.0,2.0,0.0487804878048781,,,,1150.0,73.0,0.0634782608695652,,,,3.0,0.0,0.0,,,,2.0,1.0,0.5,,,,8.0,0.0,0.0,,,,16.0,0.0,0.0,,,,27.0,8.0,0.2962962962962963,,,,17.0,0.0,0.0,,,
2020-03-26 00:00:00,1903,140,0.0735680504466632,,,,25.0,1.0,0.04,,,,12.0,3.0,0.25,,,,111.0,6.0,0.0540540540540541,,,,5.0,0.0,0.0,,,,129.0,7.0,0.0542635658914729,,,,266.0,18.0,0.0676691729323308,,,,50.0,19.0,0.38,,,,39.0,3.0,0.0769230769230769,,,,1153.0,68.0,0.0589765828274068,,,,2.0,0.0,0.0,,,,2.0,0.0,0.0,,,,8.0,0.0,0.0,,,,13.0,0.0,0.0,,,,23.0,8.0,0.3478260869565218,,,,16.0,0.0,0.0,,,
2020-03-25 00:00:00,2169,142,0.0654679575841402,,,,40.0,2.0,0.05,,,,12.0,0.0,0.0,,,,57.0,2.0,0.0350877192982456,,,,10.0,0.0,0.0,,,,111.0,7.0,0.0630630630630631,,,,331.0,15.0,0.0453172205438066,,,,38.0,7.0,0.1842105263157895,,,,28.0,0.0,0.0,,,,1400.0,91.0,0.065,,,,5.0,0.0,0.0,,,,,,,,,,3.0,0.0,0.0,,,,19.0,0.0,0.0,,,,31.0,9.0,0.2903225806451613,,,,26.0,0.0,0.0,,,
2020-03-24 00:00:00,2050,131,0.0639024390243903,,,,24.0,0.0,0.0,,,,14.0,1.0,0.0714285714285714,,,,65.0,2.0,0.0307692307692308,,,,8.0,0.0,0.0,,,,95.0,7.0,0.0736842105263158,,,,297.0,23.0,0.0774410774410774,,,,48.0,2.0,0.0416666666666667,,,,45.0,1.0,0.0222222222222222,,,,1325.0,84.0,0.0633962264150943,,,,2.0,1.0,0.5,,,,3.0,0.0,0.0,,,,8.0,0.0,0.0,,,,18.0,1.0,0.0555555555555556,,,,32.0,6.0,0.1875,,,,25.0,1.0,0.04,,,
2020-03-23 00:00:00,2033,139,0.0683718642400394,,,,39.0,2.0,0.0512820512820513,,,,15.0,1.0,0.0666666666666667,,,,68.0,0.0,0.0,,,,6.0,0.0,0.0,,,,77.0,4.0,0.051948051948052,,,,333.0,23.0,0.0690690690690691,,,,36.0,2.0,0.0555555555555556,,,,40.0,4.0,0.1,,,,1295.0,93.0,0.0718146718146718,,,,3.0,0.0,0.0,,,,5.0,0.0,0.0,,,,6.0,0.0,0.0,,,,8.0,0.0,0.0,,,,34.0,5.0,0.1470588235294118,,,,24.0,0.0,0.0,,,
2020-03-22 00:00:00,546,43,0.0787545787545788,,,,24.0,0.0,0.0,,,,5.0,0.0,0.0,,,,10.0,1.0,0.1,,,,1.0,0.0,0.0,,,,30.0,2.0,0.0666666666666667,,,,98.0,9.0,0.0918367346938776,,,,20.0,2.0,0.1,,,,35.0,0.0,0.0,,,,278.0,22.0,0.079136690647482,,,,1.0,0.0,0.0,,,,,,,,,,,,,,,,2.0,0.0,0.0,,,,9.0,2.0,0.2222222222222222,,,,6.0,1.0,0.1666666666666667,,,
2020-03-21 00:00:00,615,43,0.0699186991869919,,,,16.0,1.0,0.0625,,,,1.0,0.0,0.0,,,,18.0,0.0,0.0,,,,4.0,1.0,0.25,,,,24.0,1.0,0.0416666666666667,,,,97.0,5.0,0.0515463917525773,,,,30.0,7.0,0.2333333333333334,,,,4.0,0.0,0.0,,,,351.0,22.0,0.0626780626780627,,,,2.0,0.0,0.0,,,,,,,,,,2.0,0.0,0.0,,,,4.0,0.0,0.0,,,,37.0,1.0,0.027027027027027,,,,4.0,0.0,0.0,,,
2020-03-20 00:00:00,1561,92,0.0589365791159513,,,,88.0,2.0,0.0227272727272727,,,,10.0,1.0,0.1,,,,67.0,1.0,0.0149253731343284,,,,5.0,0.0,0.0,,,,71.0,2.0,0.028169014084507005,,,,275.0,14.0,0.0509090909090909,,,,42.0,5.0,0.1190476190476191,,,,10.0,0.0,0.0,,,,880.0,59.0,0.0670454545454546,,,,,,,,,,1.0,0.0,0.0,,,,8.0,0.0,0.0,,,,9.0,0.0,0.0,,,,35.0,2.0,0.0571428571428571,,,,13.0,0.0,0.0,,,
2020-03-19 00:00:00,1371,65,0.0474106491611962,,,,56.0,0.0,0.0,,,,2.0,0.0,0.0,,,,58.0,1.0,0.0172413793103448,,,,4.0,0.0,0.0,,,,76.0,1.0,0.0131578947368421,,,,219.0,7.0,0.0319634703196347,,,,48.0,5.0,0.1041666666666667,,,,20.0,0.0,0.0,,,,822.0,46.0,0.0559610705596107,,,,2.0,0.0,0.0,,,,2.0,0.0,0.0,,,,3.0,0.0,0.0,,,,6.0,0.0,0.0,,,,25.0,3.0,0.12,,,,4.0,1.0,0.25,,,
2020-03-18 00:00:00,1213,52,0.0428689200329761,,,,20.0,1.0,0.05,,,,12.0,1.0,0.0833333333333333,,,,37.0,0.0,0.0,,,,3.0,0.0,0.0,,,,79.0,4.0,0.0506329113924051,,,,199.0,6.0,0.0301507537688442,,,,21.0,3.0,0.1428571428571429,,,,22.0,0.0,0.0,,,,775.0,31.0,0.04,,,,2.0,0.0,0.0,,,,,,,,,,3.0,0.0,0.0,,,,4.0,0.0,0.0,,,,8.0,2.0,0.25,,,,7.0,0.0,0.0,,,
2020-03-17 00:00:00,1143,69,0.0603674540682415,,,,17.0,2.0,0.1176470588235294,,,,7.0,0.0,0.0,,,,51.0,0.0,0.0,,,,6.0,0.0,0.0,,,,70.0,6.0,0.0857142857142857,,,,162.0,7.0,0.0432098765432099,,,,75.0,13.0,0.1733333333333334,,,,12.0,0.0,0.0,,,,686.0,37.0,0.053935860058309006,,,,,,,,,,5.0,0.0,0.0,,,,4.0,0.0,0.0,,,,5.0,0.0,0.0,,,,11.0,3.0,0.2727272727272727,,,,6.0,0.0,0.0,,,
2020-03-16 00:00:00,881,41,0.0465380249716232,,,,5.0,0.0,0.0,,,,4.0,0.0,0.0,,,,47.0,1.0,0.0212765957446809,,,,1.0,0.0,0.0,,,,41.0,2.0,0.0487804878048781,,,,129.0,6.0,0.0465116279069767,,,,15.0,0.0,0.0,,,,24.0,1.0,0.0416666666666667,,,,568.0,27.0,0.0475352112676056,,,,,,,,,,8.0,0.0,0.0,,,,4.0,0.0,0.0,,,,3.0,0.0,0.0,,,,13.0,4.0,0.3076923076923077,,,,5.0,0.0,0.0,,,
2020-03-15 00:00:00,248,14,0.0564516129032258,,,,1.0,0.0,0.0,,,,,,,,,,4.0,0.0,0.0,,,,,,,,,,14.0,1.0,0.0714285714285714,,,,22.0,2.0,0.0909090909090909,,,,2.0,0.0,0.0,,,,17.0,0.0,0.0,,,,163.0,9.0,0.0552147239263804,,,,1.0,0.0,0.0,,,,,,,,,,,,,,,,5.0,0.0,0.0,,,,9.0,1.0,0.1111111111111111,,,,2.0,0.0,0.0,,,
2020-03-14 00:00:00,212,12,0.0566037735849057,,,,2.0,0.0,0.0,,,,,,,,,,4.0,0.0,0.0,,,,,,,,,,14.0,0.0,0.0,,,,27.0,4.0,0.1481481481481482,,,,4.0,3.0,0.75,,,,10.0,0.0,0.0,,,,140.0,5.0,0.0357142857142857,,,,1.0,0.0,0.0,,,,,,,,,,3.0,0.0,0.0,,,,,,,,,,,,,,,,,,,,,
2020-03-13 00:00:00,384,6,0.015625,,,,5.0,0.0,0.0,,,,4.0,0.0,0.0,,,,5.0,0.0,0.0,,,,1.0,0.0,0.0,,,,26.0,2.0,0.0769230769230769,,,,73.0,1.0,0.0136986301369863,,,,7.0,0.0,0.0,,,,12.0,0.0,0.0,,,,229.0,3.0,0.0131004366812227,,,,,,,,,,2.0,0.0,0.0,,,,2.0,0.0,0.0,,,,2.0,0.0,0.0,,,,9.0,0.0,0.0,,,,3.0,0.0,0.0,,,
2020-03-12 00:00:00,277,7,0.0252707581227437,,,,4.0,0.0,0.0,,,,1.0,0.0,0.0,,,,6.0,0.0,0.0,,,,2.0,0.0,0.0,,,,31.0,1.0,0.032258064516129,,,,54.0,0.0,0.0,,,,4.0,0.0,0.0,,,,8.0,0.0,0.0,,,,144.0,5.0,0.0347222222222222,,,,,,,,,,3.0,0.0,0.0,,,,3.0,0.0,0.0,,,,1.0,0.0,0.0,,,,7.0,0.0,0.0,,,,3.0,0.0,0.0,,,
2020-03-11 00:00:00,88,2,0.0227272727272727,,,,,,,,,,2.0,0.0,0.0,,,,1.0,0.0,0.0,,,,1.0,0.0,0.0,,,,4.0,0.0,0.0,,,,29.0,1.0,0.0344827586206897,,,,4.0,0.0,0.0,,,,1.0,0.0,0.0,,,,43.0,1.0,0.0232558139534884,,,,,,,,,,1.0,0.0,0.0,,,,,,,,,,,,,,,,2.0,0.0,0.0,,,,,,,,,
2020-03-10 00:00:00,40,0,0.0,,,,2.0,0.0,0.0,,,,,,,,,,,,,,,,,,,,,,2.0,0.0,0.0,,,,6.0,0.0,0.0,,,,4.0,0.0,0.0,,,,,,,,,,23.0,0.0,0.0,,,,,,,,,,1.0,0.0,0.0,,,,1.0,0.0,0.0,,,,,,,,,,,,,,,,1.0,0.0,0.0,,,
2020-03-09 00:00:00,40,1,0.025,,,,,,,,,,,,,,,,4.0,0.0,0.0,,,,,,,,,,5.0,1.0,0.2,,,,3.0,0.0,0.0,,,,,,,,,,,,,,,,23.0,0.0,0.0,,,,,,,,,,,,,,,,,,,,,,2.0,0.0,0.0,,,,2.0,0.0,0.0,,,,1.0,0.0,0.0,,,
2020-03-08 00:00:00,7,0,0.0,,,,,,,,,,,,,,,,,,,,,,,,,,,,,,,,,,1.0,0.0,0.0,,,,2.0,0.0,0.0,,,,,,,,,,3.0,0.0,0.0,,,,,,,,,,,,,,,,,,,,,,,,,,,,1.0,0.0,0.0,,,,,,,,,
2020-03-07 00:00:00,2,0,0.0,,,,,,,,,,,,,,,,,,,,,,,,,,,,,,,,,,,,,,,,,,,,,,,,,,,,2.0,0.0,0.0,,,,,,,,,,,,,,,,,,,,,,,,,,,,,,,,,,,,,,,
2020-03-06 00:00:00,17,1,0.0588235294117647,,,,,,,,,,,,,,,,,,,,,,,,,,,,2.0,1.0,0.5,,,,1.0,0.0,0.0,,,,,,,,,,,,,,,,10.0,0.0,0.0,,,,,,,,,,,,,,,,1.0,0.0,0.0,,,,,,,,,,,,,,,,3.0,0.0,0.0,,,
2020-03-05 00:00:00,6,0,0.0,,,,,,,,,,,,,,,,,,,,,,,,,,,,1.0,0.0,0.0,,,,,,,,,,,,,,,,2.0,0.0,0.0,,,,3.0,0.0,0.0,,,,,,,,,,,,,,,,,,,,,,,,,,,,,,,,,,,,,,,
2020-03-04 00:00:00,9,1,0.1111111111111111,,,,,,,,,,,,,,,,,,,,,,,,,,,,,,,,,,2.0,1.0,0.5,,,,,,,,,,,,,,,,7.0,0.0,0.0,,,,,,,,,,,,,,,,,,,,,,,,,,,,,,,,,,,,,,,
2020-03-03 00:00:00,1,0,0.0,,,,,,,,,,,,,,,,,,,,,,,,,,,,,,,,,,,,,,,,,,,,,,,,,,,,1.0,0.0,0.0,,,,,,,,,,,,,,,,,,,,,,,,,,,,,,,,,,,,,,,
2020-03-02 00:00:00,3,2,0.6666666666666666,,,,,,,,,,1.0,0.0,0.0,,,,1.0,1.0,1.0,,,,,,,,,,,,,,,,,,,,,,,,,,,,,,,,,,1.0,1.0,1.0,,,,,,,,,,,,,,,,,,,,,,,,,,,,,,,,,,,,,,,
2020-03-01 00:00:00,3,0,0.0,,,,,,,,,,,,,,,,,,,,,,,,,,,,1.0,0.0,0.0,,,,1.0,0.0,0.0,,,,,,,,,,,,,,,,1.0,0.0,0.0,,,,,,,,,,,,,,,,,,,,,,,,,,,,,,,,,,,,,,,
2020-02-29 00:00:00,1,1,1.0,,,,,,,,,,1.0,1.0,1.0,,,,,,,,,,,,,,,,,,,,,,,,,,,,,,,,,,,,,,,,,,,,,,,,,,,,,,,,,,,,,,,,,,,,,,,,,,,,,,,,,
2020-02-28 00:00:00,1,0,0.0,,,,,,,,,,,,,,,,,,,,,,,,,,,,,,,,,,,,,,,,,,,,,,,,,,,,1.0,0.0,0.0,,,,,,,,,,,,,,,,,,,,,,,,,,,,,,,,,,,,,,,
2020-02-27 00:00:00,5,2,0.4,,,,,,,,,,,,,,,,1.0,0.0,0.0,,,,,,,,,,,,,,,,1.0,0.0,0.0,,,,,,,,,,,,,,,,3.0,2.0,0.6666666666666666,,,,,,,,,,,,,,,,,,,,,,,,,,,,,,,,,,,,,,,
2020-02-26 00:00:00,5,0,0.0,,,,,,,,,,,,,,,,,,,,,,,,,,,,,,,,,,1.0,0.0,0.0,,,,,,,,,,,,,,,,4.0,0.0,0.0,,,,,,,,,,,,,,,,,,,,,,,,,,,,,,,,,,,,,,,
2020-02-25 00:00:00,8,1,0.125,,,,,,,,,,,,,,,,,,,,,,,,,,,,3.0,0.0,0.0,,,,,,,,,,,,,,,,,,,,,,5.0,1.0,0.2,,,,,,,,,,,,,,,,,,,,,,,,,,,,,,,,,,,,,,,
2020-02-24 00:00:00,1,0,0.0,,,,,,,,,,,,,,,,,,,,,,,,,,,,,,,,,,,,,,,,,,,,,,,,,,,,1.0,0.0,0.0,,,,,,,,,,,,,,,,,,,,,,,,,,,,,,,,,,,,,,,
2020-02-23 00:00:00,4,0,0.0,,,,1.0,0.0,0.0,,,,,,,,,,,,,,,,,,,,,,,,,,,,1.0,0.0,0.0,,,,,,,,,,,,,,,,2.0,0.0,0.0,,,,,,,,,,,,,,,,,,,,,,,,,,,,,,,,,,,,,,,
2020-02-15 00:00:00,1,0,0.0,,,,,,,,,,,,,,,,,,,,,,,,,,,,,,,,,,,,,,,,,,,,,,,,,,,,,,,,,,,,,,,,,,,,,,,,,,,,,,,,,,,,,,,,,,,,,
2020-02-11 00:00:00,1,0,0.0,,,,,,,,,,,,,,,,,,,,,,,,,,,,,,,,,,,,,,,,,,,,,,,,,,,,,,,,,,,,,,,,,,,,,,,,,,,,,,,,,,,,,,,,,,,,,
2020-02-08 00:00:00,2,0,0.0,,,,,,,,,,,,,,,,,,,,,,,,,,,,,,,,,,1.0,0.0,0.0,,,,,,,,,,,,,,,,1.0,0.0,0.0,,,,,,,,,,,,,,,,,,,,,,,,,,,,,,,,,,,,,,,
2020-02-03 00:00:00,3,1,0.3333333333333333,,,,,,,,,,,,,,,,,,,,,,,,,,,,,,,,,,1.0,0.0,0.0,,,,,,,,,,,,,,,,2.0,1.0,0.5,,,,,,,,,,,,,,,,,,,,,,,,,,,,,,,,,,,,,,,
2020-02-01 00:00:00,1,0,0.0,,,,,,,,,,,,,,,,,,,,,,,,,,,,,,,,,,1.0,0.0,0.0,,,,,,,,,,,,,,,,,,,,,,,,,,,,,,,,,,,,,,,,,,,,,,,,,,,,,,,,,
