date,Yuma_cume,Yuma
1/1/2021,6,
1/10/2021,7,1
1/11/2021,8,1
1/12/2021,9,1
1/13/2021,10,1
1/14/2021,12,2
1/15/2021,19,7
1/16/2021,49,30
1/17/2021,52,3
1/18/2021,54,2
1/19/2021,230,176
1/2/2021,929,699
1/20/2021,1686,757
1/21/2021,1924,238
1/22/2021,2028,104
1/23/2021,2029,1
1/24/2021,2459,430
1/25/2021,2819,360
1/26/2021,3255,436
1/27/2021,3348,93
1/28/2021,3390,42
1/29/2021,3393,3
1/3/2021,3394,1
1/30/2021,3614,220
1/31/2021,3945,331
1/4/2021,4431,486
1/5/2021,4660,229
1/6/2021,4986,326
1/7/2021,5000,14
1/8/2021,5015,15
1/9/2021,5695,680
10/1/2021,6377,682
10/2/2021,7129,752
10/3/2021,7315,186
10/4/2021,7508,193
10/5/2021,7509,1
10/6/2021,7510,1
12/1/2020,7547,37
12/10/2020,7938,391
12/12/2020,8516,578
12/16/2020,10309,1793
12/17/2020,11893,1584
12/19/2020,12038,145
12/20/2020,12052,14
12/21/2020,12489,437
12/22/2020,13343,854
12/23/2020,14748,1405
12/24/2020,16822,2074
12/26/2020,18896,2074
12/27/2020,20099,1203
12/28/2020,20112,13
12/29/2020,21006,894
12/3/2020,22089,1083
12/30/2020,23598,1509
12/31/2020,24612,1014
12/4/2020,25319,707
12/8/2020,25362,43
2/1/2021,25384,22
2/10/2021,25667,283
2/11/2021,26515,848
2/12/2021,28879,2364
2/13/2021,31355,2476
2/14/2021,33242,1887
2/15/2021,34112,870
2/16/2021,34115,3
2/17/2021,34231,116
2/18/2021,34491,260
2/19/2021,34827,336
2/2/2021,35455,628
2/20/2021,36314,859
2/21/2021,36694,380
2/22/2021,36704,10
2/23/2021,36748,44
2/24/2021,37949,1201
2/25/2021,40584,2635
2/26/2021,43750,3166
2/27/2021,46506,2756
2/28/2021,47351,845
2/3/2021,47703,352
2/4/2021,49624,1921
2/5/2021,50998,1374
2/6/2021,52277,1279
2/7/2021,55161,2884
2/8/2021,58804,3643
2/9/2021,59035,231
3/1/2021,59213,178
3/10/2021,60240,1027
3/11/2021,62422,2182
3/12/2021,64395,1973
3/13/2021,67823,3428
3/14/2021,71017,3194
3/15/2021,72654,1637
3/16/2021,72858,204
3/17/2021,73716,858
3/18/2021,75336,1620
3/19/2021,77451,2115
3/2/2021,81410,3959
3/20/2021,84579,3169
3/21/2021,85922,1343
3/22/2021,86273,351
3/23/2021,86827,554
3/24/2021,88341,1514
3/25/2021,90702,2361
3/26/2021,93040,2338
3/27/2021,95298,2258
3/28/2021,95907,609
3/29/2021,96160,253
3/3/2021,96778,618
3/30/2021,99621,2843
3/31/2021,102649,3028
3/4/2021,105598,2949
3/5/2021,107517,1919
3/6/2021,108279,762
3/7/2021,108975,696
3/8/2021,110409,1434
3/9/2021,112633,2224
4/1/2021,115090,2457
4/10/2021,117976,2886
4/11/2021,120026,2050
4/12/2021,120574,548
4/13/2021,120790,216
4/14/2021,121443,653
4/15/2021,122491,1048
4/16/2021,125174,2683
4/17/2021,128213,3039
4/18/2021,131335,3122
4/19/2021,132092,757
4/2/2021,132665,573
4/20/2021,134269,1604
4/21/2021,136259,1990
4/22/2021,137869,1610
4/23/2021,139273,1404
4/24/2021,141229,1956
4/25/2021,141559,330
4/26/2021,141750,191
4/27/2021,142300,550
4/28/2021,145439,3139
4/29/2021,147379,1940
4/3/2021,149190,1811
4/30/2021,150724,1534
4/4/2021,150976,252
4/5/2021,151159,183
4/6/2021,152038,879
4/7/2021,153638,1600
4/8/2021,154852,1214
4/9/2021,156381,1529
5/1/2021,157565,1184
5/10/2021,157832,267
5/11/2021,157958,126
5/12/2021,158485,527
5/13/2021,159233,748
5/14/2021,160654,1421
5/15/2021,161798,1144
5/16/2021,162966,1168
5/17/2021,163673,707
5/18/2021,163854,181
5/19/2021,164796,942
5/2/2021,165644,848
5/20/2021,166278,634
5/21/2021,166929,651
5/22/2021,167602,673
5/23/2021,167856,254
5/24/2021,168033,177
5/25/2021,168560,527
5/26/2021,169422,862
5/27/2021,170098,676
5/28/2021,171024,926
5/29/2021,171863,839
5/3/2021,172097,234
5/30/2021,172257,160
5/31/2021,172391,134
5/4/2021,173146,755
5/5/2021,173902,756
5/6/2021,174562,660
5/7/2021,175241,679
5/8/2021,175768,527
5/9/2021,175903,135
6/1/2021,176492,589
6/10/2021,177205,713
6/11/2021,178029,824
6/12/2021,178824,795
6/13/2021,179640,816
6/14/2021,179842,202
6/15/2021,179950,108
6/16/2021,180558,608
6/17/2021,181304,746
6/18/2021,181826,522
6/19/2021,182380,554
6/2/2021,182844,464
6/20/2021,183004,160
6/21/2021,183105,101
6/22/2021,183543,438
6/23/2021,184530,987
6/24/2021,186005,1475
6/25/2021,187395,1390
6/26/2021,187986,591
6/27/2021,188147,161
6/28/2021,188244,97
6/29/2021,188708,464
6/3/2021,189504,796
6/30/2021,190229,725
6/4/2021,191060,831
6/5/2021,191561,501
6/6/2021,191711,150
6/7/2021,191736,25
6/8/2021,191924,188
6/9/2021,192457,533
7/1/2021,192999,542
7/10/2021,193484,485
7/11/2021,193975,491
7/12/2021,194165,190
7/13/2021,194235,70
7/14/2021,194747,512
7/15/2021,195213,466
7/16/2021,195692,479
7/17/2021,196136,444
7/18/2021,196646,510
7/19/2021,196841,195
7/2/2021,196948,107
7/20/2021,197380,432
7/21/2021,197861,481
7/22/2021,198322,461
7/23/2021,198840,518
7/24/2021,199379,539
7/25/2021,199629,250
7/26/2021,199715,86
7/27/2021,200256,541
7/28/2021,200889,633
7/29/2021,201511,622
7/3/2021,202098,587
7/30/2021,202698,600
7/31/2021,202935,237
7/4/2021,203038,103
7/5/2021,203506,468
7/6/2021,204098,592
7/7/2021,204734,636
7/8/2021,205223,489
7/9/2021,205894,671
8/1/2021,206202,308
8/10/2021,206364,162
8/11/2021,207066,702
8/12/2021,208199,1133
8/13/2021,208871,672
8/14/2021,209502,631
8/15/2021,211118,1616
8/16/2021,211434,316
8/17/2021,211609,175
8/18/2021,212350,741
8/19/2021,212997,647
8/2/2021,213743,746
8/20/2021,214372,629
8/21/2021,215096,724
8/22/2021,215352,256
8/23/2021,215505,153
8/24/2021,216116,611
8/25/2021,216762,646
8/26/2021,217386,624
8/27/2021,218056,670
8/28/2021,218794,738
8/29/2021,219022,228
8/3/2021,219193,171
8/30/2021,219784,591
8/31/2021,220320,536
8/4/2021,220881,561
8/5/2021,221600,719
8/6/2021,222335,735
8/7/2021,222551,216
8/8/2021,222734,183
8/9/2021,222840,106
9/1/2021,223371,531
9/10/2021,223890,519
9/11/2021,224373,483
9/12/2021,225079,706
9/13/2021,225355,276
9/14/2021,225482,127
9/15/2021,225941,459
9/16/2021,226358,417
9/17/2021,226781,423
9/18/2021,227160,379
9/19/2021,227781,621
9/2/2021,228002,221
9/20/2021,228130,128
9/21/2021,228437,307
9/22/2021,228849,412
9/23/2021,229300,451
9/24/2021,229623,323
9/25/2021,230127,504
9/26/2021,230395,268
9/27/2021,230542,147
9/28/2021,230888,346
9/29/2021,231219,331
9/3/2021,231504,285
9/30/2021,232070,566
9/4/2021,232539,469
9/5/2021,232723,184
9/6/2021,232812,89
9/7/2021,233104,292
9/8/2021,233383,279
9/9/2021,233661,278
