date,Mohave_cume,Mohave
1/1/2021,54,
1/10/2021,287,233
1/11/2021,443,156
1/12/2021,623,180
1/13/2021,684,61
1/14/2021,1013,329
1/15/2021,1431,418
1/16/2021,1798,367
1/17/2021,2099,301
1/18/2021,2153,54
1/19/2021,2202,49
1/2/2021,2232,30
1/20/2021,2471,239
1/21/2021,2623,152
1/22/2021,2960,337
1/23/2021,3256,296
1/24/2021,3583,327
1/25/2021,3660,77
1/26/2021,3714,54
1/27/2021,3946,232
1/28/2021,4271,325
1/29/2021,4628,357
1/3/2021,5069,441
1/30/2021,5650,581
1/31/2021,5805,155
1/4/2021,5845,40
1/5/2021,6230,385
1/6/2021,6565,335
1/7/2021,7210,645
1/8/2021,7676,466
1/9/2021,8220,544
12/22/2020,9028,808
12/23/2020,9735,707
12/24/2020,10435,700
12/26/2020,11194,759
12/27/2020,12161,967
12/28/2020,13197,1036
12/29/2020,13898,701
12/30/2020,14581,683
12/31/2020,15152,571
2/1/2021,15843,691
2/10/2021,16485,642
2/11/2021,17878,1393
2/12/2021,18690,812
2/13/2021,19479,789
2/14/2021,19797,318
2/15/2021,19947,150
2/16/2021,20396,449
2/17/2021,20874,478
2/18/2021,21948,1074
2/19/2021,22629,681
2/2/2021,23757,1128
2/20/2021,24284,527
2/21/2021,24414,130
2/22/2021,25038,624
2/23/2021,25635,597
2/24/2021,26196,561
2/25/2021,26601,405
2/26/2021,27123,522
2/27/2021,27295,172
2/28/2021,27352,57
2/3/2021,27729,377
2/4/2021,27993,264
2/5/2021,28873,880
2/6/2021,30125,1252
2/7/2021,31303,1178
2/8/2021,32274,971
2/9/2021,33201,927
3/1/2021,34205,1004
3/10/2021,35248,1043
3/11/2021,37864,2616
3/12/2021,39593,1729
3/13/2021,41327,1734
3/14/2021,42267,940
3/15/2021,42758,491
3/16/2021,43688,930
3/17/2021,44797,1109
3/18/2021,46982,2185
3/19/2021,48730,1748
3/2/2021,50460,1730
3/20/2021,51350,890
3/21/2021,51737,387
3/22/2021,52664,927
3/23/2021,53769,1105
3/24/2021,55711,1942
3/25/2021,57177,1466
3/26/2021,58490,1313
3/27/2021,59739,1249
3/28/2021,60350,611
3/29/2021,61793,1443
3/3/2021,63171,1378
3/30/2021,64841,1670
3/31/2021,66406,1565
3/4/2021,68125,1719
3/5/2021,69265,1140
3/6/2021,70457,1192
3/7/2021,72136,1679
3/8/2021,73794,1658
3/9/2021,76333,2539
4/1/2021,78258,1925
4/10/2021,79964,1706
4/11/2021,80772,808
4/12/2021,81086,314
4/13/2021,82479,1393
4/14/2021,83998,1519
4/15/2021,85803,1805
4/16/2021,87436,1633
4/17/2021,89212,1776
4/18/2021,90229,1017
4/19/2021,90736,507
4/2/2021,93175,2439
4/20/2021,94431,1256
4/21/2021,96380,1949
4/22/2021,98410,2030
4/23/2021,99825,1415
4/24/2021,100805,980
4/25/2021,101316,511
4/26/2021,102460,1144
4/27/2021,103756,1296
4/28/2021,105206,1450
4/29/2021,106558,1352
4/3/2021,107936,1378
4/30/2021,108807,871
4/4/2021,109161,354
4/5/2021,110532,1371
4/6/2021,111997,1465
4/7/2021,113355,1358
4/8/2021,114634,1279
4/9/2021,115946,1312
5/1/2021,116673,727
5/10/2021,116941,268
5/11/2021,117886,945
5/12/2021,118869,983
5/13/2021,119924,1055
5/14/2021,120801,877
5/15/2021,121756,955
5/16/2021,122433,677
5/17/2021,122594,161
5/18/2021,123256,662
5/19/2021,123923,667
5/2/2021,124521,598
5/20/2021,125720,1199
5/21/2021,126460,740
5/22/2021,126938,478
5/23/2021,127147,209
5/24/2021,128989,1842
5/25/2021,129668,679
5/26/2021,130366,698
5/27/2021,131095,729
5/28/2021,131852,757
5/29/2021,132227,375
5/3/2021,132350,123
5/30/2021,132854,504
5/31/2021,133353,499
5/4/2021,133736,383
5/5/2021,134154,418
5/6/2021,134729,575
5/7/2021,134883,154
5/8/2021,134969,86
5/9/2021,135060,91
6/1/2021,135559,499
6/10/2021,135974,415
6/11/2021,136398,424
6/12/2021,136852,454
6/13/2021,137075,223
6/14/2021,137158,83
6/15/2021,137619,461
6/16/2021,137942,323
6/17/2021,138354,412
6/18/2021,138813,459
6/19/2021,139322,509
6/2/2021,139641,319
6/20/2021,139740,99
6/21/2021,140101,361
6/22/2021,140502,401
6/23/2021,140853,351
6/24/2021,141143,290
6/25/2021,141541,398
6/26/2021,141743,202
6/27/2021,141854,111
6/28/2021,142138,284
6/29/2021,142421,283
6/3/2021,142749,328
6/30/2021,142988,239
6/4/2021,143316,328
6/5/2021,143470,154
6/6/2021,143508,38
6/7/2021,143680,172
6/8/2021,143930,250
6/9/2021,144124,194
7/1/2021,144316,192
7/10/2021,144597,281
7/11/2021,144688,91
7/12/2021,144711,23
7/13/2021,144875,164
7/14/2021,145102,227
7/15/2021,145354,252
7/16/2021,145591,237
7/17/2021,145929,338
7/18/2021,146085,156
7/19/2021,146149,64
7/2/2021,146373,224
7/20/2021,146588,215
7/21/2021,146786,198
7/22/2021,146953,167
7/23/2021,147280,327
7/24/2021,147457,177
7/25/2021,147530,73
7/26/2021,147794,264
7/27/2021,148052,258
7/28/2021,148341,289
7/29/2021,148600,259
7/3/2021,149012,412
7/30/2021,149198,186
7/31/2021,149281,83
7/4/2021,149526,245
7/5/2021,149860,334
7/6/2021,150149,289
7/7/2021,150411,262
7/8/2021,150891,480
7/9/2021,151142,251
8/1/2021,151205,63
8/10/2021,151461,256
8/11/2021,151773,312
8/12/2021,152095,322
8/13/2021,152353,258
8/14/2021,152880,527
8/15/2021,153093,213
8/16/2021,153197,104
8/17/2021,153578,381
8/18/2021,153874,296
8/19/2021,154197,323
8/2/2021,154435,238
8/20/2021,154978,543
8/21/2021,155215,237
8/22/2021,155367,152
8/23/2021,155852,485
8/24/2021,156217,365
8/25/2021,156560,343
8/26/2021,156848,288
8/27/2021,157438,590
8/28/2021,157631,193
8/29/2021,157795,164
8/3/2021,158105,310
8/30/2021,158404,299
8/31/2021,158776,372
8/4/2021,159079,303
8/5/2021,159445,366
8/6/2021,159638,193
8/7/2021,159763,125
8/8/2021,160075,312
8/9/2021,160347,272
9/1/2021,160574,227
9/10/2021,160821,247
9/11/2021,161197,376
9/12/2021,161363,166
9/13/2021,161455,92
9/14/2021,161535,80
9/15/2021,161757,222
9/16/2021,162000,243
9/17/2021,162245,245
9/18/2021,162589,344
9/19/2021,162777,188
9/2/2021,162836,59
9/20/2021,163123,287
9/21/2021,163412,289
9/22/2021,163594,182
9/23/2021,163879,285
9/24/2021,164284,405
9/3/2021,164432,148
9/4/2021,164461,29
9/5/2021,164641,180
9/6/2021,164876,235
9/7/2021,165063,187
9/8/2021,165261,198
9/9/2021,165378,117
