date,Gila_cume,Gila
2020-12-17 00:00:00,182,
2020-12-18 00:00:00,299,117
2020-12-20 00:00:00,300,1
2020-12-21 00:00:00,390,90
2020-12-22 00:00:00,457,67
2020-12-23 00:00:00,587,130
2020-12-24 00:00:00,728,141
2020-12-26 00:00:00,753,25
2020-12-27 00:00:00,759,6
2020-12-28 00:00:00,1072,313
2020-12-29 00:00:00,1314,242
2020-12-30 00:00:00,1566,252
2020-12-31 00:00:00,1800,234
2021-01-01 00:00:00,1803,3
2021-01-02 00:00:00,2005,202
2021-01-03 00:00:00,2006,1
2021-01-04 00:00:00,2237,231
2021-01-05 00:00:00,2574,337
2021-01-06 00:00:00,2843,269
2021-01-07 00:00:00,3458,615
2021-01-08 00:00:00,3982,524
2021-01-09 00:00:00,4012,30
2021-01-11 00:00:00,4281,269
2021-01-12 00:00:00,4464,183
2021-01-13 00:00:00,4669,205
2021-01-14 00:00:00,5040,371
2021-01-15 00:00:00,5664,624
2021-01-16 00:00:00,5667,3
2021-01-18 00:00:00,5780,113
2021-01-19 00:00:00,6182,402
2021-01-20 00:00:00,6619,437
2021-01-21 00:00:00,7137,518
2021-01-22 00:00:00,7309,172
2021-01-23 00:00:00,7463,154
2021-01-24 00:00:00,7464,1
2021-01-25 00:00:00,7754,290
2021-01-26 00:00:00,7945,191
2021-01-27 00:00:00,8400,455
2021-01-28 00:00:00,9084,684
2021-01-29 00:00:00,9584,500
2021-01-30 00:00:00,9951,367
2021-01-31 00:00:00,9962,11
2021-02-01 00:00:00,10405,443
2021-02-02 00:00:00,11083,678
2021-02-03 00:00:00,11776,693
2021-02-04 00:00:00,12752,976
2021-02-05 00:00:00,13606,854
2021-02-06 00:00:00,14166,560
2021-02-07 00:00:00,14178,12
2021-02-08 00:00:00,14583,405
2021-02-09 00:00:00,15167,584
2021-02-10 00:00:00,15616,449
2021-02-11 00:00:00,16010,394
2021-02-12 00:00:00,16699,689
2021-02-13 00:00:00,17776,1077
2021-02-14 00:00:00,18348,572
2021-02-15 00:00:00,18494,146
2021-02-16 00:00:00,18959,465
2021-02-17 00:00:00,19368,409
2021-02-18 00:00:00,19906,538
2021-02-19 00:00:00,20322,416
2021-02-20 00:00:00,20678,356
2021-02-22 00:00:00,20828,150
2021-02-23 00:00:00,21151,323
2021-02-24 00:00:00,21427,276
2021-02-25 00:00:00,21946,519
2021-02-26 00:00:00,22399,453
2021-02-27 00:00:00,24218,1819
2021-02-28 00:00:00,25116,898
2021-03-01 00:00:00,25410,294
2021-03-02 00:00:00,25798,388
2021-03-03 00:00:00,26185,387
2021-03-04 00:00:00,26919,734
2021-03-05 00:00:00,27234,315
2021-03-06 00:00:00,27769,535
2021-03-07 00:00:00,27794,25
2021-03-08 00:00:00,28065,271
2021-03-09 00:00:00,28639,574
2021-03-10 00:00:00,29062,423
2021-03-11 00:00:00,30480,1418
2021-03-12 00:00:00,30982,502
2021-03-13 00:00:00,32386,1404
2021-03-14 00:00:00,32911,525
2021-03-15 00:00:00,33093,182
2021-03-16 00:00:00,33547,454
2021-03-17 00:00:00,33759,212
2021-03-18 00:00:00,34138,379
2021-03-19 00:00:00,34440,302
2021-03-20 00:00:00,34777,337
2021-03-22 00:00:00,34970,193
2021-03-23 00:00:00,35212,242
2021-03-24 00:00:00,35377,165
2021-03-25 00:00:00,35719,342
2021-03-26 00:00:00,35924,205
2021-03-27 00:00:00,37719,1795
2021-03-28 00:00:00,38533,814
2021-03-29 00:00:00,38816,283
2021-03-30 00:00:00,38975,159
2021-03-31 00:00:00,39121,146
2021-04-01 00:00:00,39832,711
2021-04-02 00:00:00,40090,258
2021-04-03 00:00:00,40137,47
2021-04-04 00:00:00,40147,10
2021-04-05 00:00:00,40358,211
2021-04-06 00:00:00,40875,517
2021-04-07 00:00:00,41067,192
2021-04-08 00:00:00,41561,494
2021-04-09 00:00:00,41854,293
2021-04-10 00:00:00,42423,569
2021-04-11 00:00:00,42439,16
2021-04-12 00:00:00,42596,157
2021-04-13 00:00:00,42724,128
2021-04-14 00:00:00,42780,56
2021-04-15 00:00:00,43033,253
2021-04-16 00:00:00,43192,159
2021-04-17 00:00:00,43575,383
2021-04-18 00:00:00,43576,1
2021-04-19 00:00:00,43709,133
2021-04-20 00:00:00,43835,126
2021-04-21 00:00:00,43910,75
2021-04-22 00:00:00,44181,271
2021-04-23 00:00:00,44310,129
2021-04-24 00:00:00,44350,40
2021-04-25 00:00:00,44359,9
2021-04-26 00:00:00,44498,139
2021-04-27 00:00:00,44622,124
2021-04-28 00:00:00,44780,158
2021-04-29 00:00:00,44927,147
2021-04-30 00:00:00,44999,72
2021-05-01 00:00:00,45021,22
2021-05-02 00:00:00,45028,7
2021-05-03 00:00:00,45148,120
2021-05-04 00:00:00,45298,150
2021-05-05 00:00:00,45390,92
2021-05-06 00:00:00,45476,86
2021-05-07 00:00:00,45529,53
2021-05-08 00:00:00,45537,8
2021-05-09 00:00:00,45543,6
2021-05-10 00:00:00,45627,84
2021-05-11 00:00:00,45699,72
2021-05-12 00:00:00,45770,71
2021-05-13 00:00:00,45878,108
2021-05-14 00:00:00,46035,157
2021-05-15 00:00:00,46062,27
2021-05-16 00:00:00,46072,10
2021-05-17 00:00:00,46199,127
2021-05-18 00:00:00,46451,252
2021-05-19 00:00:00,46650,199
2021-05-20 00:00:00,46812,162
2021-05-21 00:00:00,46873,61
2021-05-22 00:00:00,46908,35
2021-05-23 00:00:00,46921,13
2021-05-24 00:00:00,47022,101
2021-05-25 00:00:00,47108,86
2021-05-26 00:00:00,47194,86
2021-05-27 00:00:00,47245,51
2021-05-28 00:00:00,47336,91
2021-05-29 00:00:00,47343,7
2021-05-30 00:00:00,47350,7
2021-05-31 00:00:00,47361,11
2021-06-01 00:00:00,47427,66
2021-06-02 00:00:00,47486,59
2021-06-03 00:00:00,47541,55
2021-06-04 00:00:00,47605,64
2021-06-05 00:00:00,47621,16
2021-06-06 00:00:00,47637,16
2021-06-07 00:00:00,47731,94
2021-06-08 00:00:00,47785,54
2021-06-09 00:00:00,47861,76
2021-06-10 00:00:00,47902,41
2021-06-11 00:00:00,47953,51
2021-06-12 00:00:00,47970,17
2021-06-13 00:00:00,47978,8
2021-06-14 00:00:00,48054,76
2021-06-15 00:00:00,48115,61
2021-06-16 00:00:00,48174,59
2021-06-17 00:00:00,48246,72
2021-06-18 00:00:00,48295,49
2021-06-19 00:00:00,48322,27
2021-06-20 00:00:00,48338,16
2021-06-21 00:00:00,48396,58
2021-06-22 00:00:00,48512,116
2021-06-23 00:00:00,48573,61
2021-06-24 00:00:00,48616,43
2021-06-25 00:00:00,48675,59
2021-06-26 00:00:00,48691,16
2021-06-27 00:00:00,48696,5
2021-06-28 00:00:00,48721,25
2021-06-29 00:00:00,48751,30
2021-06-30 00:00:00,48822,71
2021-07-01 00:00:00,48862,40
2021-07-02 00:00:00,48883,21
2021-07-03 00:00:00,48899,16
2021-07-05 00:00:00,48920,21
2021-07-06 00:00:00,48977,57
2021-07-07 00:00:00,49000,23
2021-07-08 00:00:00,49032,32
2021-07-09 00:00:00,49061,29
2021-07-10 00:00:00,49077,16
2021-07-11 00:00:00,49086,9
2021-07-12 00:00:00,49096,10
2021-07-13 00:00:00,49107,11
2021-07-14 00:00:00,49159,52
2021-07-15 00:00:00,49196,37
2021-07-16 00:00:00,49229,33
2021-07-17 00:00:00,49233,4
