date,Greenlee_cume,Greenlee
2020-12-21 00:00:00,20,
2020-12-22 00:00:00,50,30
2020-12-23 00:00:00,60,10
2020-12-24 00:00:00,70,10
2020-12-29 00:00:00,80,10
2020-12-30 00:00:00,100,20
2020-12-31 00:00:00,133,33
2021-01-05 00:00:00,154,21
2021-01-06 00:00:00,174,20
2021-01-07 00:00:00,214,40
2021-01-08 00:00:00,235,21
2021-01-09 00:00:00,236,1
2021-01-12 00:00:00,278,42
2021-01-13 00:00:00,332,54
2021-01-14 00:00:00,414,82
2021-01-18 00:00:00,445,31
2021-01-19 00:00:00,487,42
2021-01-20 00:00:00,520,33
2021-01-21 00:00:00,814,294
2021-01-22 00:00:00,1030,216
2021-01-23 00:00:00,1455,425
2021-01-24 00:00:00,1466,11
2021-01-25 00:00:00,1521,55
2021-01-27 00:00:00,1624,103
2021-01-28 00:00:00,1988,364
2021-01-29 00:00:00,2144,156
2021-02-01 00:00:00,2170,26
2021-02-02 00:00:00,2248,78
2021-02-03 00:00:00,2282,34
2021-02-04 00:00:00,2367,85
2021-02-05 00:00:00,2561,194
2021-02-08 00:00:00,2583,22
2021-02-09 00:00:00,2637,54
2021-02-10 00:00:00,2795,158
2021-02-11 00:00:00,3048,253
2021-02-12 00:00:00,3399,351
2021-02-15 00:00:00,3452,53
2021-02-16 00:00:00,3558,106
2021-02-17 00:00:00,3730,172
2021-02-18 00:00:00,4056,326
2021-02-22 00:00:00,4127,71
2021-02-23 00:00:00,4478,351
2021-02-24 00:00:00,4698,220
2021-02-25 00:00:00,4883,185
2021-02-26 00:00:00,5077,194
2021-02-28 00:00:00,5093,16
2021-03-01 00:00:00,5116,23
2021-03-02 00:00:00,5294,178
2021-03-03 00:00:00,5403,109
2021-03-04 00:00:00,5470,67
2021-03-05 00:00:00,5660,190
2021-03-08 00:00:00,5715,55
2021-03-09 00:00:00,5820,105
2021-03-10 00:00:00,5960,140
2021-03-11 00:00:00,6102,142
2021-03-12 00:00:00,6335,233
2021-03-15 00:00:00,6496,161
2021-03-16 00:00:00,6527,31
2021-03-17 00:00:00,6601,74
2021-03-18 00:00:00,6636,35
2021-03-19 00:00:00,6698,62
2021-03-22 00:00:00,6708,10
2021-03-23 00:00:00,6726,18
2021-03-24 00:00:00,6753,27
2021-03-25 00:00:00,6801,48
2021-03-26 00:00:00,6863,62
2021-03-28 00:00:00,6874,11
2021-03-29 00:00:00,7066,192
2021-03-30 00:00:00,7141,75
2021-03-31 00:00:00,7146,5
2021-04-01 00:00:00,7235,89
2021-04-02 00:00:00,7285,50
2021-04-05 00:00:00,7379,94
2021-04-06 00:00:00,7413,34
2021-04-07 00:00:00,7427,14
2021-04-08 00:00:00,7490,63
2021-04-09 00:00:00,7537,47
2021-04-12 00:00:00,7605,68
2021-04-13 00:00:00,7616,11
2021-04-14 00:00:00,7638,22
2021-04-15 00:00:00,7711,73
2021-04-16 00:00:00,7748,37
2021-04-20 00:00:00,7769,21
