date,Arizona_cume,Arizona
2020-12-01 00:00:00,41,
2020-12-02 00:00:00,50,9
2020-12-03 00:00:00,59,9
2020-12-04 00:00:00,63,4
2020-12-05 00:00:00,64,1
2020-12-07 00:00:00,68,4
2020-12-08 00:00:00,71,3
2020-12-09 00:00:00,77,6
2020-12-10 00:00:00,84,7
2020-12-11 00:00:00,92,8
2020-12-12 00:00:00,97,5
2020-12-13 00:00:00,100,3
2020-12-14 00:00:00,108,8
2020-12-15 00:00:00,144,36
2020-12-16 00:00:00,706,562
2020-12-17 00:00:00,3814,3108
2020-12-18 00:00:00,7443,3629
2020-12-19 00:00:00,9995,2552
2020-12-20 00:00:00,11011,1016
2020-12-21 00:00:00,16504,5493
2020-12-22 00:00:00,24232,7728
2020-12-23 00:00:00,33918,9686
2020-12-24 00:00:00,37749,3831
2020-12-25 00:00:00,37886,137
2020-12-26 00:00:00,44397,6511
2020-12-27 00:00:00,47043,2646
2020-12-28 00:00:00,56305,9262
2020-12-29 00:00:00,69122,12817
2020-12-30 00:00:00,83902,14780
2020-12-31 00:00:00,91669,7767
2021-01-01 00:00:00,92416,747
2021-01-02 00:00:00,99965,7549
2021-01-03 00:00:00,103158,3193
2021-01-04 00:00:00,111754,8596
2021-01-05 00:00:00,120590,8836
2021-01-06 00:00:00,132449,11859
2021-01-07 00:00:00,144961,12512
2021-01-08 00:00:00,156865,11904
2021-01-09 00:00:00,164785,7920
2021-01-10 00:00:00,167991,3206
2021-01-11 00:00:00,183678,15687
2021-01-12 00:00:00,206780,23102
2021-01-13 00:00:00,231955,25175
2021-01-14 00:00:00,256566,24611
2021-01-15 00:00:00,281411,24845
2021-01-16 00:00:00,297125,15714
2021-01-17 00:00:00,306432,9307
2021-01-18 00:00:00,325380,18948
2021-01-19 00:00:00,352307,26927
2021-01-20 00:00:00,383854,31547
2021-01-21 00:00:00,419006,35152
2021-01-22 00:00:00,456787,37781
2021-01-23 00:00:00,485326,28539
2021-01-24 00:00:00,501576,16250
2021-01-25 00:00:00,530792,29216
2021-01-26 00:00:00,567447,36655
2021-01-27 00:00:00,607020,39573
2021-01-28 00:00:00,646610,39590
2021-01-29 00:00:00,686268,39658
2021-01-30 00:00:00,712522,26254
2021-01-31 00:00:00,724102,11580
2021-02-01 00:00:00,754008,29906
2021-02-02 00:00:00,792418,38410
2021-02-03 00:00:00,836041,43623
2021-02-04 00:00:00,882269,46228
2021-02-05 00:00:00,925994,43725
2021-02-06 00:00:00,964141,38147
2021-02-07 00:00:00,980447,16306
2021-02-08 00:00:00,1019168,38721
2021-02-09 00:00:00,1063278,44110
2021-02-10 00:00:00,1113658,50380
2021-02-11 00:00:00,1164400,50742
2021-02-12 00:00:00,1225876,61476
2021-02-13 00:00:00,1271475,45599
2021-02-14 00:00:00,1288799,17324
2021-02-15 00:00:00,1320025,31226
2021-02-16 00:00:00,1364532,44507
2021-02-17 00:00:00,1411447,46915
2021-02-18 00:00:00,1456351,44904
2021-02-19 00:00:00,1498797,42446
2021-02-20 00:00:00,1533787,34990
2021-02-21 00:00:00,1548662,14875
2021-02-22 00:00:00,1576651,27989
2021-02-23 00:00:00,1620740,44089
2021-02-24 00:00:00,1677630,56890
2021-02-25 00:00:00,1737964,60334
2021-02-26 00:00:00,1804738,66774
2021-02-27 00:00:00,1856487,51749
2021-02-28 00:00:00,1882042,25555
2021-03-01 00:00:00,1927456,45414
2021-03-02 00:00:00,1978092,50636
2021-03-03 00:00:00,2036749,58657
2021-03-04 00:00:00,2094636,57887
2021-03-05 00:00:00,2152922,58286
2021-03-06 00:00:00,2197572,44650
2021-03-07 00:00:00,2223624,26052
2021-03-08 00:00:00,2274624,51000
2021-03-09 00:00:00,2331402,56778
2021-03-10 00:00:00,2398613,67211
2021-03-11 00:00:00,2468897,70284
2021-03-12 00:00:00,2541919,73022
2021-03-13 00:00:00,2593276,51357
2021-03-14 00:00:00,2622029,28753
2021-03-15 00:00:00,2669012,46983
2021-03-16 00:00:00,2723332,54320
2021-03-17 00:00:00,2785495,62163
2021-03-18 00:00:00,2848404,62909
2021-03-19 00:00:00,2907924,59520
2021-03-20 00:00:00,2954311,46387
2021-03-21 00:00:00,2985259,30948
2021-03-22 00:00:00,3028191,42932
2021-03-23 00:00:00,3076702,48511
2021-03-24 00:00:00,3139747,63045
2021-03-25 00:00:00,3210515,70768
2021-03-26 00:00:00,3280299,69784
2021-03-27 00:00:00,3333024,52725
2021-03-28 00:00:00,3370742,37718
2021-03-29 00:00:00,3430693,59951
2021-03-30 00:00:00,3497016,66323
2021-03-31 00:00:00,3572969,75953
2021-04-01 00:00:00,3646473,73504
2021-04-02 00:00:00,3714531,68058
2021-04-03 00:00:00,3762925,48394
2021-04-04 00:00:00,3783803,20878
2021-04-05 00:00:00,3841082,57279
2021-04-06 00:00:00,3905629,64547
2021-04-07 00:00:00,3978948,73319
2021-04-08 00:00:00,4052474,73526
2021-04-09 00:00:00,4121144,68670
2021-04-10 00:00:00,4168392,47248
2021-04-11 00:00:00,4198976,30584
2021-04-12 00:00:00,4250032,51056
2021-04-13 00:00:00,4299565,49533
2021-04-14 00:00:00,4358731,59166
2021-04-15 00:00:00,4421904,63173
2021-04-16 00:00:00,4483782,61878
2021-04-17 00:00:00,4525843,42061
2021-04-18 00:00:00,4554955,29112
2021-04-19 00:00:00,4606210,51255
2021-04-20 00:00:00,4658617,52407
2021-04-21 00:00:00,4716283,57666
2021-04-22 00:00:00,4775845,59562
2021-04-23 00:00:00,4831397,55552
2021-04-24 00:00:00,4870013,38616
2021-04-25 00:00:00,4895143,25130
2021-04-26 00:00:00,4933815,38672
2021-04-27 00:00:00,4976082,42267
2021-04-28 00:00:00,5022076,45994
2021-04-29 00:00:00,5065037,42961
2021-04-30 00:00:00,5103991,38954
2021-05-01 00:00:00,5126672,22681
2021-05-02 00:00:00,5144665,17993
2021-05-03 00:00:00,5160312,15647
2021-05-04 00:00:00,5181839,21527
2021-05-05 00:00:00,5199770,17931
