date,Pinal_cume,Pinal
1/1/2021,1,
1/10/2021,2,1
1/11/2021,3,1
1/12/2021,5,2
1/13/2021,12,7
1/14/2021,16,4
1/15/2021,17,1
1/16/2021,18,1
1/17/2021,47,29
1/18/2021,144,97
1/19/2021,378,234
1/2/2021,415,37
1/20/2021,576,161
1/21/2021,577,1
1/22/2021,922,345
1/23/2021,1462,540
1/24/2021,2201,739
1/25/2021,2874,673
1/26/2021,2895,21
1/27/2021,3194,299
1/28/2021,3225,31
1/29/2021,3795,570
1/3/2021,4493,698
1/30/2021,5188,695
1/31/2021,6073,885
1/4/2021,7029,956
1/5/2021,8004,975
1/6/2021,8026,22
1/7/2021,8475,449
1/8/2021,9094,619
1/9/2021,9897,803
12/1/2020,10880,983
12/16/2020,11782,902
12/17/2020,12855,1073
12/18/2020,12915,60
12/19/2020,13520,605
12/20/2020,14331,811
12/21/2020,15628,1297
12/22/2020,16925,1297
12/23/2020,18342,1417
12/24/2020,20300,1958
12/26/2020,20333,33
12/27/2020,21183,850
12/28/2020,22181,998
12/29/2020,23594,1413
12/3/2020,25180,1586
12/30/2020,26807,1627
12/31/2020,29337,2530
12/7/2020,29467,130
2/1/2021,30937,1470
2/10/2021,32587,1650
2/11/2021,34250,1663
2/12/2021,35972,1722
2/13/2021,37885,1913
2/14/2021,40211,2326
2/15/2021,40287,76
2/16/2021,41931,1644
2/17/2021,43459,1528
2/18/2021,45958,2499
2/19/2021,48689,2731
2/2/2021,51830,3141
2/20/2021,55208,3378
2/21/2021,55327,119
2/22/2021,56379,1052
2/23/2021,57938,1559
2/24/2021,59687,1749
2/25/2021,61529,1842
2/26/2021,63017,1488
2/27/2021,64688,1671
2/28/2021,64744,56
2/3/2021,65658,914
2/4/2021,66886,1228
2/5/2021,68731,1845
2/6/2021,71932,3201
2/7/2021,75130,3198
2/8/2021,78219,3089
2/9/2021,78576,357
3/1/2021,81177,2601
3/10/2021,84039,2862
3/11/2021,87612,3573
3/12/2021,91086,3474
3/13/2021,93761,2675
3/14/2021,96874,3113
3/15/2021,97232,358
3/16/2021,99661,2429
3/17/2021,102087,2426
3/18/2021,104919,2832
3/19/2021,108969,4050
3/2/2021,112336,3367
3/20/2021,114997,2661
3/21/2021,115371,374
3/22/2021,117584,2213
3/23/2021,120248,2664
3/24/2021,123168,2920
3/25/2021,126385,3217
3/26/2021,128925,2540
3/27/2021,129630,705
3/28/2021,130225,595
3/29/2021,132348,2123
3/3/2021,134869,2521
3/30/2021,138256,3387
3/31/2021,141551,3295
3/4/2021,145676,4125
3/5/2021,146916,1240
3/6/2021,148117,1201
3/7/2021,151165,3048
3/8/2021,154264,3099
3/9/2021,157899,3635
4/1/2021,161301,3402
4/10/2021,163203,1902
4/11/2021,165543,2340
4/12/2021,166037,494
4/13/2021,168453,2416
4/14/2021,171363,2910
4/15/2021,174831,3468
4/16/2021,177546,2715
4/17/2021,179715,2169
4/18/2021,180972,1257
4/19/2021,181440,468
4/2/2021,183821,2381
4/20/2021,185871,2050
4/21/2021,188641,2770
4/22/2021,191430,2789
4/23/2021,194518,3088
4/24/2021,195542,1024
4/25/2021,196246,704
4/26/2021,198475,2229
4/27/2021,201423,2948
4/28/2021,205034,3611
4/29/2021,207416,2382
4/3/2021,209137,1721
4/30/2021,210681,1544
4/4/2021,211794,1113
4/5/2021,213847,2053
4/6/2021,216144,2297
4/7/2021,218548,2404
4/8/2021,220085,1537
4/9/2021,221590,1505
5/1/2021,222290,700
5/10/2021,222775,485
5/11/2021,224170,1395
5/12/2021,225980,1810
5/13/2021,228129,2149
5/14/2021,229942,1813
5/15/2021,231402,1460
5/16/2021,232623,1221
5/17/2021,233101,478
5/18/2021,234363,1262
5/19/2021,235759,1396
5/2/2021,238453,2694
5/20/2021,240178,1725
5/21/2021,242268,2090
5/22/2021,243292,1024
5/23/2021,243907,615
5/24/2021,245539,1632
5/25/2021,247117,1578
5/26/2021,248840,1723
5/27/2021,250626,1786
5/28/2021,251833,1207
5/29/2021,252698,865
5/3/2021,253101,403
5/30/2021,254045,944
5/31/2021,255189,1144
5/4/2021,256476,1287
5/5/2021,257526,1050
5/6/2021,258741,1215
5/7/2021,259275,534
5/8/2021,259659,384
5/9/2021,259877,218
6/1/2021,260976,1099
6/10/2021,261881,905
6/11/2021,262800,919
6/12/2021,263866,1066
6/13/2021,264547,681
6/14/2021,265004,457
6/15/2021,265873,869
6/16/2021,266713,840
6/17/2021,267871,1158
6/18/2021,268774,903
6/19/2021,269919,1145
6/2/2021,270613,694
6/20/2021,271038,425
6/21/2021,271798,760
6/22/2021,272684,886
6/23/2021,273463,779
6/24/2021,274342,879
6/25/2021,275434,1092
6/26/2021,276037,603
6/27/2021,276406,369
6/28/2021,277028,622
6/29/2021,277779,751
6/3/2021,278545,766
6/30/2021,279222,677
6/4/2021,280068,846
6/5/2021,280563,495
6/6/2021,280798,235
6/7/2021,281242,444
6/8/2021,281916,674
6/9/2021,282572,656
7/1/2021,283125,553
7/10/2021,283784,659
7/11/2021,284251,467
7/12/2021,284353,102
7/13/2021,284838,485
7/14/2021,285514,676
7/15/2021,286154,640
7/16/2021,286744,590
7/17/2021,287450,706
7/18/2021,287721,271
7/19/2021,287872,151
7/2/2021,288331,459
7/20/2021,288880,549
7/21/2021,289327,447
7/22/2021,289802,475
7/23/2021,290481,679
7/24/2021,290986,505
7/25/2021,291265,279
7/26/2021,291827,562
7/27/2021,292455,628
7/28/2021,293200,745
7/29/2021,293863,663
7/3/2021,294666,803
7/30/2021,295203,537
7/31/2021,295516,313
7/4/2021,296160,644
7/5/2021,296927,767
7/6/2021,297667,740
7/7/2021,298336,669
7/8/2021,299417,1081
7/9/2021,300151,734
8/1/2021,300459,308
8/10/2021,301045,586
8/11/2021,301798,753
8/12/2021,302672,874
8/13/2021,303383,711
8/14/2021,304500,1117
8/15/2021,305152,652
8/16/2021,305511,359
8/17/2021,306267,756
8/18/2021,306930,663
8/19/2021,307656,726
8/2/2021,308414,758
8/20/2021,309485,1071
8/21/2021,310169,684
8/22/2021,310604,435
8/23/2021,311563,959
8/24/2021,312451,888
8/25/2021,313448,997
8/26/2021,314142,694
8/27/2021,315203,1061
8/28/2021,315847,644
8/29/2021,316329,482
8/3/2021,317352,1023
8/30/2021,318107,755
8/31/2021,318861,754
8/4/2021,319451,590
8/5/2021,320399,948
8/6/2021,321021,622
8/7/2021,321427,406
8/8/2021,322185,758
8/9/2021,322910,725
9/1/2021,323511,601
9/2/2021,324116,605
9/3/2021,325168,1052
9/4/2021,325651,483
9/5/2021,325937,286
9/6/2021,326126,189
9/7/2021,326727,601
9/8/2021,327253,526
9/9/2021,327426,173
