date,Arizona,Arizona_cum,StatePODs,StatePODs_cum
2021-04-29 00:00:00,25864,5017840,9155.0,1444035.0
2021-04-28 00:00:00,42389,4991976,9000.0,1434880.0
2021-04-27 00:00:00,39769,4949587,9881.0,1425880.0
2021-04-26 00:00:00,35185,4909818,10895.0,1415999.0
2021-04-25 00:00:00,23823,4874633,12908.0,1405104.0
2021-04-24 00:00:00,35396,4850810,13855.0,1392196.0
2021-04-23 00:00:00,52962,4815414,16850.0,1378341.0
2021-04-22 00:00:00,58748,4762452,17884.0,1361491.0
2021-04-21 00:00:00,57054,4703704,16502.0,1343607.0
2021-04-20 00:00:00,52016,4646650,16562.0,1327105.0
2021-04-19 00:00:00,51088,4594634,16500.0,1310543.0
2021-04-18 00:00:00,29077,4543546,15771.0,1294043.0
2021-04-17 00:00:00,41832,4514469,16624.0,1278272.0
2021-04-16 00:00:00,61646,4472637,17751.0,1261648.0
2021-04-15 00:00:00,63023,4410991,17045.0,1243897.0
2021-04-14 00:00:00,59076,4347968,16564.0,1226852.0
2021-04-13 00:00:00,49466,4288892,14773.0,1210288.0
2021-04-12 00:00:00,50947,4239426,13268.0,1195515.0
2021-04-11 00:00:00,30541,4188479,16818.0,1182247.0
2021-04-10 00:00:00,47152,4157938,17694.0,1165429.0
2021-04-09 00:00:00,68450,4110786,18209.0,1147735.0
2021-04-08 00:00:00,73367,4042336,16987.0,1129526.0
2021-04-07 00:00:00,73154,3968969,18041.0,1112539.0
2021-04-06 00:00:00,64369,3895815,16628.0,1094498.0
2021-04-05 00:00:00,57071,3831446,16487.0,1077870.0
2021-04-04 00:00:00,20849,3774375,10408.0,1061383.0
2021-04-03 00:00:00,48308,3753526,23324.0,1050975.0
2021-04-02 00:00:00,67550,3705218,24774.0,1027651.0
2021-04-01 00:00:00,73231,3637668,24093.0,1002877.0
2021-03-31 00:00:00,75650,3564437,24419.0,978784.0
2021-03-30 00:00:00,66141,3488787,24236.0,954365.0
2021-03-29 00:00:00,59815,3422646,24129.0,930129.0
2021-03-28 00:00:00,37706,3362831,22845.0,906000.0
2021-03-27 00:00:00,52538,3325125,22584.0,883155.0
2021-03-26 00:00:00,69578,3272587,23049.0,860571.0
2021-03-25 00:00:00,70641,3203009,22028.0,837522.0
2021-03-24 00:00:00,62985,3132368,19058.0,815494.0
2021-03-23 00:00:00,48456,3069383,12943.0,796436.0
2021-03-22 00:00:00,42829,3020927,12899.0,783493.0
2021-03-21 00:00:00,30905,2978098,17062.0,770594.0
2021-03-20 00:00:00,46357,2947193,17703.0,753532.0
2021-03-19 00:00:00,59518,2900836,17467.0,735829.0
2021-03-18 00:00:00,62572,2841318,16473.0,718362.0
2021-03-17 00:00:00,62078,2778746,16715.0,701889.0
2021-03-16 00:00:00,54225,2716668,14687.0,685174.0
2021-03-15 00:00:00,46888,2662443,13741.0,670487.0
2021-03-14 00:00:00,28720,2615555,16102.0,656746.0
2021-03-13 00:00:00,51284,2586835,17896.0,640644.0
2021-03-12 00:00:00,72953,2535551,16837.0,622748.0
2021-03-11 00:00:00,70066,2462598,17634.0,605911.0
2021-03-10 00:00:00,67033,2392532,16903.0,588277.0
2021-03-09 00:00:00,56647,2325499,16195.0,571374.0
2021-03-08 00:00:00,50897,2268852,16645.0,555179.0
2021-03-07 00:00:00,26017,2217955,16283.0,538534.0
2021-03-06 00:00:00,44568,2191938,16442.0,522251.0
2021-03-05 00:00:00,58237,2147370,16393.0,505809.0
2021-03-04 00:00:00,57642,2089133,15922.0,489416.0
2021-03-03 00:00:00,58518,2031491,15403.0,473494.0
2021-03-02 00:00:00,50462,1972973,14456.0,458091.0
2021-03-01 00:00:00,45217,1922511,12849.0,443635.0
2021-02-28 00:00:00,25481,1877294,15591.0,430786.0
2021-02-27 00:00:00,51713,1851813,15108.0,415195.0
2021-02-26 00:00:00,66673,1800100,13993.0,400087.0
2021-02-25 00:00:00,60207,1733427,13365.0,386094.0
2021-02-24 00:00:00,56585,1673220,13717.0,372729.0
2021-02-23 00:00:00,44048,1616635,12732.0,359012.0
2021-02-22 00:00:00,27862,1572587,11778.0,346280.0
2021-02-21 00:00:00,14857,1544725,10822.0,334502.0
2021-02-20 00:00:00,34984,1529868,11256.0,323680.0
2021-02-19 00:00:00,42197,1494884,10223.0,312424.0
2021-02-18 00:00:00,44678,1452687,9843.0,302201.0
2021-02-17 00:00:00,46794,1408009,10555.0,292358.0
2021-02-16 00:00:00,44388,1361215,11079.0,281803.0
2021-02-15 00:00:00,31198,1316827,11030.0,270724.0
2021-02-14 00:00:00,17313,1285629,10228.0,259694.0
2021-02-13 00:00:00,45553,1268316,10477.0,249466.0
2021-02-12 00:00:00,61015,1222763,11058.0,238989.0
2021-02-11 00:00:00,50712,1161748,10848.0,227931.0
2021-02-10 00:00:00,50341,1111036,11071.0,217083.0
2021-02-09 00:00:00,44066,1060695,11037.0,206012.0
2021-02-08 00:00:00,38499,1016629,13488.0,194975.0
2021-02-07 00:00:00,16300,978130,11448.0,181487.0
2021-02-06 00:00:00,38059,961830,10992.0,170039.0
2021-02-05 00:00:00,43655,923771,9143.0,159047.0
2021-02-04 00:00:00,46141,880116,9950.0,149904.0
2021-02-03 00:00:00,43524,833975,8977.0,139954.0
2021-02-02 00:00:00,38289,790451,8730.0,130977.0
2021-02-01 00:00:00,29794,752162,8254.0,122247.0
2021-01-31 00:00:00,11566,722368,4834.0,113993.0
2021-01-30 00:00:00,26205,710802,4759.0,109159.0
2021-01-29 00:00:00,39617,684597,4955.0,104400.0
2021-01-28 00:00:00,39460,644980,5412.0,99445.0
2021-01-27 00:00:00,39481,605520,5515.0,94033.0
2021-01-26 00:00:00,36576,566039,6136.0,88518.0
2021-01-25 00:00:00,29093,529463,5275.0,82382.0
2021-01-24 00:00:00,16246,500370,5751.0,77107.0
2021-01-23 00:00:00,28532,484124,5761.0,71356.0
2021-01-22 00:00:00,37718,455592,5561.0,65595.0
2021-01-21 00:00:00,35150,417874,6168.0,60034.0
2021-01-20 00:00:00,31553,382724,5694.0,53866.0
2021-01-19 00:00:00,26671,351171,6001.0,48172.0
2021-01-18 00:00:00,18905,324500,6008.0,42171.0
2021-01-17 00:00:00,9302,305595,5970.0,36163.0
2021-01-16 00:00:00,15705,296293,5664.0,30193.0
2021-01-15 00:00:00,24758,280588,5948.0,24529.0
2021-01-14 00:00:00,24593,255830,5885.0,18581.0
2021-01-13 00:00:00,25040,231237,6323.0,12696.0
2021-01-12 00:00:00,23086,206197,5637.0,6373.0
2021-01-11 00:00:00,15583,183111,734.0,736.0
2021-01-10 00:00:00,3204,167528,,
2021-01-09 00:00:00,7917,164324,,
2021-01-08 00:00:00,11911,156407,1.0,2.0
2021-01-07 00:00:00,12507,144496,,
2021-01-06 00:00:00,11843,131989,,
2021-01-05 00:00:00,8815,120146,1.0,1.0
2021-01-04 00:00:00,8571,111331,,
2021-01-03 00:00:00,3190,102760,,
2021-01-02 00:00:00,7544,99570,,
2021-01-01 00:00:00,718,92026,,
2020-12-31 00:00:00,7761,91308,,
2020-12-30 00:00:00,14762,83547,,
2020-12-29 00:00:00,12744,68785,,
2020-12-28 00:00:00,9198,56041,,
2020-12-27 00:00:00,2642,46843,,
2020-12-26 00:00:00,6509,44201,,
2020-12-25 00:00:00,137,37692,,
2020-12-24 00:00:00,3796,37555,,
2020-12-23 00:00:00,9633,33759,,
2020-12-22 00:00:00,7715,24126,,
2020-12-21 00:00:00,5473,16411,,
2020-12-20 00:00:00,1015,10938,,
2020-12-19 00:00:00,2552,9923,,
2020-12-18 00:00:00,3582,7371,,
2020-12-17 00:00:00,3090,3789,,
2020-12-16 00:00:00,562,699,,
2020-12-15 00:00:00,35,137,,
2020-12-14 00:00:00,8,102,,
2020-12-13 00:00:00,3,94,,
2020-12-12 00:00:00,5,91,,
2020-12-11 00:00:00,7,86,,
2020-12-10 00:00:00,7,79,,
2020-12-09 00:00:00,5,72,,
2020-12-08 00:00:00,3,67,,
2020-12-07 00:00:00,4,64,,
2020-12-05 00:00:00,1,60,,
2020-12-04 00:00:00,4,59,,
2020-12-03 00:00:00,8,55,,
2020-12-02 00:00:00,8,47,,
2020-12-01 00:00:00,39,39,,
