date,Pima_cume,Pima
1/1/2021,56,
1/10/2021,59,3
1/11/2021,65,6
1/12/2021,67,2
1/13/2021,68,1
1/14/2021,69,1
1/15/2021,71,2
1/16/2021,72,1
1/17/2021,80,8
1/18/2021,81,1
1/19/2021,90,9
1/2/2021,93,3
1/20/2021,95,2
1/21/2021,102,7
1/22/2021,127,25
1/23/2021,136,9
1/24/2021,1353,1217
1/25/2021,2725,1372
1/26/2021,3460,735
1/27/2021,3478,18
1/28/2021,4981,1503
1/29/2021,6540,1559
1/3/2021,8416,1876
1/30/2021,9469,1053
1/31/2021,9477,8
1/4/2021,10269,792
1/5/2021,10440,171
1/6/2021,12247,1807
1/7/2021,14173,1926
1/8/2021,16265,2092
1/9/2021,17836,1571
10/1/2021,18560,724
10/10/2021,19196,636
10/11/2021,19559,363
10/12/2021,21348,1789
10/13/2021,23106,1758
10/14/2021,25225,2119
10/15/2021,27471,2246
10/16/2021,30100,2629
10/17/2021,32188,2088
10/18/2021,32640,452
10/19/2021,35470,2830
10/2/2021,38306,2836
10/20/2021,40901,2595
10/3/2021,43445,2544
10/4/2021,47644,4199
10/5/2021,49112,1468
10/6/2021,49666,554
10/7/2021,53654,3988
10/8/2021,57867,4213
10/9/2021,62838,4971
12/1/2020,68355,5517
12/10/2020,75028,6673
12/11/2020,78504,3476
12/12/2020,79603,1099
12/13/2020,86870,7267
12/14/2020,93657,6787
12/15/2020,101088,7431
12/16/2020,108098,7010
12/17/2020,115280,7182
12/18/2020,120292,5012
12/19/2020,121693,1401
12/2/2020,128246,6553
12/20/2020,134759,6513
12/21/2020,141868,7109
12/22/2020,149205,7337
12/23/2020,158009,8804
12/24/2020,162885,4876
12/25/2020,164180,1295
12/26/2020,171289,7109
12/27/2020,177721,6432
12/28/2020,185471,7750
12/29/2020,193467,7996
12/3/2020,202492,9025
12/30/2020,207737,5245
12/31/2020,208831,1094
12/4/2020,215069,6238
12/5/2020,222193,7124
12/6/2020,229894,7701
12/7/2020,237482,7588
12/8/2020,243412,5930
12/9/2020,247587,4175
2/1/2021,248473,886
2/10/2021,253808,5335
2/11/2021,260179,6371
2/12/2021,268529,8350
2/13/2021,278613,10084
2/14/2021,290692,12079
2/15/2021,298507,7815
2/16/2021,302289,3782
2/17/2021,312626,10337
2/18/2021,321474,8848
2/19/2021,331680,10206
2/2/2021,340313,8633
2/20/2021,350495,10182
2/21/2021,357575,7080
2/22/2021,361741,4166
2/23/2021,372115,10374
2/24/2021,382376,10261
2/25/2021,394636,12260
2/26/2021,406678,12042
2/27/2021,419413,12735
2/28/2021,427463,8050
2/3/2021,431362,3899
2/4/2021,440485,9123
2/5/2021,450276,9791
2/6/2021,461209,10933
2/7/2021,472064,10855
2/8/2021,483690,11626
2/9/2021,490418,6728
3/1/2021,496292,5874
3/10/2021,505191,8899
3/11/2021,515453,10262
3/12/2021,527492,12039
3/13/2021,540942,13450
3/14/2021,555077,14135
3/15/2021,563822,8745
3/16/2021,569683,5861
3/17/2021,580361,10678
3/18/2021,592478,12117
3/19/2021,606196,13718
3/2/2021,619062,12866
3/20/2021,631848,12786
3/21/2021,640440,8592
3/22/2021,645313,4873
3/23/2021,657301,11988
3/24/2021,669284,11983
3/25/2021,683748,14464
3/26/2021,697742,13994
3/27/2021,712202,14460
3/28/2021,720643,8441
3/29/2021,725342,4699
3/3/2021,735922,10580
3/30/2021,745617,9695
3/31/2021,756957,11340
3/4/2021,768687,11730
3/5/2021,780781,12094
3/6/2021,787200,6419
3/7/2021,791652,4452
3/8/2021,800544,8892
3/9/2021,809812,9268
4/1/2021,820338,10526
4/10/2021,831177,10839
4/11/2021,842727,11550
4/12/2021,850156,7429
4/13/2021,854051,3895
4/14/2021,864539,10488
4/15/2021,874218,9679
4/16/2021,883973,9755
4/17/2021,893184,9211
4/18/2021,902146,8962
4/19/2021,906402,4256
4/2/2021,909339,2937
4/20/2021,916107,6768
4/21/2021,922394,6287
4/22/2021,929538,7144
4/23/2021,935575,6037
4/24/2021,942305,6730
4/25/2021,945827,3522
4/26/2021,947529,1702
4/27/2021,951926,4397
4/28/2021,955683,3757
4/29/2021,960099,4416
4/3/2021,965834,5735
4/30/2021,972130,6296
4/4/2021,976871,4741
4/5/2021,979892,3021
4/6/2021,984856,4964
4/7/2021,988609,3753
4/8/2021,992798,4189
4/9/2021,996674,3876
5/1/2021,1001934,5260
5/10/2021,1005622,3688
5/11/2021,1007223,1601
5/12/2021,1010914,3691
5/13/2021,1014195,3281
5/14/2021,1017311,3116
5/15/2021,1020159,2848
5/16/2021,1023897,3738
5/17/2021,1025654,1757
5/18/2021,1026564,910
5/19/2021,1027243,679
5/2/2021,1030551,3308
5/20/2021,1033254,2703
5/21/2021,1036399,3145
5/22/2021,1040585,4186
5/23/2021,1043253,2668
5/24/2021,1044946,1693
5/25/2021,1048678,3732
5/26/2021,1051426,2748
5/27/2021,1054266,2840
5/28/2021,1056897,2631
5/29/2021,1060263,3366
5/3/2021,1062432,2169
5/30/2021,1063557,1125
5/31/2021,1066649,3092
5/4/2021,1068702,2053
5/5/2021,1070927,2225
5/6/2021,1072905,1978
5/7/2021,1075664,2759
5/8/2021,1077230,1566
5/9/2021,1077978,748
6/1/2021,1079763,1785
6/10/2021,1081860,2097
6/11/2021,1083811,1951
6/12/2021,1085631,1820
6/13/2021,1088126,2495
6/14/2021,1089489,1363
6/15/2021,1090219,730
6/16/2021,1091898,1679
6/17/2021,1093481,1583
6/18/2021,1095253,1772
6/19/2021,1096860,1607
6/2/2021,1098644,1784
6/20/2021,1099668,1024
6/21/2021,1099887,219
6/22/2021,1101066,1179
6/23/2021,1102482,1416
6/24/2021,1104051,1569
6/25/2021,1105788,1737
6/26/2021,1107626,1838
6/27/2021,1108822,1196
6/28/2021,1109413,591
6/29/2021,1110944,1531
6/3/2021,1112323,1379
6/30/2021,1113758,1435
6/4/2021,1115143,1385
6/5/2021,1117032,1889
6/6/2021,1118221,1189
6/7/2021,1118849,628
6/8/2021,1120476,1627
6/9/2021,1122059,1583
7/1/2021,1123749,1690
7/10/2021,1125399,1650
7/11/2021,1127435,2036
7/12/2021,1128735,1300
7/13/2021,1129444,709
7/14/2021,1131300,1856
7/15/2021,1133309,2009
7/16/2021,1135510,2201
7/17/2021,1137441,1931
7/18/2021,1139858,2417
7/19/2021,1141426,1568
7/2/2021,1142426,1000
7/20/2021,1144521,2095
7/21/2021,1146432,1911
7/22/2021,1148205,1773
7/23/2021,1149843,1638
7/24/2021,1152251,2408
7/25/2021,1153812,1561
7/26/2021,1154739,927
7/27/2021,1156652,1913
7/28/2021,1158335,1683
7/29/2021,1159999,1664
7/3/2021,1161794,1795
7/30/2021,1164376,2582
7/31/2021,1166124,1748
7/4/2021,1167228,1104
7/5/2021,1169368,2140
7/6/2021,1171482,2114
7/7/2021,1173816,2334
7/8/2021,1175959,2143
7/9/2021,1178673,2714
8/1/2021,1180299,1626
8/10/2021,1181422,1123
8/11/2021,1183705,2283
8/12/2021,1186231,2526
8/13/2021,1188494,2263
8/14/2021,1190394,1900
8/15/2021,1193067,2673
8/16/2021,1194685,1618
8/17/2021,1195756,1071
8/18/2021,1197703,1947
8/19/2021,1199431,1728
8/2/2021,1201160,1729
8/20/2021,1202515,1355
8/21/2021,1204834,2319
8/22/2021,1206130,1296
8/23/2021,1206896,766
8/24/2021,1207174,278
8/25/2021,1208756,1582
8/26/2021,1210340,1584
8/27/2021,1211620,1280
8/28/2021,1213644,2024
8/29/2021,1214990,1346
8/3/2021,1215918,928
8/30/2021,1217495,1577
8/31/2021,1219078,1583
8/4/2021,1219909,831
8/5/2021,1221203,1294
8/6/2021,1223284,2081
8/7/2021,1224383,1099
8/8/2021,1225072,689
8/9/2021,1225982,910
9/1/2021,1227397,1415
9/10/2021,1228837,1440
9/11/2021,1230167,1330
9/12/2021,1232738,2571
9/13/2021,1234741,2003
9/14/2021,1235860,1119
9/15/2021,1238476,2616
9/16/2021,1241412,2936
9/17/2021,1244322,2910
9/18/2021,1247002,2680
9/19/2021,1249997,2995
9/2/2021,1251473,1476
9/20/2021,1252268,795
9/21/2021,1254966,2698
9/22/2021,1257625,2659
9/23/2021,1259954,2329
9/24/2021,1262014,2060
9/25/2021,1264721,2707
9/26/2021,1266134,1413
9/27/2021,1267119,985
9/28/2021,1269450,2331
9/29/2021,1270507,1057
9/3/2021,1272041,1534
9/30/2021,1274113,2072
9/4/2021,1276436,2323
9/5/2021,1277530,1094
9/6/2021,1278223,693
9/7/2021,1280170,1947
9/8/2021,1281893,1723
9/9/2021,1282788,895
