date,La Paz_cume,La Paz
2020-12-21 00:00:00,30,
2020-12-22 00:00:00,70,40
2020-12-23 00:00:00,88,18
2020-12-30 00:00:00,111,23
2021-01-06 00:00:00,151,40
2021-01-07 00:00:00,212,61
2021-01-11 00:00:00,213,1
2021-01-13 00:00:00,400,187
2021-01-14 00:00:00,401,1
2021-01-19 00:00:00,444,43
2021-01-20 00:00:00,553,109
2021-01-25 00:00:00,576,23
2021-01-26 00:00:00,599,23
2021-01-27 00:00:00,1143,544
2021-01-28 00:00:00,1803,660
2021-01-29 00:00:00,1825,22
2021-01-30 00:00:00,1826,1
2021-02-01 00:00:00,1851,25
2021-02-02 00:00:00,1885,34
2021-02-03 00:00:00,2594,709
2021-02-04 00:00:00,2778,184
2021-02-05 00:00:00,2831,53
2021-02-08 00:00:00,2874,43
2021-02-09 00:00:00,2911,37
2021-02-10 00:00:00,3490,579
2021-02-11 00:00:00,3699,209
2021-02-12 00:00:00,3700,1
2021-02-16 00:00:00,3702,2
2021-02-17 00:00:00,3796,94
2021-02-18 00:00:00,4323,527
2021-02-19 00:00:00,4324,1
2021-02-22 00:00:00,4358,34
2021-02-23 00:00:00,4384,26
2021-02-24 00:00:00,4720,336
2021-02-25 00:00:00,5384,664
2021-02-26 00:00:00,5406,22
2021-02-28 00:00:00,5407,1
2021-03-01 00:00:00,5482,75
2021-03-02 00:00:00,5558,76
2021-03-03 00:00:00,6323,765
2021-03-04 00:00:00,7048,725
2021-03-05 00:00:00,7105,57
2021-03-06 00:00:00,7128,23
2021-03-08 00:00:00,7187,59
2021-03-09 00:00:00,7281,94
2021-03-10 00:00:00,7956,675
2021-03-11 00:00:00,8579,623
2021-03-12 00:00:00,8637,58
2021-03-13 00:00:00,8647,10
2021-03-15 00:00:00,8693,46
2021-03-16 00:00:00,8750,57
2021-03-17 00:00:00,9221,471
2021-03-18 00:00:00,9815,594
2021-03-19 00:00:00,9863,48
2021-03-21 00:00:00,9864,1
2021-03-22 00:00:00,9915,51
2021-03-23 00:00:00,9977,62
2021-03-24 00:00:00,10331,354
2021-03-25 00:00:00,10827,496
2021-03-26 00:00:00,10829,2
2021-03-28 00:00:00,10831,2
2021-03-29 00:00:00,10888,57
2021-03-30 00:00:00,11135,247
2021-03-31 00:00:00,11659,524
2021-04-01 00:00:00,11718,59
2021-04-02 00:00:00,11744,26
2021-04-03 00:00:00,11756,12
2021-04-05 00:00:00,11802,46
2021-04-06 00:00:00,11902,100
2021-04-07 00:00:00,12173,271
2021-04-08 00:00:00,12522,349
2021-04-09 00:00:00,12648,126
2021-04-10 00:00:00,12705,57
2021-04-11 00:00:00,12719,14
2021-04-12 00:00:00,12786,67
2021-04-13 00:00:00,12843,57
2021-04-14 00:00:00,13297,454
2021-04-15 00:00:00,13816,519
2021-04-16 00:00:00,13861,45
2021-04-17 00:00:00,13866,5
2021-04-18 00:00:00,13868,2
2021-04-19 00:00:00,13927,59
2021-04-20 00:00:00,14025,98
2021-04-21 00:00:00,14166,141
2021-04-22 00:00:00,14597,431
2021-04-23 00:00:00,14628,31
2021-04-24 00:00:00,14638,10
2021-04-25 00:00:00,14639,1
2021-04-26 00:00:00,14673,34
2021-04-27 00:00:00,14718,45
2021-04-28 00:00:00,15152,434
2021-04-29 00:00:00,15207,55
2021-04-30 00:00:00,15281,74
2021-05-01 00:00:00,15318,37
2021-05-02 00:00:00,15324,6
2021-05-03 00:00:00,15354,30
2021-05-04 00:00:00,15415,61
2021-05-05 00:00:00,15615,200
2021-05-06 00:00:00,15789,174
2021-05-07 00:00:00,15807,18
2021-05-08 00:00:00,15810,3
2021-05-09 00:00:00,15811,1
2021-05-10 00:00:00,15834,23
2021-05-11 00:00:00,15872,38
2021-05-12 00:00:00,15949,77
2021-05-13 00:00:00,15969,20
2021-05-14 00:00:00,15990,21
2021-05-15 00:00:00,15998,8
2021-05-16 00:00:00,15999,1
2021-05-17 00:00:00,16038,39
2021-05-18 00:00:00,16062,24
2021-05-19 00:00:00,16245,183
2021-05-20 00:00:00,16274,29
2021-05-21 00:00:00,16308,34
2021-05-22 00:00:00,16320,12
2021-05-23 00:00:00,16323,3
2021-05-24 00:00:00,16338,15
2021-05-25 00:00:00,16373,35
2021-05-26 00:00:00,16425,52
2021-05-27 00:00:00,16438,13
2021-05-28 00:00:00,16454,16
2021-05-29 00:00:00,16457,3
2021-05-31 00:00:00,16458,1
2021-06-01 00:00:00,16501,43
2021-06-02 00:00:00,16557,56
2021-06-03 00:00:00,16612,55
2021-06-04 00:00:00,16619,7
2021-06-05 00:00:00,16624,5
2021-06-06 00:00:00,16628,4
2021-06-07 00:00:00,16636,8
2021-06-08 00:00:00,16654,18
2021-06-09 00:00:00,16699,45
2021-06-10 00:00:00,16707,8
2021-06-11 00:00:00,16711,4
2021-06-12 00:00:00,16713,2
2021-06-13 00:00:00,16714,1
2021-06-14 00:00:00,16733,19
2021-06-15 00:00:00,16754,21
2021-06-16 00:00:00,16785,31
2021-06-17 00:00:00,16799,14
2021-06-18 00:00:00,16811,12
2021-06-19 00:00:00,16816,5
2021-06-20 00:00:00,16817,1
2021-06-21 00:00:00,16820,3
2021-06-22 00:00:00,16838,18
2021-06-23 00:00:00,16860,22
2021-06-24 00:00:00,16875,15
2021-06-25 00:00:00,16877,2
2021-06-26 00:00:00,16885,8
2021-06-27 00:00:00,16888,3
2021-06-28 00:00:00,16891,3
2021-06-29 00:00:00,16924,33
2021-06-30 00:00:00,16930,6
2021-07-01 00:00:00,16934,4
2021-07-02 00:00:00,16935,1
2021-07-03 00:00:00,16936,1
2021-07-04 00:00:00,16937,1
2021-07-05 00:00:00,16940,3
2021-07-06 00:00:00,16952,12
2021-07-07 00:00:00,16983,31
2021-07-08 00:00:00,17012,29
2021-07-09 00:00:00,17014,2
2021-07-10 00:00:00,17019,5
2021-07-11 00:00:00,17020,1
2021-07-12 00:00:00,17034,14
2021-07-13 00:00:00,17047,13
2021-07-14 00:00:00,17060,13
2021-07-15 00:00:00,17068,8
2021-07-16 00:00:00,17071,3
2021-07-17 00:00:00,17078,7
