date,Pima_cume,Pima
1/1/2021,57,
1/10/2021,60,3
1/11/2021,66,6
1/12/2021,68,2
1/13/2021,69,1
1/14/2021,70,1
1/15/2021,72,2
1/16/2021,73,1
1/17/2021,81,8
1/18/2021,82,1
1/19/2021,91,9
1/2/2021,94,3
1/20/2021,96,2
1/21/2021,103,7
1/22/2021,128,25
1/23/2021,137,9
1/24/2021,1354,1217
1/25/2021,2726,1372
1/26/2021,3461,735
1/27/2021,3479,18
1/28/2021,4982,1503
1/29/2021,6542,1560
1/3/2021,8419,1877
1/30/2021,9472,1053
1/31/2021,9480,8
1/4/2021,10272,792
1/5/2021,10443,171
1/6/2021,12251,1808
1/7/2021,14177,1926
1/8/2021,16269,2092
1/9/2021,17840,1571
10/1/2021,18575,735
10/10/2021,19212,637
10/11/2021,19575,363
10/12/2021,21365,1790
10/13/2021,23123,1758
10/14/2021,25242,2119
10/15/2021,27488,2246
10/16/2021,30117,2629
10/17/2021,32205,2088
10/18/2021,32657,452
10/19/2021,35487,2830
10/2/2021,38323,2836
10/20/2021,40919,2596
10/21/2021,43463,2544
10/3/2021,47662,4199
10/4/2021,49131,1469
10/5/2021,49685,554
10/6/2021,53673,3988
10/7/2021,57886,4213
10/8/2021,62860,4974
10/9/2021,68377,5517
12/1/2020,75051,6674
12/10/2020,78527,3476
12/11/2020,79626,1099
12/12/2020,86894,7268
12/13/2020,93685,6791
12/14/2020,101117,7432
12/15/2020,108127,7010
12/16/2020,115309,7182
12/17/2020,120321,5012
12/18/2020,121722,1401
12/19/2020,128291,6569
12/2/2020,134806,6515
12/20/2020,141916,7110
12/21/2020,149254,7338
12/22/2020,158059,8805
12/23/2020,162936,4877
12/24/2020,164231,1295
12/25/2020,171342,7111
12/26/2020,177774,6432
12/27/2020,185525,7751
12/28/2020,193523,7998
12/29/2020,202548,9025
12/3/2020,207793,5245
12/30/2020,208887,1094
12/31/2020,215127,6240
12/4/2020,222251,7124
12/5/2020,229954,7703
12/6/2020,237543,7589
12/7/2020,243473,5930
12/8/2020,247649,4176
12/9/2020,248537,888
2/1/2021,253875,5338
2/10/2021,260246,6371
2/11/2021,268596,8350
2/12/2021,278682,10086
2/13/2021,290764,12082
2/14/2021,298579,7815
2/15/2021,302365,3786
2/16/2021,312723,10358
2/17/2021,321573,8850
2/18/2021,331779,10206
2/19/2021,340414,8635
2/2/2021,350598,10184
2/20/2021,357679,7081
2/21/2021,361845,4166
2/22/2021,372221,10376
2/23/2021,382484,10263
2/24/2021,394747,12263
2/25/2021,406792,12045
2/26/2021,419529,12737
2/27/2021,427579,8050
2/28/2021,431479,3900
2/3/2021,440603,9124
2/4/2021,450394,9791
2/5/2021,461329,10935
2/6/2021,472185,10856
2/7/2021,483811,11626
2/8/2021,490541,6730
2/9/2021,496418,5877
3/1/2021,505318,8900
3/10/2021,515584,10266
3/11/2021,527625,12041
3/12/2021,541077,13452
3/13/2021,555214,14137
3/14/2021,563959,8745
3/15/2021,569824,5865
3/16/2021,580505,10681
3/17/2021,592625,12120
3/18/2021,606346,13721
3/19/2021,619226,12880
3/2/2021,632015,12789
3/20/2021,640608,8593
3/21/2021,645482,4874
3/22/2021,657473,11991
3/23/2021,669457,11984
3/24/2021,683922,14465
3/25/2021,697917,13995
3/26/2021,712378,14461
3/27/2021,720821,8443
3/28/2021,725520,4699
3/29/2021,736101,10581
3/3/2021,745796,9695
3/30/2021,757139,11343
3/31/2021,768870,11731
3/4/2021,780964,12094
3/5/2021,787383,6419
3/6/2021,791836,4453
3/7/2021,800730,8894
3/8/2021,809999,9269
3/9/2021,820529,10530
4/1/2021,831368,10839
4/10/2021,842920,11552
4/11/2021,850350,7430
4/12/2021,854245,3895
4/13/2021,864733,10488
4/14/2021,874412,9679
4/15/2021,884169,9757
4/16/2021,893380,9211
4/17/2021,902342,8962
4/18/2021,906599,4257
4/19/2021,909536,2937
4/2/2021,916304,6768
4/20/2021,922593,6289
4/21/2021,929738,7145
4/22/2021,935776,6038
4/23/2021,942506,6730
4/24/2021,946029,3523
4/25/2021,947732,1703
4/26/2021,952131,4399
4/27/2021,955888,3757
4/28/2021,960305,4417
4/29/2021,966041,5736
4/3/2021,972338,6297
4/30/2021,977080,4742
4/4/2021,980101,3021
4/5/2021,985067,4966
4/6/2021,988820,3753
4/7/2021,993010,4190
4/8/2021,996886,3876
4/9/2021,1002146,5260
5/1/2021,1005834,3688
5/10/2021,1007435,1601
5/11/2021,1011126,3691
5/12/2021,1014407,3281
5/13/2021,1017523,3116
5/14/2021,1020371,2848
5/15/2021,1024110,3739
5/16/2021,1025868,1758
5/17/2021,1026778,910
5/18/2021,1027457,679
5/19/2021,1030765,3308
5/2/2021,1033468,2703
5/20/2021,1036614,3146
5/21/2021,1040800,4186
5/22/2021,1043469,2669
5/23/2021,1045162,1693
5/24/2021,1048895,3733
5/25/2021,1051643,2748
5/26/2021,1054483,2840
5/27/2021,1057114,2631
5/28/2021,1060480,3366
5/29/2021,1062649,2169
5/3/2021,1063774,1125
5/30/2021,1066866,3092
5/31/2021,1068919,2053
5/4/2021,1071144,2225
5/5/2021,1073122,1978
5/6/2021,1075881,2759
5/7/2021,1077447,1566
5/8/2021,1078195,748
5/9/2021,1079980,1785
6/1/2021,1082077,2097
6/10/2021,1084028,1951
6/11/2021,1085848,1820
6/12/2021,1088343,2495
6/13/2021,1089706,1363
6/14/2021,1090436,730
6/15/2021,1092115,1679
6/16/2021,1093699,1584
6/17/2021,1095471,1772
6/18/2021,1097081,1610
6/19/2021,1098866,1785
6/2/2021,1099890,1024
6/20/2021,1100109,219
6/21/2021,1101288,1179
6/22/2021,1102705,1417
6/23/2021,1104274,1569
6/24/2021,1106012,1738
6/25/2021,1107850,1838
6/26/2021,1109046,1196
6/27/2021,1109637,591
6/28/2021,1111168,1531
6/29/2021,1112548,1380
6/3/2021,1113983,1435
6/30/2021,1115368,1385
6/4/2021,1117258,1890
6/5/2021,1118447,1189
6/6/2021,1119075,628
6/7/2021,1120702,1627
6/8/2021,1122285,1583
6/9/2021,1123975,1690
7/1/2021,1125625,1650
7/10/2021,1127661,2036
7/11/2021,1128961,1300
7/12/2021,1129670,709
7/13/2021,1131526,1856
7/14/2021,1133536,2010
7/15/2021,1135737,2201
7/16/2021,1137668,1931
7/17/2021,1140085,2417
7/18/2021,1141653,1568
7/19/2021,1142654,1001
7/2/2021,1144750,2096
7/20/2021,1146661,1911
7/21/2021,1148434,1773
7/22/2021,1150072,1638
7/23/2021,1152480,2408
7/24/2021,1154041,1561
7/25/2021,1154968,927
7/26/2021,1156881,1913
7/27/2021,1158564,1683
7/28/2021,1160228,1664
7/29/2021,1162024,1796
7/3/2021,1164607,2583
7/30/2021,1166355,1748
7/31/2021,1167459,1104
7/4/2021,1169599,2140
7/5/2021,1171713,2114
7/6/2021,1174047,2334
7/7/2021,1176190,2143
7/8/2021,1178904,2714
7/9/2021,1180530,1626
8/1/2021,1181653,1123
8/10/2021,1183936,2283
8/11/2021,1186462,2526
8/12/2021,1188725,2263
8/13/2021,1190625,1900
8/14/2021,1193298,2673
8/15/2021,1194916,1618
8/16/2021,1195987,1071
8/17/2021,1197934,1947
8/18/2021,1199662,1728
8/19/2021,1201392,1730
8/2/2021,1202747,1355
8/20/2021,1205067,2320
8/21/2021,1206363,1296
8/22/2021,1207129,766
8/23/2021,1207407,278
8/24/2021,1208990,1583
8/25/2021,1210574,1584
8/26/2021,1211854,1280
8/27/2021,1213878,2024
8/28/2021,1215224,1346
8/29/2021,1216152,928
8/3/2021,1217729,1577
8/30/2021,1219312,1583
8/31/2021,1220144,832
8/4/2021,1221439,1295
8/5/2021,1223520,2081
8/6/2021,1224619,1099
8/7/2021,1225309,690
8/8/2021,1226219,910
8/9/2021,1227635,1416
9/1/2021,1229076,1441
9/10/2021,1230406,1330
9/11/2021,1232978,2572
9/12/2021,1234982,2004
9/13/2021,1236102,1120
9/14/2021,1238720,2618
9/15/2021,1241657,2937
9/16/2021,1244570,2913
9/17/2021,1247251,2681
9/18/2021,1250248,2997
9/19/2021,1251725,1477
9/2/2021,1252521,796
9/20/2021,1255225,2704
9/21/2021,1257895,2670
9/22/2021,1260233,2338
9/23/2021,1262299,2066
9/24/2021,1265051,2752
9/25/2021,1266536,1485
9/26/2021,1267584,1048
9/27/2021,1269919,2335
9/28/2021,1270977,1058
9/29/2021,1272513,1536
9/3/2021,1274585,2072
9/30/2021,1276913,2328
9/4/2021,1278009,1096
9/5/2021,1278709,700
9/6/2021,1280662,1953
9/7/2021,1282408,1746
9/8/2021,1284131,1723
9/9/2021,1284640,509
