date,Arizona_cume,Arizona
2020-12-01 00:00:00,163,
2020-12-02 00:00:00,182,19
2020-12-03 00:00:00,200,18
2020-12-04 00:00:00,207,7
2020-12-05 00:00:00,209,2
2020-12-06 00:00:00,211,2
2020-12-07 00:00:00,224,13
2020-12-08 00:00:00,235,11
2020-12-09 00:00:00,246,11
2020-12-10 00:00:00,265,19
2020-12-11 00:00:00,280,15
2020-12-12 00:00:00,290,10
2020-12-13 00:00:00,298,8
2020-12-14 00:00:00,319,21
2020-12-15 00:00:00,386,67
2020-12-16 00:00:00,993,607
2020-12-17 00:00:00,4171,3178
2020-12-18 00:00:00,7840,3669
2020-12-19 00:00:00,10408,2568
2020-12-20 00:00:00,11456,1048
2020-12-21 00:00:00,17003,5547
2020-12-22 00:00:00,24822,7819
2020-12-23 00:00:00,34663,9841
2020-12-24 00:00:00,38529,3866
2020-12-25 00:00:00,38672,143
2020-12-26 00:00:00,45216,6544
2020-12-27 00:00:00,47883,2667
2020-12-28 00:00:00,57355,9472
2020-12-29 00:00:00,70656,13301
2020-12-30 00:00:00,85759,15103
2020-12-31 00:00:00,93747,7988
2021-01-01 00:00:00,95612,1865
2021-01-02 00:00:00,103277,7665
2021-01-03 00:00:00,106510,3233
2021-01-04 00:00:00,115329,8819
2021-01-05 00:00:00,124483,9154
2021-01-06 00:00:00,136615,12132
2021-01-07 00:00:00,149419,12804
2021-01-08 00:00:00,161538,12119
2021-01-09 00:00:00,169516,7978
2021-01-10 00:00:00,172791,3275
2021-01-11 00:00:00,188681,15890
2021-01-12 00:00:00,212008,23327
2021-01-13 00:00:00,237454,25446
2021-01-14 00:00:00,262312,24858
2021-01-15 00:00:00,287645,25333
2021-01-16 00:00:00,303489,15844
2021-01-17 00:00:00,312873,9384
2021-01-18 00:00:00,332019,19146
2021-01-19 00:00:00,359323,27304
2021-01-20 00:00:00,391626,32303
2021-01-21 00:00:00,426972,35346
2021-01-22 00:00:00,465398,38426
2021-01-23 00:00:00,494243,28845
2021-01-24 00:00:00,510528,16285
2021-01-25 00:00:00,540541,30013
2021-01-26 00:00:00,577755,37214
2021-01-27 00:00:00,618026,40271
2021-01-28 00:00:00,658373,40347
2021-01-29 00:00:00,698658,40285
2021-01-30 00:00:00,725085,26427
2021-01-31 00:00:00,736793,11708
2021-02-01 00:00:00,769528,32735
2021-02-02 00:00:00,808928,39400
2021-02-03 00:00:00,853259,44331
2021-02-04 00:00:00,900573,47314
2021-02-05 00:00:00,945258,44685
2021-02-06 00:00:00,984328,39070
2021-02-07 00:00:00,1000795,16467
2021-02-08 00:00:00,1040155,39360
2021-02-09 00:00:00,1084839,44684
2021-02-10 00:00:00,1136339,51500
2021-02-11 00:00:00,1188631,52292
2021-02-12 00:00:00,1251079,62448
2021-02-13 00:00:00,1297557,46478
2021-02-14 00:00:00,1315068,17511
2021-02-15 00:00:00,1346960,31892
2021-02-16 00:00:00,1392159,45199
2021-02-17 00:00:00,1439957,47798
2021-02-18 00:00:00,1485750,45793
2021-02-19 00:00:00,1529364,43614
2021-02-20 00:00:00,1565039,35675
2021-02-21 00:00:00,1580273,15234
2021-02-22 00:00:00,1609341,29068
2021-02-23 00:00:00,1654197,44856
2021-02-24 00:00:00,1711833,57636
2021-02-25 00:00:00,1772975,61142
2021-02-26 00:00:00,1840734,67759
2021-02-27 00:00:00,1892749,52015
2021-02-28 00:00:00,1918841,26092
2021-03-01 00:00:00,1968332,49491
2021-03-02 00:00:00,2020047,51715
2021-03-03 00:00:00,2079520,59473
2021-03-04 00:00:00,2138826,59306
2021-03-05 00:00:00,2199235,60409
2021-03-06 00:00:00,2245244,46009
2021-03-07 00:00:00,2271570,26326
2021-03-08 00:00:00,2323690,52120
2021-03-09 00:00:00,2381515,57825
2021-03-10 00:00:00,2450345,68830
2021-03-11 00:00:00,2522711,72366
2021-03-12 00:00:00,2597150,74439
2021-03-13 00:00:00,2650327,53177
2021-03-14 00:00:00,2679367,29040
2021-03-15 00:00:00,2728295,48928
2021-03-16 00:00:00,2784424,56129
2021-03-17 00:00:00,2848553,64129
2021-03-18 00:00:00,2913989,65436
2021-03-19 00:00:00,2975633,61644
2021-03-20 00:00:00,3023605,47972
2021-03-21 00:00:00,3055585,31980
2021-03-22 00:00:00,3100479,44894
2021-03-23 00:00:00,3150550,50071
2021-03-24 00:00:00,3215386,64836
2021-03-25 00:00:00,3288382,72996
2021-03-26 00:00:00,3360307,71925
2021-03-27 00:00:00,3414424,54117
2021-03-28 00:00:00,3453208,38784
2021-03-29 00:00:00,3515921,62713
2021-03-30 00:00:00,3584574,68653
2021-03-31 00:00:00,3663299,78725
2021-04-01 00:00:00,3742265,78966
2021-04-02 00:00:00,3812578,70313
2021-04-03 00:00:00,3862867,50289
2021-04-04 00:00:00,3884128,21261
2021-04-05 00:00:00,3943586,59458
2021-04-06 00:00:00,4010754,67168
2021-04-07 00:00:00,4087066,76312
2021-04-08 00:00:00,4164875,77809
2021-04-09 00:00:00,4236414,71539
2021-04-10 00:00:00,4286166,49752
2021-04-11 00:00:00,4317412,31246
2021-04-12 00:00:00,4370570,53158
2021-04-13 00:00:00,4421280,50710
2021-04-14 00:00:00,4481887,60607
2021-04-15 00:00:00,4546865,64978
2021-04-16 00:00:00,4610449,63584
2021-04-17 00:00:00,4653634,43185
2021-04-18 00:00:00,4683694,30060
2021-04-19 00:00:00,4736975,53281
2021-04-20 00:00:00,4792264,55289
2021-04-21 00:00:00,4854809,62545
2021-04-22 00:00:00,4917809,63000
2021-04-23 00:00:00,4976694,58885
2021-04-24 00:00:00,5016754,40060
2021-04-25 00:00:00,5042583,25829
2021-04-26 00:00:00,5089628,47045
2021-04-27 00:00:00,5139263,49635
2021-04-28 00:00:00,5189486,50223
2021-04-29 00:00:00,5235799,46313
2021-04-30 00:00:00,5281542,45743
2021-05-01 00:00:00,5309099,27557
2021-05-02 00:00:00,5330267,21168
2021-05-03 00:00:00,5360684,30417
2021-05-04 00:00:00,5400233,39549
2021-05-05 00:00:00,5435821,35588
2021-05-06 00:00:00,5473755,37934
2021-05-07 00:00:00,5512484,38729
2021-05-08 00:00:00,5539311,26827
2021-05-09 00:00:00,5552206,12895
2021-05-10 00:00:00,5578426,26220
2021-05-11 00:00:00,5604861,26435
2021-05-12 00:00:00,5635602,30741
2021-05-13 00:00:00,5675303,39701
2021-05-14 00:00:00,5715388,40085
2021-05-15 00:00:00,5746089,30701
2021-05-16 00:00:00,5763077,16988
2021-05-17 00:00:00,5795578,32501
2021-05-18 00:00:00,5823491,27913
2021-05-19 00:00:00,5859814,36323
2021-05-20 00:00:00,5890688,30874
2021-05-21 00:00:00,5924657,33969
2021-05-22 00:00:00,5950726,26069
2021-05-23 00:00:00,5961589,10863
2021-05-24 00:00:00,5984237,22648
2021-05-25 00:00:00,6005842,21605
2021-05-26 00:00:00,6029276,23434
2021-05-27 00:00:00,6050820,21544
2021-05-28 00:00:00,6074861,24041
2021-05-29 00:00:00,6088095,13234
2021-05-30 00:00:00,6095491,7396
2021-05-31 00:00:00,6099943,4452
2021-06-01 00:00:00,6120737,20794
2021-06-02 00:00:00,6141130,20393
2021-06-03 00:00:00,6164547,23417
2021-06-04 00:00:00,6190813,26266
2021-06-05 00:00:00,6211462,20649
2021-06-06 00:00:00,6221166,9704
2021-06-07 00:00:00,6241157,19991
2021-06-08 00:00:00,6260184,19027
2021-06-09 00:00:00,6280623,20439
2021-06-10 00:00:00,6301214,20591
2021-06-11 00:00:00,6326695,25481
2021-06-12 00:00:00,6343503,16808
2021-06-13 00:00:00,6351516,8013
2021-06-14 00:00:00,6369165,17649
2021-06-15 00:00:00,6385404,16239
2021-06-16 00:00:00,6401978,16574
2021-06-17 00:00:00,6418075,16097
2021-06-18 00:00:00,6437000,18925
2021-06-19 00:00:00,6448127,11127
2021-06-20 00:00:00,6453848,5721
2021-06-21 00:00:00,6465412,11564
2021-06-22 00:00:00,6479352,13940
2021-06-23 00:00:00,6494481,15129
2021-06-24 00:00:00,6508690,14209
2021-06-25 00:00:00,6524842,16152
2021-06-26 00:00:00,6534766,9924
2021-06-27 00:00:00,6540680,5914
2021-06-28 00:00:00,6552502,11822
2021-06-29 00:00:00,6564395,11893
2021-06-30 00:00:00,6577385,12990
2021-07-01 00:00:00,6589896,12511
2021-07-02 00:00:00,6603130,13234
2021-07-03 00:00:00,6610806,7676
2021-07-04 00:00:00,6612126,1320
2021-07-05 00:00:00,6621421,9295
2021-07-06 00:00:00,6632344,10923
2021-07-07 00:00:00,6643498,11154
2021-07-08 00:00:00,6654499,11001
2021-07-09 00:00:00,6669384,14885
2021-07-10 00:00:00,6679213,9829
2021-07-11 00:00:00,6684211,4998
2021-07-12 00:00:00,6695256,11045
2021-07-13 00:00:00,6705205,9949
2021-07-14 00:00:00,6715671,10466
2021-07-15 00:00:00,6726236,10565
2021-07-16 00:00:00,6739831,13595
2021-07-17 00:00:00,6748275,8444
2021-07-18 00:00:00,6753589,5314
2021-07-19 00:00:00,6765897,12308
2021-07-20 00:00:00,6777535,11638
2021-07-21 00:00:00,6790286,12751
2021-07-22 00:00:00,6803182,12896
2021-07-23 00:00:00,6818976,15794
2021-07-24 00:00:00,6829567,10591
2021-07-25 00:00:00,6836217,6650
2021-07-26 00:00:00,6850034,13817
2021-07-27 00:00:00,6863893,13859
2021-07-28 00:00:00,6878424,14531
2021-07-29 00:00:00,6892575,14151
2021-07-30 00:00:00,6911738,19163
2021-07-31 00:00:00,6924832,13094
2021-08-01 00:00:00,6932305,7473
2021-08-02 00:00:00,6947086,14781
2021-08-03 00:00:00,6960676,13590
2021-08-04 00:00:00,6974952,14276
2021-08-05 00:00:00,6988972,14020
2021-08-06 00:00:00,7008528,19556
2021-08-07 00:00:00,7021591,13063
2021-08-08 00:00:00,7029265,7674
2021-08-09 00:00:00,7044518,15253
2021-08-10 00:00:00,7058703,14185
2021-08-11 00:00:00,7072817,14114
2021-08-12 00:00:00,7087887,15070
2021-08-13 00:00:00,7108319,20432
2021-08-14 00:00:00,7122155,13836
2021-08-15 00:00:00,7130408,8253
2021-08-16 00:00:00,7147319,16911
2021-08-17 00:00:00,7163431,16112
2021-08-18 00:00:00,7180067,16636
2021-08-19 00:00:00,7195395,15328
2021-08-20 00:00:00,7215194,19799
2021-08-21 00:00:00,7228932,13738
2021-08-22 00:00:00,7236966,8034
2021-08-23 00:00:00,7253602,16636
2021-08-24 00:00:00,7269554,15952
2021-08-25 00:00:00,7285556,16002
2021-08-26 00:00:00,7300999,15443
2021-08-27 00:00:00,7321200,20201
2021-08-28 00:00:00,7334242,13042
2021-08-29 00:00:00,7342274,8032
2021-08-30 00:00:00,7357483,15209
2021-08-31 00:00:00,7370433,12950
2021-09-01 00:00:00,7384189,13756
2021-09-02 00:00:00,7395260,11071
2021-09-03 00:00:00,7413217,17957
2021-09-04 00:00:00,7423538,10321
2021-09-05 00:00:00,7430023,6485
2021-09-06 00:00:00,7432326,2303
2021-09-07 00:00:00,7445680,13354
2021-09-08 00:00:00,7458371,12691
2021-09-09 00:00:00,7468853,10482
2021-09-10 00:00:00,7485044,16191
2021-09-11 00:00:00,7495430,10386
2021-09-12 00:00:00,7501886,6456
2021-09-13 00:00:00,7514690,12804
2021-09-14 00:00:00,7526100,11410
2021-09-15 00:00:00,7529503,3403
