date,Arizona,Arizona_cum,StatePODs,StatePODs_cum
2021-03-29 00:00:00,32792,3300877,17812.0,903475.0
2021-03-28 00:00:00,30953,3268085,20380.0,885663.0
2021-03-27 00:00:00,44299,3237132,19961.0,865283.0
2021-03-26 00:00:00,59123,3192833,20264.0,845322.0
2021-03-25 00:00:00,60033,3133710,19157.0,825058.0
2021-03-24 00:00:00,54827,3073677,16320.0,805901.0
2021-03-23 00:00:00,42022,3018850,11020.0,789581.0
2021-03-22 00:00:00,37043,2976828,11197.0,778561.0
2021-03-21 00:00:00,28025,2939785,15494.0,767364.0
2021-03-20 00:00:00,42953,2911760,16347.0,751870.0
2021-03-19 00:00:00,56910,2868807,17269.0,735523.0
2021-03-18 00:00:00,61475,2811897,16469.0,718254.0
2021-03-17 00:00:00,60933,2750422,16720.0,701785.0
2021-03-16 00:00:00,53364,2689489,14685.0,685065.0
2021-03-15 00:00:00,46281,2636125,13744.0,670380.0
2021-03-14 00:00:00,27268,2589844,16103.0,656636.0
2021-03-13 00:00:00,49944,2562576,17896.0,640533.0
2021-03-12 00:00:00,70693,2512632,16837.0,622637.0
2021-03-11 00:00:00,68886,2441939,17634.0,605800.0
2021-03-10 00:00:00,65802,2373053,16900.0,588166.0
2021-03-09 00:00:00,56007,2307251,16197.0,571266.0
2021-03-08 00:00:00,49803,2251244,16641.0,555069.0
2021-03-07 00:00:00,25701,2201441,16282.0,538428.0
2021-03-06 00:00:00,44150,2175740,16444.0,522146.0
2021-03-05 00:00:00,57560,2131590,16389.0,505702.0
2021-03-04 00:00:00,57013,2074030,15923.0,489313.0
2021-03-03 00:00:00,57822,2017017,15399.0,473390.0
2021-03-02 00:00:00,49023,1959195,14451.0,457991.0
2021-03-01 00:00:00,44808,1910172,12840.0,443540.0
2021-02-28 00:00:00,25454,1865364,15575.0,430700.0
2021-02-27 00:00:00,50818,1839910,15098.0,415125.0
2021-02-26 00:00:00,66181,1789092,13987.0,400027.0
2021-02-25 00:00:00,59776,1722911,13362.0,386040.0
2021-02-24 00:00:00,56223,1663135,13715.0,372678.0
2021-02-23 00:00:00,43783,1606912,12731.0,358963.0
2021-02-22 00:00:00,27616,1563129,11776.0,346232.0
2021-02-21 00:00:00,14768,1535513,10822.0,334456.0
2021-02-20 00:00:00,34743,1520745,11254.0,323634.0
2021-02-19 00:00:00,41882,1486002,10223.0,312380.0
2021-02-18 00:00:00,43915,1444120,9841.0,302157.0
2021-02-17 00:00:00,46404,1400205,10555.0,292316.0
2021-02-16 00:00:00,44082,1353801,11077.0,281761.0
2021-02-15 00:00:00,30992,1309719,11028.0,270684.0
2021-02-14 00:00:00,17239,1278727,10226.0,259656.0
2021-02-13 00:00:00,45459,1261488,10478.0,249430.0
2021-02-12 00:00:00,60649,1216029,11057.0,238952.0
2021-02-11 00:00:00,50506,1155380,10847.0,227895.0
2021-02-10 00:00:00,50021,1104874,11070.0,217048.0
2021-02-09 00:00:00,43700,1054853,11035.0,205978.0
2021-02-08 00:00:00,38312,1011153,13483.0,194943.0
2021-02-07 00:00:00,16240,972841,11442.0,181460.0
2021-02-06 00:00:00,37921,956601,10991.0,170018.0
2021-02-05 00:00:00,43489,918680,9140.0,159027.0
2021-02-04 00:00:00,45901,875191,9949.0,149887.0
2021-02-03 00:00:00,43290,829290,8975.0,139938.0
2021-02-02 00:00:00,38040,786000,8729.0,130963.0
2021-02-01 00:00:00,29271,747960,8253.0,122234.0
2021-01-31 00:00:00,11534,718689,4834.0,113981.0
2021-01-30 00:00:00,26141,707155,4759.0,109147.0
2021-01-29 00:00:00,39491,681014,4950.0,104388.0
2021-01-28 00:00:00,39229,641523,5409.0,99438.0
2021-01-27 00:00:00,39293,602294,5514.0,94029.0
2021-01-26 00:00:00,36432,563001,6135.0,88515.0
2021-01-25 00:00:00,28949,526569,5274.0,82380.0
2021-01-24 00:00:00,16153,497620,5752.0,77106.0
2021-01-23 00:00:00,28514,481467,5760.0,71354.0
2021-01-22 00:00:00,37575,452953,5562.0,65594.0
2021-01-21 00:00:00,34762,415378,6169.0,60032.0
2021-01-20 00:00:00,31408,380616,5694.0,53863.0
2021-01-19 00:00:00,26468,349208,6001.0,48169.0
2021-01-18 00:00:00,18828,322740,6008.0,42168.0
2021-01-17 00:00:00,9279,303912,5970.0,36160.0
2021-01-16 00:00:00,15689,294633,5663.0,30190.0
2021-01-15 00:00:00,24577,278944,5947.0,24527.0
2021-01-14 00:00:00,24443,254367,5885.0,18580.0
2021-01-13 00:00:00,24919,229924,6323.0,12695.0
2021-01-12 00:00:00,22998,205005,5637.0,6372.0
2021-01-11 00:00:00,15449,182007,733.0,735.0
2021-01-10 00:00:00,3181,166558,,
2021-01-09 00:00:00,7895,163377,,
2021-01-08 00:00:00,11807,155482,1.0,2.0
2021-01-07 00:00:00,12436,143675,,
2021-01-06 00:00:00,11788,131239,,
2021-01-05 00:00:00,8754,119451,1.0,1.0
2021-01-04 00:00:00,8526,110697,,
2021-01-03 00:00:00,3178,102171,,
2021-01-02 00:00:00,7527,98993,,
2021-01-01 00:00:00,519,91466,,
2020-12-31 00:00:00,7745,90947,,
2020-12-30 00:00:00,14743,83202,,
2020-12-29 00:00:00,12709,68459,,
2020-12-28 00:00:00,9129,55750,,
2020-12-27 00:00:00,2635,46621,,
2020-12-26 00:00:00,6501,43986,,
2020-12-25 00:00:00,137,37485,,
2020-12-24 00:00:00,3776,37348,,
2020-12-23 00:00:00,9593,33572,,
2020-12-22 00:00:00,7681,23979,,
2020-12-21 00:00:00,5454,16298,,
2020-12-20 00:00:00,1010,10844,,
2020-12-19 00:00:00,2550,9834,,
2020-12-18 00:00:00,3558,7284,,
2020-12-17 00:00:00,3060,3726,,
2020-12-16 00:00:00,555,666,,
2020-12-15 00:00:00,31,111,,
2020-12-14 00:00:00,6,80,,
2020-12-13 00:00:00,3,74,,
2020-12-12 00:00:00,4,71,,
2020-12-11 00:00:00,7,67,,
2020-12-10 00:00:00,3,60,,
2020-12-09 00:00:00,3,57,,
2020-12-08 00:00:00,3,54,,
2020-12-07 00:00:00,4,51,,
2020-12-05 00:00:00,1,47,,
2020-12-04 00:00:00,3,46,,
2020-12-03 00:00:00,6,43,,
2020-12-02 00:00:00,8,37,,
2020-12-01 00:00:00,29,29,,
