date,Maricopa_cume,Maricopa
2020-12-01 00:00:00,49,
2020-12-02 00:00:00,58,9
2020-12-03 00:00:00,63,5
2020-12-04 00:00:00,64,1
2020-12-07 00:00:00,67,3
2020-12-08 00:00:00,69,2
2020-12-09 00:00:00,73,4
2020-12-10 00:00:00,80,7
2020-12-11 00:00:00,84,4
2020-12-12 00:00:00,86,2
2020-12-14 00:00:00,90,4
2020-12-15 00:00:00,101,11
2020-12-16 00:00:00,137,36
2020-12-17 00:00:00,1386,1249
2020-12-18 00:00:00,3040,1654
2020-12-19 00:00:00,4723,1683
2020-12-20 00:00:00,5690,967
2020-12-21 00:00:00,8949,3259
2020-12-22 00:00:00,13204,4255
2020-12-23 00:00:00,18022,4818
2020-12-24 00:00:00,19583,1561
2020-12-25 00:00:00,19584,1
2020-12-26 00:00:00,24700,5116
2020-12-27 00:00:00,27015,2315
2020-12-28 00:00:00,32300,5285
2020-12-29 00:00:00,40258,7958
2020-12-30 00:00:00,49067,8809
2020-12-31 00:00:00,52838,3771
2021-01-01 00:00:00,53321,483
2021-01-02 00:00:00,59527,6206
2021-01-03 00:00:00,62218,2691
2021-01-04 00:00:00,66859,4641
2021-01-05 00:00:00,71223,4364
2021-01-06 00:00:00,76224,5001
2021-01-07 00:00:00,81495,5271
2021-01-08 00:00:00,86055,4560
2021-01-09 00:00:00,90695,4640
2021-01-10 00:00:00,93413,2718
2021-01-11 00:00:00,102394,8981
2021-01-12 00:00:00,113150,10756
2021-01-13 00:00:00,124687,11537
2021-01-14 00:00:00,136128,11441
2021-01-15 00:00:00,145939,9811
2021-01-16 00:00:00,152323,6384
2021-01-17 00:00:00,155048,2725
2021-01-18 00:00:00,161868,6820
2021-01-19 00:00:00,174118,12250
2021-01-20 00:00:00,187641,13523
2021-01-21 00:00:00,201890,14249
2021-01-22 00:00:00,219172,17282
2021-01-23 00:00:00,233071,13899
2021-01-24 00:00:00,240217,7146
2021-01-25 00:00:00,251772,11555
2021-01-26 00:00:00,268623,16851
2021-01-27 00:00:00,284407,15784
2021-01-28 00:00:00,298641,14234
2021-01-29 00:00:00,315978,17337
2021-01-30 00:00:00,327347,11369
2021-01-31 00:00:00,330836,3489
2021-02-01 00:00:00,339654,8818
2021-02-02 00:00:00,354013,14359
2021-02-03 00:00:00,368271,14258
2021-02-04 00:00:00,385014,16743
2021-02-05 00:00:00,400151,15137
2021-02-06 00:00:00,414593,14442
2021-02-07 00:00:00,417067,2474
2021-02-08 00:00:00,428323,11256
2021-02-09 00:00:00,446322,17999
2021-02-10 00:00:00,462844,16522
2021-02-11 00:00:00,480023,17179
2021-02-12 00:00:00,506785,26762
2021-02-13 00:00:00,526485,19700
2021-02-14 00:00:00,530357,3872
2021-02-15 00:00:00,539726,9369
2021-02-16 00:00:00,557836,18110
2021-02-17 00:00:00,577346,19510
2021-02-18 00:00:00,597390,20044
2021-02-19 00:00:00,618133,20743
2021-02-20 00:00:00,634282,16149
2021-02-21 00:00:00,637279,2997
2021-02-22 00:00:00,646735,9456
2021-02-23 00:00:00,666161,19426
2021-02-24 00:00:00,687619,21458
2021-02-25 00:00:00,707447,19828
2021-02-26 00:00:00,734140,26693
2021-02-27 00:00:00,753381,19241
2021-02-28 00:00:00,757464,4083
2021-03-01 00:00:00,771881,14417
2021-03-02 00:00:00,789176,17295
2021-03-03 00:00:00,807545,18369
2021-03-04 00:00:00,826698,19153
2021-03-05 00:00:00,846830,20132
2021-03-06 00:00:00,861605,14775
2021-03-07 00:00:00,866395,4790
2021-03-08 00:00:00,883450,17055
2021-03-09 00:00:00,903166,19716
2021-03-10 00:00:00,926040,22874
2021-03-11 00:00:00,949768,23728
2021-03-12 00:00:00,979421,29653
2021-03-13 00:00:00,997242,17821
2021-03-14 00:00:00,1004477,7235
2021-03-15 00:00:00,1022316,17839
2021-03-16 00:00:00,1042821,20505
2021-03-17 00:00:00,1066520,23699
2021-03-18 00:00:00,1090312,23792
2021-03-19 00:00:00,1111895,21583
2021-03-20 00:00:00,1130203,18308
2021-03-21 00:00:00,1139135,8932
2021-03-22 00:00:00,1156184,17049
2021-03-23 00:00:00,1174640,18456
2021-03-24 00:00:00,1196938,22298
2021-03-25 00:00:00,1221064,24126
2021-03-26 00:00:00,1243381,22317
2021-03-27 00:00:00,1260105,16724
2021-03-28 00:00:00,1268321,8216
2021-03-29 00:00:00,1288391,20070
2021-03-30 00:00:00,1309803,21412
2021-03-31 00:00:00,1336326,26523
2021-04-01 00:00:00,1364415,28089
2021-04-02 00:00:00,1388000,23585
2021-04-03 00:00:00,1401575,13575
2021-04-04 00:00:00,1408186,6611
2021-04-05 00:00:00,1432216,24030
2021-04-06 00:00:00,1460022,27806
2021-04-07 00:00:00,1491877,31855
2021-04-08 00:00:00,1525343,33466
2021-04-09 00:00:00,1554404,29061
2021-04-10 00:00:00,1573554,19150
2021-04-11 00:00:00,1583633,10079
2021-04-12 00:00:00,1605094,21461
2021-04-13 00:00:00,1625033,19939
2021-04-14 00:00:00,1647118,22085
2021-04-15 00:00:00,1670757,23639
2021-04-16 00:00:00,1693482,22725
2021-04-17 00:00:00,1709244,15762
2021-04-18 00:00:00,1717635,8391
2021-04-19 00:00:00,1738187,20552
2021-04-20 00:00:00,1759222,21035
2021-04-21 00:00:00,1785177,25955
2021-04-22 00:00:00,1810315,25138
2021-04-23 00:00:00,1832449,22134
2021-04-24 00:00:00,1846345,13896
2021-04-25 00:00:00,1854166,7821
2021-04-26 00:00:00,1873513,19347
2021-04-27 00:00:00,1893468,19955
2021-04-28 00:00:00,1915351,21883
2021-04-29 00:00:00,1935090,19739
2021-04-30 00:00:00,1957069,21979
2021-05-01 00:00:00,1970828,13759
2021-05-02 00:00:00,1978662,7834
2021-05-03 00:00:00,1993313,14651
2021-05-04 00:00:00,2011960,18647
2021-05-05 00:00:00,2029400,17440
2021-05-06 00:00:00,2047332,17932
2021-05-07 00:00:00,2065509,18177
2021-05-08 00:00:00,2078224,12715
2021-05-09 00:00:00,2083123,4899
2021-05-10 00:00:00,2097019,13896
2021-05-11 00:00:00,2111915,14896
2021-05-12 00:00:00,2128723,16808
2021-05-13 00:00:00,2149128,20405
2021-05-14 00:00:00,2168321,19193
2021-05-15 00:00:00,2181951,13630
2021-05-16 00:00:00,2190740,8789
2021-05-17 00:00:00,2208505,17765
2021-05-18 00:00:00,2224974,16469
2021-05-19 00:00:00,2246912,21938
2021-05-20 00:00:00,2264134,17222
2021-05-21 00:00:00,2283155,19021
2021-05-22 00:00:00,2297340,14185
2021-05-23 00:00:00,2304354,7014
2021-05-24 00:00:00,2318579,14225
2021-05-25 00:00:00,2331393,12814
2021-05-26 00:00:00,2343867,12474
2021-05-27 00:00:00,2355982,12115
2021-05-28 00:00:00,2368969,12987
2021-05-29 00:00:00,2376828,7859
2021-05-30 00:00:00,2381732,4904
2021-05-31 00:00:00,2384238,2506
2021-06-01 00:00:00,2396419,12181
2021-06-02 00:00:00,2406889,10470
2021-06-03 00:00:00,2419700,12811
2021-06-04 00:00:00,2433620,13920
2021-06-05 00:00:00,2443836,10216
2021-06-06 00:00:00,2450135,6299
2021-06-07 00:00:00,2461826,11691
2021-06-08 00:00:00,2472630,10804
2021-06-09 00:00:00,2482510,9880
2021-06-10 00:00:00,2494235,11725
2021-06-11 00:00:00,2509369,15134
2021-06-12 00:00:00,2519218,9849
2021-06-13 00:00:00,2524079,4861
2021-06-14 00:00:00,2534695,10616
2021-06-15 00:00:00,2544454,9759
2021-06-16 00:00:00,2553479,9025
2021-06-17 00:00:00,2561984,8505
2021-06-18 00:00:00,2572343,10359
2021-06-19 00:00:00,2578002,5659
2021-06-20 00:00:00,2581560,3558
2021-06-21 00:00:00,2588040,6480
2021-06-22 00:00:00,2595200,7160
2021-06-23 00:00:00,2601943,6743
2021-06-24 00:00:00,2608397,6454
2021-06-25 00:00:00,2616278,7881
2021-06-26 00:00:00,2620498,4220
2021-06-27 00:00:00,2622682,2184
2021-06-28 00:00:00,2624014,1332
